<?xml version="1.0" encoding="ISO-8859-1" standalone="yes"?>
<!DOCTYPE skeleton [
    <!ELEMENT skeleton   (bones, init_pose)>
    <!ELEMENT bones      (bone+)>
    <!ELEMENT init_pose  (transform+)>
    <!ELEMENT bone        EMPTY>
    <!ELEMENT transform   EMPTY>
    <!ATTLIST transform name CDATA #REQUIRED>
    <!ATTLIST transform m00 CDATA #REQUIRED>
    <!ATTLIST transform m01 CDATA #REQUIRED>
    <!ATTLIST transform m02 CDATA #REQUIRED>
    <!ATTLIST transform m03 CDATA #REQUIRED>
    <!ATTLIST transform m10 CDATA #REQUIRED>
    <!ATTLIST transform m11 CDATA #REQUIRED>
    <!ATTLIST transform m12 CDATA #REQUIRED>
    <!ATTLIST transform m13 CDATA #REQUIRED>
    <!ATTLIST transform m20 CDATA #REQUIRED>
    <!ATTLIST transform m21 CDATA #REQUIRED>
    <!ATTLIST transform m22 CDATA #REQUIRED>
    <!ATTLIST transform m23 CDATA #REQUIRED>
    <!ATTLIST transform m30 CDATA #REQUIRED>
    <!ATTLIST transform m31 CDATA #REQUIRED>
    <!ATTLIST transform m32 CDATA #REQUIRED>
    <!ATTLIST transform m33 CDATA #REQUIRED>
    <!ATTLIST bone name CDATA #REQUIRED>
    <!ATTLIST bone parent CDATA #REQUIRED>
]>

<skeleton>
    <bones>
        <bone name='peon Pelvis' parent='peon'/>
        <bone name='peon Spine' parent='peon Pelvis'/>
        <bone name='peon L Thigh' parent='peon Spine'/>
        <bone name='peon L Calf' parent='peon L Thigh'/>
        <bone name='peon L Foot' parent='peon L Calf'/>
        <bone name='peon L Toe0' parent='peon L Foot'/>
        <bone name='peon Spine1' parent='peon Spine'/>
        <bone name='peon Spine2' parent='peon Spine1'/>
        <bone name='peon Neck' parent='peon Spine2'/>
        <bone name='peon L Clavicle' parent='peon Neck'/>
        <bone name='peon L UpperArm' parent='peon L Clavicle'/>
        <bone name='peon L Forearm' parent='peon L UpperArm'/>
        <bone name='peon L Hand' parent='peon L Forearm'/>
        <bone name='peon L Finger1' parent='peon L Hand'/>
        <bone name='peon L Finger11' parent='peon L Finger1'/>
        <bone name='peon L Finger0' parent='peon L Hand'/>
        <bone name='peon L Finger01' parent='peon L Finger0'/>
        <bone name='peon R Clavicle' parent='peon Neck'/>
        <bone name='peon R UpperArm' parent='peon R Clavicle'/>
        <bone name='peon R Forearm' parent='peon R UpperArm'/>
        <bone name='peon R Hand' parent='peon R Forearm'/>
        <bone name='peon Prop1' parent='peon R Hand'/>
        <bone name='peon Head' parent='peon Neck'/>
        <bone name='peon Ponytail1' parent='peon Head'/>
        <bone name='peon Tail' parent='peon Spine'/>
        <bone name='peon R Thigh' parent='peon Spine'/>
        <bone name='peon R Calf' parent='peon R Thigh'/>
        <bone name='peon R Foot' parent='peon R Calf'/>
        <bone name='peon R Toe0' parent='peon R Foot'/>
    </bones>
    <init_pose>
        <transform name='peon Pelvis'
            m00='2.936520786533947e-06' m10='-1.3868002497474663e-06' m20='-1.0' m30='0.0'
            m01='-1.0' m11='0.0' m21='-2.936520786533947e-06' m31='0.03262709826231003'
            m02='4.092726157978177e-12' m12='1.0' m22='-1.3868002497474663e-06' m32='0.45539599657058716'
            m03='0.0' m13='0.0' m23='0.0' m33='1.0'/>
        <transform name='peon Spine'
            m00='-1.0137797289644368e-05' m10='3.5587072488851845e-07' m20='1.0' m30='0.0'
            m01='0.9657195210456848' m11='-0.259587824344635' m21='9.88264764600899e-06' m31='0.07524079829454422'
            m02='0.2595878839492798' m12='0.9657194018363953' m22='2.2879778498463565e-06' m32='0.5913379192352295'
            m03='0.0' m13='0.0' m23='0.0' m33='1.0'/>
        <transform name='peon L Thigh'
            m00='-0.03838183730840683' m10='0.024897849187254906' m20='-0.9989529252052307' m30='0.12879300117492676'
            m01='0.9944390058517456' m11='-0.09715674072504044' m21='-0.04062989354133606' m31='0.03262721002101898'
            m02='-0.0980663001537323' m12='-0.9949575066566467' m22='-0.021030375733971596' m32='0.45539590716362'
            m03='0.0' m13='0.0' m23='0.0' m33='1.0'/>
        <transform name='peon L Calf'
            m00='0.018617089837789536' m10='0.025171343237161636' m20='-0.9995097517967224' m30='0.13296400010585785'
            m01='0.984650194644928' m11='0.17305508255958557' m21='0.022698529064655304' m31='0.016349904239177704'
            m02='0.17354196310043335' m12='-0.9845902323722839' m22='-0.021563198417425156' m32='0.28870391845703125'
            m03='0.0' m13='0.0' m23='0.0' m33='1.0'/>
        <transform name='peon L Foot'
            m00='-1.1175870895385742e-07' m10='-5.587935447692871e-09' m20='1.0' m30='0.1376499980688095'
            m01='-0.9999995827674866' m11='-5.529727786779404e-09' m21='-1.6763806343078613e-07' m31='0.048565711826086044'
            m02='-3.516324795782566e-07' m12='-0.9999998211860657' m22='1.6763806343078613e-08' m32='0.10541391372680664'
            m03='0.0' m13='0.0' m23='0.0' m33='1.0'/>
        <transform name='peon L Toe0'
            m00='-1.4836581385679892e-06' m10='1.3411040526989382e-06' m20='1.0' m30='0.1376499980688095'
            m01='3.63157653282542e-07' m11='-0.9999995827674866' m21='1.2852246982220095e-06' m31='-0.06316007673740387'
            m02='0.9999998211860657' m12='-5.838225736187752e-11' m22='1.5060095392982475e-06' m32='0.0027116239070892334'
            m03='0.0' m13='0.0' m23='0.0' m33='1.0'/>
        <transform name='peon Spine1'
            m00='-3.185880632372573e-05' m10='1.2057000731147127e-07' m20='1.0' m30='-1.7763568394002505e-14'
            m01='0.9961250424385071' m11='-0.08794881403446198' m21='3.174595258315094e-05' m31='0.0478099063038826'
            m02='0.08794890344142914' m12='0.9961249232292175' m22='2.68184317064879e-06' m32='0.6937059164047241'
            m03='0.0' m13='0.0' m23='0.0' m33='1.0'/>
        <transform name='peon Spine2'
            m00='3.2500061934115365e-05' m10='0.0' m20='1.0' m30='-1.9539925233402755e-14'
            m01='0.996263861656189' m11='0.08636235445737839' m21='-3.237864075344987e-05' m31='0.03857550770044327'
            m02='-0.08636225014925003' m12='0.9962638020515442' m22='2.806777274599881e-06' m32='0.799282968044281'
            m03='0.0' m13='0.0' m23='0.0' m33='1.0'/>
        <transform name='peon Neck'
            m00='-7.624385034432635e-06' m10='4.529501893557608e-07' m20='1.0' m30='-1.9539925233402755e-14'
            m01='0.9438408017158508' m11='-0.3304007351398468' m21='7.345861376961693e-06' m31='0.048192206770181656'
            m02='0.3304007947444916' m12='0.9438406825065613' m22='2.0915913410135545e-06' m32='0.9094499349594116'
            m03='0.0' m13='0.0' m23='0.0' m33='1.0'/>
        <transform name='peon L Clavicle'
            m00='1.3861040315532591e-06' m10='0.9999999403953552' m20='-5.3580606618197635e-09' m30='0.015079899691045284'
            m01='-1.0' m11='1.3861040315532591e-06' m21='2.981764879450566e-08' m31='0.04812341183423996'
            m02='-5.961710769497586e-08' m12='5.319407136994414e-09' m22='0.9999999403953552' m32='0.9094259738922119'
            m03='0.0' m13='0.0' m23='0.0' m33='1.0'/>
        <transform name='peon L UpperArm'
            m00='0.012938674539327621' m10='0.9990649223327637' m20='0.04125334694981575' m30='0.13562297821044922'
            m01='-0.999916136264801' m11='0.012907500378787518' m21='0.0010220035910606384' m31='0.04812351241707802'
            m02='0.0004884809022769332' m12='-0.04126310721039772' m22='0.9991480708122253' m32='0.9094259738922119'
            m03='0.0' m13='0.0' m23='0.0' m33='1.0'/>
        <transform name='peon L Forearm'
            m00='-0.027963152155280113' m10='0.9990063309669495' m20='0.03470369800925255' m30='0.3436029553413391'
            m01='-0.9996081590652466' m11='-0.02790321595966816' m21='-0.002210095524787903' m31='0.05081061273813248'
            m02='-0.0012396438978612423' m12='-0.03475189954042435' m22='0.9993951320648193' m32='0.9008359909057617'
            m03='0.0' m13='0.0' m23='0.0' m33='1.0'/>
        <transform name='peon L Hand'
            m00='-0.03218153864145279' m10='0.9976847171783447' m20='-0.05991222709417343' m30='0.5069890022277832'
            m01='0.8427507281303406' m11='0.059312980622053146' m21='0.5350261926651001' m31='0.04624701291322708'
            m02='0.5373411774635315' m12='-0.033273085951805115' m22='-0.8427082300186157' m32='0.8951519727706909'
            m03='0.0' m13='0.0' m23='0.0' m33='1.0'/>
        <transform name='peon L Finger1'
            m00='-0.03365891054272652' m10='0.9976846575737' m20='-0.05909488722681999' m30='0.6911429762840271'
            m01='0.8557726144790649' m11='0.05931299179792404' m21='0.5139407515525818' m31='0.05719501152634621'
            m02='0.5162560343742371' m12='-0.03327307477593422' m22='-0.8557875752449036' m32='0.889011025428772'
            m03='0.0' m13='0.0' m23='0.0' m33='1.0'/>
        <transform name='peon L Finger11'
            m00='0.721513569355011' m10='0.6862836480140686' m20='-0.0918290764093399' m30='0.7664620280265808'
            m01='0.6861429214477539' m11='-0.726466953754425' m21='-0.038125425577163696' m31='0.06167281046509743'
            m02='-0.09287552535533905' m12='-0.0354999303817749' m22='-0.9950445890426636' m32='0.8864989876747131'
            m03='0.0' m13='0.0' m23='0.0' m33='1.0'/>
        <transform name='peon L Finger0'
            m00='0.5706717371940613' m10='0.43279847502708435' m20='-0.6978676319122314' m30='0.5768689513206482'
            m01='-0.6749178171157837' m11='-0.23690712451934814' m21='-0.6988281607627869' m31='0.04185941815376282'
            m02='-0.4677816331386566' m12='0.869804859161377' m22='0.15690700709819794' m32='1.0371699333190918'
            m03='0.0' m13='0.0' m23='0.0' m33='1.0'/>
        <transform name='peon L Finger01'
            m00='0.6964051723480225' m10='0.5529052019119263' m20='-0.4575102925300598' m30='0.6176599264144897'
            m01='-0.08955174684524536' m11='-0.5655779838562012' m21='-0.8198182582855225' m31='0.01953081041574478'
            m02='-0.7120394706726074' m12='0.6118965744972229' m22='-0.344357967376709' m32='1.119149923324585'
            m03='0.0' m13='0.0' m23='0.0' m33='1.0'/>
        <transform name='peon R Clavicle'
            m00='1.3861031220585573e-06' m10='-1.0' m20='5.278025128063746e-09' m30='-0.015079899691045284'
            m01='-1.0' m11='-1.3861040315532591e-06' m21='1.787986150247889e-07' m31='0.0481233075261116'
            m02='-2.9803570100739307e-07' m12='-5.319407136994414e-09' m22='-0.9999999403953552' m32='0.9094259142875671'
            m03='0.0' m13='0.0' m23='0.0' m33='1.0'/>
        <transform name='peon R UpperArm'
            m00='-0.012935762293636799' m10='-0.9990649819374084' m20='0.04125334694981575' m30='-0.1356229931116104'
            m01='-0.999916136264801' m11='0.012904592789709568' m21='-0.0010217651724815369' m31='0.048123206943273544'
            m02='0.0004883328801952302' m12='-0.04126310348510742' m22='-0.9991481304168701' m32='0.9094259142875671'
            m03='0.0' m13='0.0' m23='0.0' m33='1.0'/>
        <transform name='peon R Forearm'
            m00='0.02796613797545433' m10='-0.9990062713623047' m20='0.03470368683338165' m30='-0.3436029553413391'
            m01='-0.999608039855957' m11='-0.02790619619190693' m21='0.002210334176197648' m31='0.05080960690975189'
            m02='-0.0012398089747875929' m12='-0.03475189954042435' m22='-0.9993951916694641' m32='0.9008359313011169'
            m03='0.0' m13='0.0' m23='0.0' m33='1.0'/>
        <transform name='peon R Hand'
            m00='-0.028535425662994385' m10='-0.999193549156189' m20='-0.028248872607946396' m30='-0.5069890022277832'
            m01='0.21556290984153748' m11='0.021444201469421387' m21='-0.9762543439865112' m31='0.0462455078959465'
            m02='0.9760729670524597' m12='-0.033947236835956573' m22='0.21477708220481873' m32='0.8951519131660461'
            m03='0.0' m13='0.0' m23='0.0' m33='1.0'/>
        <transform name='peon Prop1'
            m00='-0.9991138577461243' m10='-0.020676836371421814' m20='-0.03665703907608986' m30='-0.6110010147094727'
            m01='0.020676370710134506' m11='-0.9997859597206116' m21='0.00039295852184295654' m31='0.028435714542865753'
            m02='-0.036657314747571945' m12='-0.0003653913736343384' m22='0.9993278384208679' m32='0.6413899660110474'
            m03='0.0' m13='0.0' m23='0.0' m33='1.0'/>
        <transform name='peon Head'
            m00='-7.901644494268112e-08' m10='-1.3642420526593924e-12' m20='-1.0' m30='1.3500311979441904e-13'
            m01='-1.0' m11='1.4305268223324674e-06' m21='7.901553544797935e-08' m31='0.017928708344697952'
            m02='1.2814842875741306e-06' m12='0.9999997615814209' m22='-1.5916157281026244e-12' m32='0.9959019422531128'
            m03='0.0' m13='0.0' m23='0.0' m33='1.0'/>
        <transform name='peon Ponytail1'
            m00='0.003008306259289384' m10='0.008740397170186043' m20='-0.9999573230743408' m30='-1.7763568394002505e-15'
            m01='-0.9586917161941528' m11='0.28444692492485046' m21='-0.0003978762251790613' m31='-0.07806138694286346'
            m02='0.2844310998916626' m12='0.9586517810821533' m22='0.009235048666596413' m32='1.4313299655914307'
            m03='0.0' m13='0.0' m23='0.0' m33='1.0'/>
        <transform name='peon Tail'
            m00='0.00017536766245029867' m10='1.1368683772161603e-12' m20='-1.0' m30='1.1368683772161603e-13'
            m01='0.9989644289016724' m11='-0.045547276735305786' m21='0.000175185312400572' m31='-0.026818804442882538'
            m02='-0.04554794728755951' m12='-0.99896240234375' m22='-7.987493518157862e-06' m32='0.43085092306137085'
            m03='0.0' m13='0.0' m23='0.0' m33='1.0'/>
        <transform name='peon R Thigh'
            m00='0.03844154626131058' m10='-0.02489733137190342' m20='-0.9989506602287292' m30='-0.12879300117492676'
            m01='0.9944379329681396' m11='-0.09715660661458969' m21='0.040689434856176376' m31='0.03262690454721451'
            m02='-0.09806811809539795' m12='-0.9949578046798706' m22='0.0210239477455616' m32='0.4553959369659424'
            m03='0.0' m13='0.0' m23='0.0' m33='1.0'/>
        <transform name='peon R Calf'
            m00='-0.018651172518730164' m10='-0.025171807035803795' m20='-0.9995092153549194' m30='-0.13296400010585785'
            m01='0.9846507906913757' m11='0.17305508255958557' m21='-0.02273208647966385' m31='0.016349606215953827'
            m02='0.17354175448417664' m12='-0.9845907092094421' m22='0.02155773714184761' m32='0.28870391845703125'
            m03='0.0' m13='0.0' m23='0.0' m33='1.0'/>
        <transform name='peon R Foot'
            m00='-8.381903171539307e-08' m10='1.862645149230957e-09' m20='1.0000001192092896' m30='-0.1376499980688095'
            m01='-1.000001072883606' m11='-2.0372681319713593e-09' m21='-1.5459954738616943e-07' m31='0.048565298318862915'
            m02='4.4779153540730476e-07' m12='-1.000000238418579' m22='1.1175870895385742e-08' m32='0.10541391372680664'
            m03='0.0' m13='0.0' m23='0.0' m33='1.0'/>
        <transform name='peon R Toe0'
            m00='-1.4966964272389305e-06' m10='1.3411058716883417e-06' m20='1.0000001192092896' m30='-0.1376499980688095'
            m01='-4.7480028797508567e-07' m11='-1.000001072883606' m21='1.2703260381385917e-06' m31='-0.0631605014204979'
            m02='1.000000238418579' m12='7.561470893868716e-10' m22='1.506009766671923e-06' m32='0.0027116313576698303'
            m03='0.0' m13='0.0' m23='0.0' m33='1.0'/>
    </init_pose>
</skeleton>
