<?xml version="1.0" encoding="UTF-8" standalone="yes"?>

<!DOCTYPE skeleton [
	<!ELEMENT skeleton   (bones, init_pose)>
	<!ELEMENT bones      (bone+)>
	<!ELEMENT init_pose  (transform+)>
	<!ELEMENT bone        EMPTY>
	<!ELEMENT transform   EMPTY>
	<!ATTLIST transform name CDATA #REQUIRED>
	<!ATTLIST transform m00 CDATA #REQUIRED>
	<!ATTLIST transform m01 CDATA #REQUIRED>
	<!ATTLIST transform m02 CDATA #REQUIRED>
	<!ATTLIST transform m03 CDATA #REQUIRED>
	<!ATTLIST transform m10 CDATA #REQUIRED>
	<!ATTLIST transform m11 CDATA #REQUIRED>
	<!ATTLIST transform m12 CDATA #REQUIRED>
	<!ATTLIST transform m13 CDATA #REQUIRED>
	<!ATTLIST transform m20 CDATA #REQUIRED>
	<!ATTLIST transform m21 CDATA #REQUIRED>
	<!ATTLIST transform m22 CDATA #REQUIRED>
	<!ATTLIST transform m23 CDATA #REQUIRED>
	<!ATTLIST transform m30 CDATA #REQUIRED>
	<!ATTLIST transform m31 CDATA #REQUIRED>
	<!ATTLIST transform m32 CDATA #REQUIRED>
	<!ATTLIST transform m33 CDATA #REQUIRED>
	<!ATTLIST bone name CDATA #REQUIRED>
	<!ATTLIST bone parent CDATA #REQUIRED>
]>

<skeleton>
	<bones>
		<bone name="peon Head" parent="peon Neck"/>
		<bone name="peon L Calf" parent="peon L Thigh"/>
		<bone name="peon L Clavicle" parent="peon Neck"/>
		<bone name="peon L Finger0" parent="peon L Hand"/>
		<bone name="peon L Finger01" parent="peon L Finger0"/>
		<bone name="peon L Finger1" parent="peon L Hand"/>
		<bone name="peon L Finger11" parent="peon L Finger1"/>
		<bone name="peon L Foot" parent="peon L Calf"/>
		<bone name="peon L Forearm" parent="peon L UpperArm"/>
		<bone name="peon L Hand" parent="peon L Forearm"/>
		<bone name="peon L Thigh" parent="peon Spine"/>
		<bone name="peon L Toe0" parent="peon L Foot"/>
		<bone name="peon L UpperArm" parent="peon L Clavicle"/>
		<bone name="peon Neck" parent="peon Spine2"/>
		<bone name="peon Pelvis" parent=""/>
		<bone name="peon Ponytail1" parent="peon Head"/>
		<bone name="peon Prop1" parent="peon R Hand"/>
		<bone name="peon R Calf" parent="peon R Thigh"/>
		<bone name="peon R Clavicle" parent="peon Neck"/>
		<bone name="peon R Foot" parent="peon R Calf"/>
		<bone name="peon R Forearm" parent="peon R UpperArm"/>
		<bone name="peon R Hand" parent="peon R Forearm"/>
		<bone name="peon R Thigh" parent="peon Spine"/>
		<bone name="peon R Toe0" parent="peon R Foot"/>
		<bone name="peon R UpperArm" parent="peon R Clavicle"/>
		<bone name="peon Spine" parent="peon Pelvis"/>
		<bone name="peon Spine1" parent="peon Spine"/>
		<bone name="peon Spine2" parent="peon Spine1"/>
		<bone name="peon Tail" parent="peon Spine"/>
	</bones>
	<init_pose>
		<transform name="peon Head" m00="0" m01="1.34309e-06" m02="1" m03="0" m10="-1.40269e-06" m11="-1" m12="1.34309e-06" m13="0" m20="1" m21="-1.40269e-06" m22="0" m23="0" m30="0" m31="0.0179287" m32="0.995902" m33="1"/>
		<transform name="peon L Calf" m00="0.0251713" m01="0.173055" m02="-0.98459" m03="0" m10="0.00241384" m11="-0.98491" m12="-0.173049" m13="0" m20="-0.99968" m21="0.00197924" m22="-0.0252092" m23="0" m30="0.132964" m31="0.0163499" m32="0.288704" m33="1"/>
		<transform name="peon L Clavicle" m00="1" m01="1.3671e-06" m02="0" m03="0" m10="-1.36569e-06" m11="0.996195" m12="-0.0871557" m13="0" m20="0" m21="0.0871557" m22="0.996195" m23="0" m30="0.0150799" m31="0.0481234" m32="0.909426" m33="1"/>
		<transform name="peon L Finger0" m00="0.432798" m01="-0.236907" m02="0.869805" m03="0" m10="0.379438" m11="-0.827352" m12="-0.414145" m13="0" m20="0.817749" m21="0.509278" m22="-0.268185" m23="0" m30="0.576869" m31="0.0418594" m32="1.03717" m33="1"/>
		<transform name="peon L Finger01" m00="0.552905" m01="-0.565578" m02="0.611897" m03="0" m10="0.159946" m11="-0.648659" m12="-0.744083" m13="0" m20="0.817749" m21="0.509278" m22="-0.268185" m23="0" m30="0.61766" m31="0.0195308" m32="1.11915" m33="1"/>
		<transform name="peon L Finger1" m00="0.997685" m01="0.059313" m02="-0.033273" m03="0" m10="0.0587235" m11="-0.998104" m12="-0.0184228" m13="0" m20="-0.0343027" m21="0.0164263" m22="-0.999276" m23="0" m30="0.691143" m31="0.057195" m32="0.889011" m33="1"/>
		<transform name="peon L Finger11" m00="0.686284" m01="-0.726467" m02="-0.0355002" m03="0" m10="-0.726524" m11="-0.687005" m12="0.0136467" m13="0" m20="-0.0343027" m21="0.0164263" m22="-0.999276" m23="0" m30="0.766462" m31="0.0616728" m32="0.886499" m33="1"/>
		<transform name="peon L Foot" m00="0" m01="0" m02="-1" m03="0" m10="1.37091e-06" m11="-1" m12="0" m13="0" m20="-1" m21="-1.37091e-06" m22="0" m23="0" m30="0.13765" m31="0.0485657" m32="0.105414" m33="1"/>
		<transform name="peon L Forearm" m00="0.999006" m01="-0.0279032" m02="-0.0347521" m03="0" m10="0.0220651" m11="0.987144" m12="-0.158303" m13="0" m20="0.0387225" m21="0.157379" m22="0.986779" m23="0" m30="0.343603" m31="0.0508106" m32="0.900836" m33="1"/>
		<transform name="peon L Hand" m00="0.997685" m01="0.059313" m02="-0.033273" m03="0" m10="0.0586962" m11="-0.998091" m12="-0.0192185" m13="0" m20="-0.0343494" m21="0.0172211" m22="-0.999261" m23="0" m30="0.506989" m31="0.046247" m32="0.895152" m33="1"/>
		<transform name="peon L Thigh" m00="0.0248977" m01="-0.0971567" m02="-0.994958" m03="0" m10="-0.0044185" m11="-0.995267" m12="0.0970763" m13="0" m20="-0.99968" m21="0.00197924" m22="-0.0252092" m23="0" m30="0.128793" m31="0.0326272" m32="0.455396" m33="1"/>
		<transform name="peon L Toe0" m00="1.37091e-06" m01="-1" m02="0" m03="0" m10="0" m11="0" m12="1" m13="0" m20="-1" m21="-1.37091e-06" m22="0" m23="0" m30="0.13765" m31="-0.0631601" m32="0.00271171" m33="1"/>
		<transform name="peon L UpperArm" m00="0.999065" m01="0.0129075" m02="-0.0412632" m03="0" m10="-0.0192308" m11="0.987454" m12="-0.156732" m13="0" m20="0.0387225" m21="0.157379" m22="0.986779" m23="0" m30="0.135623" m31="0.0481235" m32="0.909426" m33="1"/>
		<transform name="peon Neck" m00="4.52949e-07" m01="-0.330401" m02="0.943841" m03="0" m10="-1.47968e-06" m11="-0.943841" m12="-0.330401" m13="0" m20="1" m21="-1.24693e-06" m22="-9.164e-07" m23="0" m30="0" m31="0.0481922" m32="0.90945" m33="1"/>
		<transform name="peon Pelvis" m00="-1.3868e-06" m01="0" m02="1" m03="0" m10="2.75771e-06" m11="-1" m12="0" m13="0" m20="1" m21="2.75771e-06" m22="1.3868e-06" m23="0" m30="0" m31="0.0326271" m32="0.455396" m33="1"/>
		<transform name="peon Ponytail1" m00="0.0087404" m01="0.284447" m02="0.958652" m03="0" m10="-0.00545173" m11="0.958688" m12="-0.284408" m13="0" m20="-0.999947" m21="-0.00274047" m22="0.00993005" m23="0" m30="0" m31="-0.0780614" m32="1.43133" m33="1"/>
		<transform name="peon Prop1" m00="-0.020677" m01="-0.999786" m02="-0.000365594" m03="0" m10="0.999786" m11="-0.0206766" m12="-0.000946059" m13="0" m20="0.000938297" m21="-0.000385077" m22="0.999999" m23="0" m30="-0.611001" m31="0.0284357" m32="0.64139" m33="1"/>
		<transform name="peon R Calf" m00="-0.0251718" m01="0.173055" m02="-0.98459" m03="0" m10="-0.00241096" m11="-0.98491" m12="-0.173049" m13="0" m20="-0.99968" m21="-0.00198215" m22="0.0252092" m23="0" m30="-0.132964" m31="0.0163496" m32="0.288704" m33="1"/>
		<transform name="peon R Clavicle" m00="-1" m01="-1.37472e-06" m02="0" m03="0" m10="-1.36569e-06" m11="0.996195" m12="-0.0871557" m13="0" m20="1.63194e-07" m21="-0.0871557" m22="-0.996195" m23="0" m30="-0.0150799" m31="0.0481233" m32="0.909426" m33="1"/>
		<transform name="peon R Foot" m00="0" m01="0" m02="-1" m03="0" m10="1.37091e-06" m11="-1" m12="0" m13="0" m20="-1" m21="-1.37091e-06" m22="0" m23="0" m30="-0.13765" m31="0.0485653" m32="0.105414" m33="1"/>
		<transform name="peon R Forearm" m00="-0.999006" m01="-0.0279062" m02="-0.0347521" m03="0" m10="-0.022068" m11="0.987144" m12="-0.158303" m13="0" m20="0.0387229" m21="-0.157379" m22="-0.986779" m23="0" m30="-0.343603" m31="0.0508096" m32="0.900836" m33="1"/>
		<transform name="peon R Hand" m00="-0.999193" m01="0.0214442" m02="-0.0339473" m03="0" m10="-0.0208437" m11="-0.999622" m12="-0.0179445" m13="0" m20="-0.0343192" m21="-0.0172225" m22="0.999263" m23="0" m30="-0.506989" m31="0.0462455" m32="0.895152" m33="1"/>
		<transform name="peon R Thigh" m00="-0.0248975" m01="-0.0971567" m02="-0.994958" m03="0" m10="0.0044214" m11="-0.995267" m12="0.0970763" m13="0" m20="-0.99968" m21="-0.00198215" m22="0.0252092" m23="0" m30="-0.128793" m31="0.0326269" m32="0.455396" m33="1"/>
		<transform name="peon R Toe0" m00="1.37091e-06" m01="-1" m02="0" m03="0" m10="0" m11="0" m12="1" m13="0" m20="-1" m21="-1.37091e-06" m22="0" m23="0" m30="-0.13765" m31="-0.0631605" m32="0.00271171" m33="1"/>
		<transform name="peon R UpperArm" m00="-0.999065" m01="0.0129046" m02="-0.0412632" m03="0" m10="0.0192279" m11="0.987454" m12="-0.156732" m13="0" m20="0.0387229" m21="-0.157379" m22="-0.986779" m23="0" m30="-0.135623" m31="0.0481232" m32="0.909426" m33="1"/>
		<transform name="peon Spine" m00="3.55871e-07" m01="-0.259588" m02="0.96572" m03="0" m10="-1.44969e-06" m11="-0.96572" m12="-0.259588" m13="0" m20="1" m21="-1.30761e-06" m22="-7.19993e-07" m23="0" m30="0" m31="0.0752408" m32="0.591338" m33="1"/>
		<transform name="peon Spine1" m00="1.2057e-07" m01="-0.0879488" m02="0.996125" m03="0" m10="-1.40801e-06" m11="-0.996125" m12="-0.0879488" m13="0" m20="1" m21="-1.39195e-06" m22="-2.43935e-07" m23="0" m30="0" m31="0.0478099" m32="0.693706" m33="1"/>
		<transform name="peon Spine2" m00="0" m01="0.0863624" m02="0.996264" m03="0" m10="-1.40782e-06" m11="-0.996264" m12="0.0863624" m13="0" m20="1" m21="-1.39233e-06" m22="2.39535e-07" m23="0" m30="0" m31="0.0385755" m32="0.799283" m33="1"/>
		<transform name="peon Tail" m00="0" m01="-0.0455473" m02="-0.998962" m03="0" m10="3.99225e-06" m11="-0.998962" m12="0.0455473" m13="0" m20="-1" m21="-3.99035e-06" m22="1.32745e-07" m23="0" m30="0" m31="-0.0268188" m32="0.430851" m33="1"/>
	</init_pose>
</skeleton>