<?xml version="1.0" encoding="ISO-8859-1" standalone="yes"?>
<!DOCTYPE animation [
    <!ELEMENT animation  (frame+)>
    <!ELEMENT frame      (transform+)>
    <!ELEMENT transform   EMPTY>
    <!ATTLIST frame index CDATA #REQUIRED>
    <!ATTLIST transform name CDATA #REQUIRED>
    <!ATTLIST transform m00 CDATA #REQUIRED>
    <!ATTLIST transform m01 CDATA #REQUIRED>
    <!ATTLIST transform m02 CDATA #REQUIRED>
    <!ATTLIST transform m03 CDATA #REQUIRED>
    <!ATTLIST transform m10 CDATA #REQUIRED>
    <!ATTLIST transform m11 CDATA #REQUIRED>
    <!ATTLIST transform m12 CDATA #REQUIRED>
    <!ATTLIST transform m13 CDATA #REQUIRED>
    <!ATTLIST transform m20 CDATA #REQUIRED>
    <!ATTLIST transform m21 CDATA #REQUIRED>
    <!ATTLIST transform m22 CDATA #REQUIRED>
    <!ATTLIST transform m23 CDATA #REQUIRED>
    <!ATTLIST transform m30 CDATA #REQUIRED>
    <!ATTLIST transform m31 CDATA #REQUIRED>
    <!ATTLIST transform m32 CDATA #REQUIRED>
    <!ATTLIST transform m33 CDATA #REQUIRED>
]>

<animation>
    <frame index="0">
        <transform name='peon Pelvis'
            m00='2.899854280258296e-06' m10='-1.3686410511581926e-06' m20='-1.0' m30='2.958048916923417e-08'
            m01='-0.9580674767494202' m11='0.2865426540374756' m21='-3.170429863530444e-06' m31='0.29901570081710815'
            m02='0.2865426540374756' m12='0.9580674767494202' m22='-4.80318590234674e-07' m32='0.346097856760025'
            m03='0.0' m13='0.0' m23='0.0' m33='1.0'/>
        <transform name='peon Spine'
            m00='-1.0097673111886252e-05' m10='3.6388934177011834e-07' m20='1.0' m30='3.361157041581464e-08'
            m01='0.999607503414154' m11='0.028017163276672363' m21='1.008351409836905e-05' m31='0.37879568338394165'
            m02='-0.028017133474349976' m12='0.9996073246002197' m22='-6.466540298788459e-07' m32='0.4641287624835968'
            m03='0.0' m13='0.0' m23='0.0' m33='1.0'/>
        <transform name='peon L Thigh'
            m00='-0.03838178887963295' m10='0.02489769086241722' m20='-0.9989529252052307' m30='0.12879303097724915'
            m01='-0.26460933685302734' m11='-0.9642558097839355' m21='-0.013866052031517029' m31='0.2990158498287201'
            m02='-0.9635913968086243' m12='0.26379966735839844' m22='0.0435979887843132' m32='0.3460976481437683'
            m03='0.0' m13='0.0' m23='0.0' m33='1.0'/>
        <transform name='peon L Calf'
            m00='0.01861712522804737' m10='0.025171272456645966' m20='-0.9995097517967224' m30='0.13296401500701904'
            m01='0.9485390782356262' m11='-0.31651097536087036' m21='0.009696874767541885' m31='0.1374676525592804'
            m02='-0.31611135601997375' m12='-0.9482547044754028' m22='-0.02976848930120468' m32='0.39029383659362793'
            m03='0.0' m13='0.0' m23='0.0' m33='1.0'/>
        <transform name='peon L Foot'
            m00='-1.341104507446289e-07' m10='-8.195638656616211e-08' m20='1.0' m30='0.1376499980688095'
            m01='-0.8794257044792175' m11='-0.4760356545448303' m21='-1.909211277961731e-07' m31='0.07854648679494858'
            m02='0.4760352671146393' m12='-0.8794258832931519' m22='3.3527612686157227e-08' m32='0.21376796066761017'
            m03='0.0' m13='0.0' m23='0.0' m33='1.0'/>
        <transform name='peon L Toe0'
            m00='-1.40728968744952e-06' m10='1.3187523109081667e-06' m20='1.0' m30='0.13764998316764832'
            m01='0.4760359823703766' m11='-0.8794255256652832' m21='1.7956981537281536e-06' m31='-0.06859803944826126'
            m02='0.8794257044792175' m12='0.47603556513786316' m22='6.515944619422953e-07' m32='0.17663437128067017'
            m03='0.0' m13='0.0' m23='0.0' m33='1.0'/>
        <transform name='peon Spine1'
            m00='0.06175107881426811' m10='0.005967817734926939' m20='0.9980737566947937' m30='8.155838315815345e-08'
            m01='0.9651961922645569' m11='-0.2549706697463989' m21='-0.058192383497953415' m31='0.3818477690219879'
            m02='0.2541321814060211' m12='0.9669302701950073' m22='-0.02150481566786766' m32='0.5700644850730896'
            m03='0.0' m13='0.0' m23='0.0' m33='1.0'/>
        <transform name='peon Spine2'
            m00='0.05984041839838028' m10='0.016605501994490623' m20='0.9980698227882385' m30='0.0006378992111422122'
            m01='0.9948041439056396' m11='-0.08349312841892242' m21='-0.05825549736618996' m31='0.3549096882343292'
            m02='0.08236455917358398' m12='0.9963699579238892' m22='-0.02151547186076641' m32='0.6725618839263916'
            m03='0.0' m13='0.0' m23='0.0' m33='1.0'/>
        <transform name='peon Neck'
            m00='0.06134364381432533' m10='-0.00942083727568388' m20='0.9980722665786743' m30='0.002478209789842367'
            m01='0.8727560043334961' m11='-0.4846729338169098' m21='-0.058216292411088943' m31='0.34574267268180847'
            m02='0.48428696393966675' m12='0.8746446967124939' m22='-0.021509498357772827' m32='0.7827517986297607'
            m03='0.0' m13='0.0' m23='0.0' m33='1.0'/>
        <transform name='peon L Clavicle'
            m00='-0.0610172301530838' m10='0.9980718493461609' m20='0.01137829851359129' m30='0.017524560913443565'
            m01='-0.9838786125183105' m11='-0.05822179839015007' m21='-0.16909494996070862' m31='0.34480106830596924'
            m02='-0.16810639202594757' m12='-0.021512554958462715' m22='0.9855340123176575' m32='0.782392144203186'
            m03='0.0' m13='0.0' m23='0.0' m33='1.0'/>
        <transform name='peon L UpperArm'
            m00='-0.5453165173530579' m10='0.3568302392959595' m20='-0.7584868669509888' m30='0.1378350704908371'
            m01='0.5604605674743652' m11='-0.5176470279693604' m21='-0.6464719176292419' m31='0.3377828598022461'
            m02='-0.6233090162277222' m12='-0.7776334285736084' m22='0.08229196071624756' m32='0.7797988653182983'
            m03='0.0' m13='0.0' m23='0.0' m33='1.0'/>
        <transform name='peon L Forearm'
            m00='-0.556824803352356' m10='0.32937029004096985' m20='-0.762536346912384' m30='0.21211817860603333'
            m01='0.5833116769790649' m11='-0.4985099732875824' m21='-0.6412767171859741' m31='0.2300218641757965'
            m02='-0.591349184513092' m12='-0.8018746972084045' m22='0.08545692265033722' m32='0.6179153919219971'
            m03='0.0' m13='0.0' m23='0.0' m33='1.0'/>
        <transform name='peon L Hand'
            m00='-0.006779611110687256' m10='0.49385035037994385' m20='0.8695206046104431' m30='0.26598647236824036'
            m01='-0.668992280960083' m11='-0.6485309600830078' m21='0.36312156915664673' m31='0.14849159121513367'
            m02='0.7432383894920349' m12='-0.5792405009269714' m22='0.33477887511253357' m32='0.4867699146270752'
            m03='0.0' m13='0.0' m23='0.0' m33='1.0'/>
        <transform name='peon L Finger1'
            m00='0.014807595871388912' m10='0.49385032057762146' m20='0.8694210052490234' m30='0.35714149475097656'
            m01='-0.6597719192504883' m11='-0.648530900478363' m21='0.3796168565750122' m31='0.028784506022930145'
            m02='0.751319944858551' m12='-0.5792404413223267' m22='0.31622540950775146' m32='0.37985295057296753'
            m03='0.0' m13='0.0' m23='0.0' m33='1.0'/>
        <transform name='peon L Finger11'
            m00='0.7233672142028809' m10='-0.02583324909210205' m20='0.6899802088737488' m30='0.3944242596626282'
            m01='-0.6871336698532104' m11='-0.12495812773704529' m21='0.7157045602798462' m31='-0.020175518468022346'
            m02='0.06772979348897934' m12='-0.9918254613876343' m22='-0.10814133286476135' m32='0.33612385392189026'
            m03='0.0' m13='0.0' m23='0.0' m33='1.0'/>
        <transform name='peon L Finger0'
            m00='0.27383187413215637' m10='-0.5798211097717285' m20='-0.7673485279083252' m30='0.18773198127746582'
            m01='0.20718921720981598' m11='-0.7435486316680908' m21='0.6357739567756653' m31='0.013605400919914246'
            m02='-0.9391956329345703' m12='-0.33308157324790955' m22='-0.08347462117671967' m32='0.4593188762664795'
            m03='0.0' m13='0.0' m23='0.0' m33='1.0'/>
        <transform name='peon L Finger01'
            m00='0.7992668151855469' m10='-0.4933665692806244' m20='-0.3431650996208191' m30='0.13308300077915192'
            m01='0.04426819086074829' m11='-0.5211289525032043' m21='0.8523294925689697' m31='-0.05647440627217293'
            m02='-0.5993436574935913' m12='-0.6964297294616699' m22='-0.39468032121658325' m32='0.4279261529445648'
            m03='0.0' m13='0.0' m23='0.0' m33='1.0'/>
        <transform name='peon R Clavicle'
            m00='-0.0610172338783741' m10='-0.9980719089508057' m20='-0.01137828454375267' m30='-0.012577089481055737'
            m01='-0.9838786125183105' m11='0.05822180211544037' m21='0.16909515857696533' m31='0.3465569317340851'
            m02='-0.1681065708398819' m12='0.021512556821107864' m22='-0.9855339527130127' m32='0.7830410003662109'
            m03='0.0' m13='0.0' m23='0.0' m33='1.0'/>
        <transform name='peon R UpperArm'
            m00='0.9608080387115479' m10='-0.2269556224346161' m20='-0.15918311476707458' m30='-0.13288727402687073'
            m01='0.04416676238179207' m11='-0.441562294960022' m21='0.896142840385437' m31='0.35357561707496643'
            m02='-0.2736739218235016' m12='-0.8680517077445984' m22='-0.41423267126083374' m32='0.7856341600418091'
            m03='0.0' m13='0.0' m23='0.0' m33='1.0'/>
        <transform name='peon R Forearm'
            m00='0.4987333118915558' m10='-0.29954442381858826' m20='-0.8133500814437866' m30='-0.18013377487659454'
            m01='0.5337523818016052' m11='-0.633212685585022' m21='0.5604909658432007' m31='0.2616536021232605'
            m02='-0.6829155683517456' m12='-0.71366286277771' m22='-0.15592172741889954' m32='0.6049278378486633'
            m03='0.0' m13='0.0' m23='0.0' m33='1.0'/>
        <transform name='peon R Hand'
            m00='0.8716992735862732' m10='-0.24727635085582733' m20='0.4230779707431793' m30='-0.22912423312664032'
            m01='-0.3879438042640686' m11='-0.8756992816925049' m21='0.2874898910522461' m31='0.15809278190135956'
            m02='0.29939955472946167' m12='-0.4147351384162903' m22='-0.8592756390571594' m32='0.488209068775177'
            m03='0.0' m13='0.0' m23='0.0' m33='1.0'/>
        <transform name='peon Prop1'
            m00='0.7359349727630615' m10='0.6637271642684937' m20='-0.1336650550365448' m30='-0.040933758020401'
            m01='-0.6536408066749573' m11='0.747970700263977' m21='0.11529750376939774' m31='0.1329685002565384'
            m02='0.1765035092830658' m12='0.0025175251066684723' m22='0.9842967987060547' m32='1.0633771419525146'
            m03='0.0' m13='0.0' m23='0.0' m33='1.0'/>
        <transform name='peon Head'
            m00='-0.061018671840429306' m10='0.011378386057913303' m20='-0.9980717897415161' m30='0.0016152504831552505'
            m01='-0.9838787913322449' m11='-0.1690935492515564' m21='0.05822324380278587' m31='0.3013484477996826'
            m02='-0.16810502111911774' m12='0.9855340719223022' m22='0.02151280827820301' m32='0.8628657460212708'
            m03='0.0' m13='0.0' m23='0.0' m33='1.0'/>
        <transform name='peon Ponytail1'
            m00='-0.052259188145399094' m10='0.03698793053627014' m20='-0.9979483485221863' m30='0.0007124991388991475'
            m01='-0.9915072917938232' m11='0.11724913120269775' m21='0.056267619132995605' m31='0.13327716290950775'
            m02='0.11908972263336182' m12='0.9924132823944092' m22='0.03054644539952278' m32='1.2758582830429077'
            m03='0.0' m13='0.0' m23='0.0' m33='1.0'/>
        <transform name='peon Tail'
            m00='0.00017545363516546786' m10='-1.7197453416883945e-07' m20='-1.0' m30='2.6954934284617593e-08'
            m01='0.03199813887476921' m11='-0.9994898438453674' m21='5.785390385426581e-06' m31='0.23502928018569946'
            m02='-0.9994885921478271' m12='-0.031996358186006546' m22='-0.00017535807273816317' m32='0.33961573243141174'
            m03='0.0' m13='0.0' m23='0.0' m33='1.0'/>
        <transform name='peon R Thigh'
            m00='0.03844159469008446' m10='-0.024897458031773567' m20='-0.9989506602287292' m30='-0.12879297137260437'
            m01='-0.17278940975666046' m11='-0.9847971200942993' m21='0.017895478755235672' m31='0.2990156412124634'
            m02='-0.9842085242271423' m12='0.17192097008228302' m22='-0.04215921834111214' m32='0.34609779715538025'
            m03='0.0' m13='0.0' m23='0.0' m33='1.0'/>
        <transform name='peon R Calf'
            m00='-0.018651150166988373' m10='-0.025171881541609764' m20='-0.9995092153549194' m30='-0.13296398520469666'
            m01='0.9466841220855713' m11='-0.3220244348049164' m21='-0.00955541804432869' m31='0.1340257227420807'
            m02='-0.32162654399871826' m12='-0.9463969469070435' m22='0.02983589470386505' m32='0.37490078806877136'
            m03='0.0' m13='0.0' m23='0.0' m33='1.0'/>
        <transform name='peon R Foot'
            m00='-9.313225746154785e-08' m10='-7.450580596923828e-08' m20='1.0000001192092896' m30='-0.1376499980688095'
            m01='-0.8766416907310486' m11='-0.48114585876464844' m21='-1.778826117515564e-07' m31='0.07407811284065247'
            m02='0.4811463952064514' m12='-0.8766409754753113' m22='1.6763806343078613e-08' m32='0.19872087240219116'
            m03='0.0' m13='0.0' m23='0.0' m33='1.0'/>
        <transform name='peon R Toe0'
            m00='-1.4203279761204612e-06' m10='1.331792645942187e-06' m20='1.0000001192092896' m30='-0.1376499980688095'
            m01='0.481145441532135' m11='-0.8766419291496277' m21='1.7904985725181177e-06' m31='-0.07328006625175476'
            m02='0.8766412138938904' m12='0.4811460077762604' m22='6.415996267605806e-07' m32='0.16244423389434814'
            m03='0.0' m13='0.0' m23='0.0' m33='1.0'/>
    </frame>
    <frame index="1">
        <transform name='peon Pelvis'
            m00='2.899854280258296e-06' m10='-1.3686410511581926e-06' m20='-1.0' m30='2.958048916923417e-08'
            m01='-0.9580674767494202' m11='0.2865426540374756' m21='-3.170429863530444e-06' m31='0.29901570081710815'
            m02='0.2865426540374756' m12='0.9580674767494202' m22='-4.80318590234674e-07' m32='0.346097856760025'
            m03='0.0' m13='0.0' m23='0.0' m33='1.0'/>
        <transform name='peon Spine'
            m00='-1.0097673111886252e-05' m10='3.6388934177011834e-07' m20='1.0' m30='3.361157041581464e-08'
            m01='0.999607503414154' m11='0.028017163276672363' m21='1.008351409836905e-05' m31='0.37879568338394165'
            m02='-0.028017133474349976' m12='0.9996073246002197' m22='-6.466540298788459e-07' m32='0.4641287624835968'
            m03='0.0' m13='0.0' m23='0.0' m33='1.0'/>
        <transform name='peon L Thigh'
            m00='-0.03838178887963295' m10='0.02489769086241722' m20='-0.9989529252052307' m30='0.12879303097724915'
            m01='-0.26460933685302734' m11='-0.9642558097839355' m21='-0.013866052031517029' m31='0.2990158498287201'
            m02='-0.9635913968086243' m12='0.26379966735839844' m22='0.0435979887843132' m32='0.3460976481437683'
            m03='0.0' m13='0.0' m23='0.0' m33='1.0'/>
        <transform name='peon L Calf'
            m00='0.01861712522804737' m10='0.025171272456645966' m20='-0.9995097517967224' m30='0.13296401500701904'
            m01='0.9485390782356262' m11='-0.31651097536087036' m21='0.009696874767541885' m31='0.1374676525592804'
            m02='-0.31611135601997375' m12='-0.9482547044754028' m22='-0.02976848930120468' m32='0.39029383659362793'
            m03='0.0' m13='0.0' m23='0.0' m33='1.0'/>
        <transform name='peon L Foot'
            m00='-1.341104507446289e-07' m10='-8.195638656616211e-08' m20='1.0' m30='0.1376499980688095'
            m01='-0.8794257044792175' m11='-0.4760356545448303' m21='-1.909211277961731e-07' m31='0.07854648679494858'
            m02='0.4760352671146393' m12='-0.8794258832931519' m22='3.3527612686157227e-08' m32='0.21376796066761017'
            m03='0.0' m13='0.0' m23='0.0' m33='1.0'/>
        <transform name='peon L Toe0'
            m00='-1.40728968744952e-06' m10='1.3187523109081667e-06' m20='1.0' m30='0.13764998316764832'
            m01='0.4760359823703766' m11='-0.8794255256652832' m21='1.7956981537281536e-06' m31='-0.06859803944826126'
            m02='0.8794257044792175' m12='0.47603556513786316' m22='6.515944619422953e-07' m32='0.17663437128067017'
            m03='0.0' m13='0.0' m23='0.0' m33='1.0'/>
        <transform name='peon Spine1'
            m00='0.06175107881426811' m10='0.005967817734926939' m20='0.9980737566947937' m30='8.155838315815345e-08'
            m01='0.9651961922645569' m11='-0.2549706697463989' m21='-0.058192383497953415' m31='0.3818477690219879'
            m02='0.2541321814060211' m12='0.9669302701950073' m22='-0.02150481566786766' m32='0.5700644850730896'
            m03='0.0' m13='0.0' m23='0.0' m33='1.0'/>
        <transform name='peon Spine2'
            m00='0.05984041839838028' m10='0.016605501994490623' m20='0.9980698227882385' m30='0.0006378992111422122'
            m01='0.9948041439056396' m11='-0.08349312841892242' m21='-0.05825549736618996' m31='0.3549096882343292'
            m02='0.08236455917358398' m12='0.9963699579238892' m22='-0.02151547186076641' m32='0.6725618839263916'
            m03='0.0' m13='0.0' m23='0.0' m33='1.0'/>
        <transform name='peon Neck'
            m00='0.06134364381432533' m10='-0.00942083727568388' m20='0.9980722665786743' m30='0.002478209789842367'
            m01='0.8727560043334961' m11='-0.4846729338169098' m21='-0.058216292411088943' m31='0.34574267268180847'
            m02='0.48428696393966675' m12='0.8746446967124939' m22='-0.021509498357772827' m32='0.7827517986297607'
            m03='0.0' m13='0.0' m23='0.0' m33='1.0'/>
        <transform name='peon L Clavicle'
            m00='-0.0610172301530838' m10='0.9980718493461609' m20='0.01137829851359129' m30='0.017524560913443565'
            m01='-0.9838786125183105' m11='-0.05822179839015007' m21='-0.16909494996070862' m31='0.34480106830596924'
            m02='-0.16810639202594757' m12='-0.021512554958462715' m22='0.9855340123176575' m32='0.782392144203186'
            m03='0.0' m13='0.0' m23='0.0' m33='1.0'/>
        <transform name='peon L UpperArm'
            m00='-0.5453165173530579' m10='0.3568302392959595' m20='-0.7584868669509888' m30='0.1378350704908371'
            m01='0.5604605674743652' m11='-0.5176470279693604' m21='-0.6464719176292419' m31='0.3377828598022461'
            m02='-0.6233090162277222' m12='-0.7776334285736084' m22='0.08229196071624756' m32='0.7797988653182983'
            m03='0.0' m13='0.0' m23='0.0' m33='1.0'/>
        <transform name='peon L Forearm'
            m00='-0.556824803352356' m10='0.32937029004096985' m20='-0.762536346912384' m30='0.21211817860603333'
            m01='0.5833116769790649' m11='-0.4985099732875824' m21='-0.6412767171859741' m31='0.2300218641757965'
            m02='-0.591349184513092' m12='-0.8018746972084045' m22='0.08545692265033722' m32='0.6179153919219971'
            m03='0.0' m13='0.0' m23='0.0' m33='1.0'/>
        <transform name='peon L Hand'
            m00='-0.006779611110687256' m10='0.49385035037994385' m20='0.8695206046104431' m30='0.26598647236824036'
            m01='-0.668992280960083' m11='-0.6485309600830078' m21='0.36312156915664673' m31='0.14849159121513367'
            m02='0.7432383894920349' m12='-0.5792405009269714' m22='0.33477887511253357' m32='0.4867699146270752'
            m03='0.0' m13='0.0' m23='0.0' m33='1.0'/>
        <transform name='peon L Finger1'
            m00='0.014807595871388912' m10='0.49385032057762146' m20='0.8694210052490234' m30='0.35714149475097656'
            m01='-0.6597719192504883' m11='-0.648530900478363' m21='0.3796168565750122' m31='0.028784506022930145'
            m02='0.751319944858551' m12='-0.5792404413223267' m22='0.31622540950775146' m32='0.37985295057296753'
            m03='0.0' m13='0.0' m23='0.0' m33='1.0'/>
        <transform name='peon L Finger11'
            m00='0.7233672142028809' m10='-0.02583324909210205' m20='0.6899802088737488' m30='0.3944242596626282'
            m01='-0.6871336698532104' m11='-0.12495812773704529' m21='0.7157045602798462' m31='-0.020175518468022346'
            m02='0.06772979348897934' m12='-0.9918254613876343' m22='-0.10814133286476135' m32='0.33612385392189026'
            m03='0.0' m13='0.0' m23='0.0' m33='1.0'/>
        <transform name='peon L Finger0'
            m00='0.27383187413215637' m10='-0.5798211097717285' m20='-0.7673485279083252' m30='0.18773198127746582'
            m01='0.20718921720981598' m11='-0.7435486316680908' m21='0.6357739567756653' m31='0.013605400919914246'
            m02='-0.9391956329345703' m12='-0.33308157324790955' m22='-0.08347462117671967' m32='0.4593188762664795'
            m03='0.0' m13='0.0' m23='0.0' m33='1.0'/>
        <transform name='peon L Finger01'
            m00='0.7992668151855469' m10='-0.4933665692806244' m20='-0.3431650996208191' m30='0.13308300077915192'
            m01='0.04426819086074829' m11='-0.5211289525032043' m21='0.8523294925689697' m31='-0.05647440627217293'
            m02='-0.5993436574935913' m12='-0.6964297294616699' m22='-0.39468032121658325' m32='0.4279261529445648'
            m03='0.0' m13='0.0' m23='0.0' m33='1.0'/>
        <transform name='peon R Clavicle'
            m00='-0.0610172338783741' m10='-0.9980719089508057' m20='-0.01137828454375267' m30='-0.012577089481055737'
            m01='-0.9838786125183105' m11='0.05822180211544037' m21='0.16909515857696533' m31='0.3465569317340851'
            m02='-0.1681065708398819' m12='0.021512556821107864' m22='-0.9855339527130127' m32='0.7830410003662109'
            m03='0.0' m13='0.0' m23='0.0' m33='1.0'/>
        <transform name='peon R UpperArm'
            m00='0.9608080387115479' m10='-0.2269556224346161' m20='-0.15918311476707458' m30='-0.13288727402687073'
            m01='0.04416676238179207' m11='-0.441562294960022' m21='0.896142840385437' m31='0.35357561707496643'
            m02='-0.2736739218235016' m12='-0.8680517077445984' m22='-0.41423267126083374' m32='0.7856341600418091'
            m03='0.0' m13='0.0' m23='0.0' m33='1.0'/>
        <transform name='peon R Forearm'
            m00='0.4987333118915558' m10='-0.29954442381858826' m20='-0.8133500814437866' m30='-0.18013377487659454'
            m01='0.5337523818016052' m11='-0.633212685585022' m21='0.5604909658432007' m31='0.2616536021232605'
            m02='-0.6829155683517456' m12='-0.71366286277771' m22='-0.15592172741889954' m32='0.6049278378486633'
            m03='0.0' m13='0.0' m23='0.0' m33='1.0'/>
        <transform name='peon R Hand'
            m00='0.8716992735862732' m10='-0.24727635085582733' m20='0.4230779707431793' m30='-0.22912423312664032'
            m01='-0.3879438042640686' m11='-0.8756992816925049' m21='0.2874898910522461' m31='0.15809278190135956'
            m02='0.29939955472946167' m12='-0.4147351384162903' m22='-0.8592756390571594' m32='0.488209068775177'
            m03='0.0' m13='0.0' m23='0.0' m33='1.0'/>
        <transform name='peon Prop1'
            m00='0.7359349727630615' m10='0.6637271642684937' m20='-0.1336650550365448' m30='-0.040933758020401'
            m01='-0.6536408066749573' m11='0.747970700263977' m21='0.11529750376939774' m31='0.1329685002565384'
            m02='0.1765035092830658' m12='0.0025175251066684723' m22='0.9842967987060547' m32='1.0633771419525146'
            m03='0.0' m13='0.0' m23='0.0' m33='1.0'/>
        <transform name='peon Head'
            m00='-0.061018671840429306' m10='0.011378386057913303' m20='-0.9980717897415161' m30='0.0016152504831552505'
            m01='-0.9838787913322449' m11='-0.1690935492515564' m21='0.05822324380278587' m31='0.3013484477996826'
            m02='-0.16810502111911774' m12='0.9855340719223022' m22='0.02151280827820301' m32='0.8628657460212708'
            m03='0.0' m13='0.0' m23='0.0' m33='1.0'/>
        <transform name='peon Ponytail1'
            m00='-0.052259188145399094' m10='0.03698793053627014' m20='-0.9979483485221863' m30='0.0007124991388991475'
            m01='-0.9915072917938232' m11='0.11724913120269775' m21='0.056267619132995605' m31='0.13327716290950775'
            m02='0.11908972263336182' m12='0.9924132823944092' m22='0.03054644539952278' m32='1.2758582830429077'
            m03='0.0' m13='0.0' m23='0.0' m33='1.0'/>
        <transform name='peon Tail'
            m00='0.00017545363516546786' m10='-1.7197453416883945e-07' m20='-1.0' m30='2.6954934284617593e-08'
            m01='0.03199813887476921' m11='-0.9994898438453674' m21='5.785390385426581e-06' m31='0.23502928018569946'
            m02='-0.9994885921478271' m12='-0.031996358186006546' m22='-0.00017535807273816317' m32='0.33961573243141174'
            m03='0.0' m13='0.0' m23='0.0' m33='1.0'/>
        <transform name='peon R Thigh'
            m00='0.03844159469008446' m10='-0.024897458031773567' m20='-0.9989506602287292' m30='-0.12879297137260437'
            m01='-0.17278940975666046' m11='-0.9847971200942993' m21='0.017895478755235672' m31='0.2990156412124634'
            m02='-0.9842085242271423' m12='0.17192097008228302' m22='-0.04215921834111214' m32='0.34609779715538025'
            m03='0.0' m13='0.0' m23='0.0' m33='1.0'/>
        <transform name='peon R Calf'
            m00='-0.018651150166988373' m10='-0.025171881541609764' m20='-0.9995092153549194' m30='-0.13296398520469666'
            m01='0.9466841220855713' m11='-0.3220244348049164' m21='-0.00955541804432869' m31='0.1340257227420807'
            m02='-0.32162654399871826' m12='-0.9463969469070435' m22='0.02983589470386505' m32='0.37490078806877136'
            m03='0.0' m13='0.0' m23='0.0' m33='1.0'/>
        <transform name='peon R Foot'
            m00='-9.313225746154785e-08' m10='-7.450580596923828e-08' m20='1.0000001192092896' m30='-0.1376499980688095'
            m01='-0.8766416907310486' m11='-0.48114585876464844' m21='-1.778826117515564e-07' m31='0.07407811284065247'
            m02='0.4811463952064514' m12='-0.8766409754753113' m22='1.6763806343078613e-08' m32='0.19872087240219116'
            m03='0.0' m13='0.0' m23='0.0' m33='1.0'/>
        <transform name='peon R Toe0'
            m00='-1.4203279761204612e-06' m10='1.331792645942187e-06' m20='1.0000001192092896' m30='-0.1376499980688095'
            m01='0.481145441532135' m11='-0.8766419291496277' m21='1.7904985725181177e-06' m31='-0.07328006625175476'
            m02='0.8766412138938904' m12='0.4811460077762604' m22='6.415996267605806e-07' m32='0.16244423389434814'
            m03='0.0' m13='0.0' m23='0.0' m33='1.0'/>
    </frame>
    <frame index="2">
        <transform name='peon Pelvis'
            m00='2.899854280258296e-06' m10='-1.3686410511581926e-06' m20='-1.0' m30='2.958048916923417e-08'
            m01='-0.9580674767494202' m11='0.2865426540374756' m21='-3.170429863530444e-06' m31='0.29901570081710815'
            m02='0.2865426540374756' m12='0.9580674767494202' m22='-4.80318590234674e-07' m32='0.346097856760025'
            m03='0.0' m13='0.0' m23='0.0' m33='1.0'/>
        <transform name='peon Spine'
            m00='-1.0097673111886252e-05' m10='3.6388934177011834e-07' m20='1.0' m30='3.361157041581464e-08'
            m01='0.999607503414154' m11='0.028017163276672363' m21='1.008351409836905e-05' m31='0.37879568338394165'
            m02='-0.028017133474349976' m12='0.9996073246002197' m22='-6.466540298788459e-07' m32='0.4641287624835968'
            m03='0.0' m13='0.0' m23='0.0' m33='1.0'/>
        <transform name='peon L Thigh'
            m00='-0.03838178887963295' m10='0.02489769086241722' m20='-0.9989529252052307' m30='0.12879303097724915'
            m01='-0.26460933685302734' m11='-0.9642558097839355' m21='-0.013866052031517029' m31='0.2990158498287201'
            m02='-0.9635913968086243' m12='0.26379966735839844' m22='0.0435979887843132' m32='0.3460976481437683'
            m03='0.0' m13='0.0' m23='0.0' m33='1.0'/>
        <transform name='peon L Calf'
            m00='0.018571851775050163' m10='0.025269614532589912' m20='-0.9995080828666687' m30='0.13296401500701904'
            m01='0.9485508799552917' m11='-0.3164779841899872' m21='0.009623831138014793' m31='0.1374676525592804'
            m02='-0.31607869267463684' m12='-0.9482631087303162' m22='-0.029847122728824615' m32='0.39029383659362793'
            m03='0.0' m13='0.0' m23='0.0' m33='1.0'/>
        <transform name='peon L Foot'
            m00='2.738647162914276e-05' m10='0.00010463781654834747' m20='0.9999999403953552' m30='0.13766831159591675'
            m01='-0.8794413805007935' m11='-0.47600677609443665' m21='7.386691868305206e-05' m31='0.07855262607336044'
            m02='0.47600632905960083' m12='-0.8794415593147278' m22='7.902458310127258e-05' m32='0.21376639604568481'
            m03='0.0' m13='0.0' m23='0.0' m33='1.0'/>
        <transform name='peon L Toe0'
            m00='-0.00010612706682877615' m10='2.8839298465754837e-05' m20='0.9999999403953552' m30='0.13768213987350464'
            m01='0.4760071039199829' m11='-0.8794412016868591' m21='7.585351704619825e-05' m31='-0.0685906782746315'
            m02='0.8794413805007935' m12='0.4760066270828247' m22='7.964271208038554e-05' m32='0.1766279637813568'
            m03='0.0' m13='0.0' m23='0.0' m33='1.0'/>
        <transform name='peon Spine1'
            m00='0.06175107881426811' m10='0.005967817734926939' m20='0.9980737566947937' m30='8.155838315815345e-08'
            m01='0.9651961922645569' m11='-0.2549706697463989' m21='-0.058192383497953415' m31='0.3818477690219879'
            m02='0.2541321814060211' m12='0.9669302701950073' m22='-0.02150481566786766' m32='0.5700644850730896'
            m03='0.0' m13='0.0' m23='0.0' m33='1.0'/>
        <transform name='peon Spine2'
            m00='0.05984041839838028' m10='0.016605501994490623' m20='0.9980698227882385' m30='0.0006378992111422122'
            m01='0.9948041439056396' m11='-0.08349312841892242' m21='-0.05825549736618996' m31='0.3549096882343292'
            m02='0.08236455917358398' m12='0.9963699579238892' m22='-0.02151547186076641' m32='0.6725618839263916'
            m03='0.0' m13='0.0' m23='0.0' m33='1.0'/>
        <transform name='peon Neck'
            m00='0.06134364381432533' m10='-0.00942083727568388' m20='0.9980722665786743' m30='0.002478209789842367'
            m01='0.8727560043334961' m11='-0.4846729338169098' m21='-0.058216292411088943' m31='0.34574267268180847'
            m02='0.48428696393966675' m12='0.8746446967124939' m22='-0.021509498357772827' m32='0.7827517986297607'
            m03='0.0' m13='0.0' m23='0.0' m33='1.0'/>
        <transform name='peon L Clavicle'
            m00='-0.0610172301530838' m10='0.9980718493461609' m20='0.01137829851359129' m30='0.017524560913443565'
            m01='-0.9838786125183105' m11='-0.05822179839015007' m21='-0.16909494996070862' m31='0.34480106830596924'
            m02='-0.16810639202594757' m12='-0.021512554958462715' m22='0.9855340123176575' m32='0.782392144203186'
            m03='0.0' m13='0.0' m23='0.0' m33='1.0'/>
        <transform name='peon L UpperArm'
            m00='-0.5453165173530579' m10='0.3568302392959595' m20='-0.7584868669509888' m30='0.1378350704908371'
            m01='0.5604605674743652' m11='-0.5176470279693604' m21='-0.6464719176292419' m31='0.3377828598022461'
            m02='-0.6233090162277222' m12='-0.7776334285736084' m22='0.08229196071624756' m32='0.7797988653182983'
            m03='0.0' m13='0.0' m23='0.0' m33='1.0'/>
        <transform name='peon L Forearm'
            m00='-0.5568153858184814' m10='0.3293827474117279' m20='-0.7625378370285034' m30='0.21211817860603333'
            m01='0.5832943916320801' m11='-0.4985337257385254' m21='-0.6412740349769592' m31='0.2300218641757965'
            m02='-0.5913751721382141' m12='-0.8018547892570496' m22='0.08546388149261475' m32='0.6179153919219971'
            m03='0.0' m13='0.0' m23='0.0' m33='1.0'/>
        <transform name='peon L Hand'
            m00='-0.006676888093352318' m10='0.4938662052154541' m20='0.8695123791694641' m30='0.2659884989261627'
            m01='-0.6688929200172424' m11='-0.6485684514045715' m21='0.3632379174232483' m31='0.14848770201206207'
            m02='0.7433288097381592' m12='-0.5791850090026855' m22='0.33467409014701843' m32='0.48677313327789307'
            m03='0.0' m13='0.0' m23='0.0' m33='1.0'/>
        <transform name='peon L Finger1'
            m00='0.014910084195435047' m10='0.4938661754131317' m20='0.8694102168083191' m30='0.3571464419364929'
            m01='-0.6596697568893433' m11='-0.6485683917999268' m21='0.3797307014465332' m31='0.02877369523048401'
            m02='0.7514077425003052' m12='-0.5791849493980408' m22='0.31611841917037964' m32='0.37986642122268677'
            m03='0.0' m13='0.0' m23='0.0' m33='1.0'/>
        <transform name='peon L Finger11'
            m00='0.7234278917312622' m10='-0.025886893272399902' m20='0.6899145841598511' m30='0.3944304287433624'
            m01='-0.6870653629302979' m11='-0.12509365379810333' m21='0.7157466411590576' m31='-0.020189160481095314'
            m02='0.06777571141719818' m12='-0.9918069243431091' m22='-0.10828199982643127' m32='0.33614152669906616'
            m03='0.0' m13='0.0' m23='0.0' m33='1.0'/>
        <transform name='peon L Finger0'
            m00='0.27375438809394836' m10='-0.5797815918922424' m20='-0.7674060463905334' m30='0.18774329125881195'
            m01='0.20708538591861725' m11='-0.7436410784721375' m21='0.6356998682022095' m31='0.013591401278972626'
            m02='-0.9392411112785339' m12='-0.33294424414634705' m22='-0.08351078629493713' m32='0.4593452513217926'
            m03='0.0' m13='0.0' m23='0.0' m33='1.0'/>
        <transform name='peon L Finger01'
            m00='0.7992245554924011' m10='-0.4933687448501587' m20='-0.34326043725013733' m30='0.1330980360507965'
            m01='0.04425317049026489' m11='-0.5212631225585938' m21='0.8522483110427856' m31='-0.05649712309241295'
            m02='-0.5994011163711548' m12='-0.6963278651237488' m22='-0.39477288722991943' m32='0.4279654622077942'
            m03='0.0' m13='0.0' m23='0.0' m33='1.0'/>
        <transform name='peon R Clavicle'
            m00='-0.0610172338783741' m10='-0.9980719089508057' m20='-0.01137828454375267' m30='-0.012577089481055737'
            m01='-0.9838786125183105' m11='0.05822180211544037' m21='0.16909515857696533' m31='0.3465569317340851'
            m02='-0.1681065708398819' m12='0.021512556821107864' m22='-0.9855339527130127' m32='0.7830410003662109'
            m03='0.0' m13='0.0' m23='0.0' m33='1.0'/>
        <transform name='peon R UpperArm'
            m00='0.9608080387115479' m10='-0.2269556224346161' m20='-0.15918311476707458' m30='-0.13288727402687073'
            m01='0.04416676238179207' m11='-0.441562294960022' m21='0.896142840385437' m31='0.35357561707496643'
            m02='-0.2736739218235016' m12='-0.8680517077445984' m22='-0.41423267126083374' m32='0.7856341600418091'
            m03='0.0' m13='0.0' m23='0.0' m33='1.0'/>
        <transform name='peon R Forearm'
            m00='0.49885591864585876' m10='-0.2996036112308502' m20='-0.8132530450820923' m30='-0.18013377487659454'
            m01='0.5335968136787415' m11='-0.6332460641860962' m21='0.5606013536453247' m31='0.2616536021232605'
            m02='-0.6829473972320557' m12='-0.71360844373703' m22='-0.1560310274362564' m32='0.6049278378486633'
            m03='0.0' m13='0.0' m23='0.0' m33='1.0'/>
        <transform name='peon R Hand'
            m00='0.8716211915016174' m10='-0.24739058315753937' m20='0.42317184805870056' m30='-0.22913390398025513'
            m01='-0.38804715871810913' m11='-0.87570720911026' m21='0.2873263657093048' m31='0.1580873280763626'
            m02='0.2994927167892456' m12='-0.4146503806114197' m22='-0.859283983707428' m32='0.48821794986724854'
            m03='0.0' m13='0.0' m23='0.0' m33='1.0'/>
        <transform name='peon Prop1'
            m00='0.7359782457351685' m10='0.6637085676193237' m20='-0.13351795077323914' m30='-0.04094913601875305'
            m01='-0.6536273956298828' m11='0.7479872703552246' m21='0.11526614427566528' m31='0.13299669325351715'
            m02='0.1763727068901062' m12='0.002437744289636612' m22='0.9843202829360962' m32='1.0633697509765625'
            m03='0.0' m13='0.0' m23='0.0' m33='1.0'/>
        <transform name='peon Head'
            m00='-0.061018671840429306' m10='0.011378386057913303' m20='-0.9980717897415161' m30='0.0016152504831552505'
            m01='-0.9838787913322449' m11='-0.1690935492515564' m21='0.05822324380278587' m31='0.3013484477996826'
            m02='-0.16810502111911774' m12='0.9855340719223022' m22='0.02151280827820301' m32='0.8628657460212708'
            m03='0.0' m13='0.0' m23='0.0' m33='1.0'/>
        <transform name='peon Ponytail1'
            m00='-0.052259188145399094' m10='0.03698793053627014' m20='-0.9979483485221863' m30='0.0007124991388991475'
            m01='-0.9915072917938232' m11='0.11724913120269775' m21='0.056267619132995605' m31='0.13327716290950775'
            m02='0.11908972263336182' m12='0.9924132823944092' m22='0.03054644539952278' m32='1.2758582830429077'
            m03='0.0' m13='0.0' m23='0.0' m33='1.0'/>
        <transform name='peon Tail'
            m00='0.00017545363516546786' m10='-1.7197453416883945e-07' m20='-1.0' m30='2.6954934284617593e-08'
            m01='0.03199813887476921' m11='-0.9994898438453674' m21='5.785390385426581e-06' m31='0.23502928018569946'
            m02='-0.9994885921478271' m12='-0.031996358186006546' m22='-0.00017535807273816317' m32='0.33961573243141174'
            m03='0.0' m13='0.0' m23='0.0' m33='1.0'/>
        <transform name='peon R Thigh'
            m00='0.03844159469008446' m10='-0.024897458031773567' m20='-0.9989506602287292' m30='-0.12879297137260437'
            m01='-0.17278940975666046' m11='-0.9847971200942993' m21='0.017895478755235672' m31='0.2990156412124634'
            m02='-0.9842085242271423' m12='0.17192097008228302' m22='-0.04215921834111214' m32='0.34609779715538025'
            m03='0.0' m13='0.0' m23='0.0' m33='1.0'/>
        <transform name='peon R Calf'
            m00='-0.018661996349692345' m10='-0.02517535164952278' m20='-0.9995089769363403' m30='-0.13296398520469666'
            m01='0.9465991258621216' m11='-0.32227399945259094' m21='-0.009556703269481659' m31='0.1340257227420807'
            m02='-0.32187581062316895' m12='-0.9463118314743042' m22='0.029845191165804863' m32='0.37490078806877136'
            m03='0.0' m13='0.0' m23='0.0' m33='1.0'/>
        <transform name='peon R Foot'
            m00='1.119077205657959e-05' m10='-1.6149133443832397e-06' m20='1.0000001192092896' m30='-0.13765063881874084'
            m01='-0.8765147924423218' m11='-0.4813767969608307' m21='8.973293006420135e-06' m31='0.07403165847063065'
            m02='0.48137733340263367' m12='-0.8765140771865845' m22='-6.766989827156067e-06' m32='0.19873671233654022'
            m03='0.0' m13='0.0' m23='0.0' m33='1.0'/>
        <transform name='peon R Toe0'
            m00='1.2008490557491314e-07' m10='1.2615695595741272e-05' m20='1.0000001192092896' m30='-0.1376495361328125'
            m01='0.48137637972831726' m11='-0.8765150308609009' m21='1.094183880923083e-05' m31='-0.07333605736494064'
            m02='0.8765143156051636' m12='0.4813769459724426' m22='-6.142672646092251e-06' m32='0.16249889135360718'
            m03='0.0' m13='0.0' m23='0.0' m33='1.0'/>
    </frame>
    <frame index="3">
        <transform name='peon Pelvis'
            m00='2.899854280258296e-06' m10='-1.3686410511581926e-06' m20='-1.0' m30='2.958048916923417e-08'
            m01='-0.9580674767494202' m11='0.2865426540374756' m21='-3.170429863530444e-06' m31='0.29901570081710815'
            m02='0.2865426540374756' m12='0.9580674767494202' m22='-4.80318590234674e-07' m32='0.346097856760025'
            m03='0.0' m13='0.0' m23='0.0' m33='1.0'/>
