<?xml version="1.0" encoding="UTF-8" standalone="yes"?>

<!DOCTYPE animation [
	<!ELEMENT animation  (frame+)>
	<!ELEMENT frame      (transform+)>
	<!ELEMENT transform   EMPTY>
	<!ATTLIST frame index CDATA #REQUIRED>
	<!ATTLIST transform name CDATA #REQUIRED>
	<!ATTLIST transform m00 CDATA #REQUIRED>
	<!ATTLIST transform m01 CDATA #REQUIRED>
	<!ATTLIST transform m02 CDATA #REQUIRED>
	<!ATTLIST transform m03 CDATA #REQUIRED>
	<!ATTLIST transform m10 CDATA #REQUIRED>
	<!ATTLIST transform m11 CDATA #REQUIRED>
	<!ATTLIST transform m12 CDATA #REQUIRED>
	<!ATTLIST transform m13 CDATA #REQUIRED>
	<!ATTLIST transform m20 CDATA #REQUIRED>
	<!ATTLIST transform m21 CDATA #REQUIRED>
	<!ATTLIST transform m22 CDATA #REQUIRED>
	<!ATTLIST transform m23 CDATA #REQUIRED>
	<!ATTLIST transform m30 CDATA #REQUIRED>
	<!ATTLIST transform m31 CDATA #REQUIRED>
	<!ATTLIST transform m32 CDATA #REQUIRED>
	<!ATTLIST transform m33 CDATA #REQUIRED>
]>

<animation>
	<frame index="0">
		<transform name="peon Head" m00="-0.377372" m01="0.00698146" m02="0.926035" m03="0" m10="0.925903" m11="-0.0156833" m12="0.377436" m13="0" m20="0.0171583" m21="0.999853" m22="-0.000545713" m23="0" m30="0.20356" m31="-0.108608" m32="0.879069" m33="1"/>
		<transform name="peon L Calf" m00="-0.977947" m01="0.208143" m02="-0.0171965" m03="0" m10="0.133869" m11="0.561512" m12="-0.816568" m13="0" m20="-0.160307" m21="-0.800862" m22="-0.576993" m23="0" m30="0.416017" m31="0.0350001" m32="0.305302" m33="1"/>
		<transform name="peon L Clavicle" m00="-0.123763" m01="0.916928" m02="-0.379377" m03="0" m10="-0.875703" m11="-0.280739" m12="-0.392849" m13="0" m20="-0.46672" m21="0.283601" m22="0.837701" m23="0" m30="0.233351" m31="-0.128857" m32="0.79444" m33="1"/>
		<transform name="peon L Finger0" m00="0.626606" m01="-0.748124" m02="0.218348" m03="0" m10="-0.580351" m11="-0.634923" m12="-0.509966" m13="0" m20="0.520152" m21="0.192829" m22="-0.832021" m23="0" m30="0.507408" m31="0.145314" m32="0.601457" m33="1"/>
		<transform name="peon L Finger01" m00="-0.317552" m01="-0.860675" m02="-0.397993" m03="0" m10="-0.792844" m11="0.471227" m12="-0.386449" m13="0" m20="0.520152" m21="0.192829" m22="-0.832021" m23="0" m30="0.566465" m31="0.0748029" m32="0.622037" m33="1"/>
		<transform name="peon L Finger1" m00="0.554767" m01="-0.807371" m02="-0.200959" m03="0" m10="-0.551863" m11="-0.537833" m12="0.637325" m13="0" m20="-0.62264" m21="-0.242665" m22="-0.743931" m23="0" m30="0.511352" m31="0.0908374" m32="0.421841" m33="1"/>
		<transform name="peon L Finger11" m00="-0.588451" m01="-0.481456" m02="0.649558" m03="0" m10="-0.515795" m11="0.842208" m12="0.156977" m13="0" m20="-0.62264" m21="-0.242665" m22="-0.743931" m23="0" m30="0.553234" m31="0.0298853" m32="0.406669" m33="1"/>
		<transform name="peon L Foot" m00="-0.972363" m01="0.168014" m02="-0.162118" m03="0" m10="0.206024" m11="0.290783" m12="-0.934344" m13="0" m20="-0.109842" m21="-0.941922" m22="-0.317362" m23="0" m30="0.233963" m31="0.0737479" m32="0.302101" m33="1"/>
		<transform name="peon L Forearm" m00="0.781042" m01="-0.134544" m02="-0.609813" m03="0" m10="-0.155281" m11="0.904001" m12="-0.398334" m13="0" m20="0.604865" m21="0.405808" m22="0.68517" m23="0" m30="0.239197" m31="0.15134" m32="0.629888" m33="1"/>
		<transform name="peon L Hand" m00="0.782404" m01="-0.208572" m02="-0.586806" m03="0" m10="-0.013261" m11="-0.947616" m12="0.319135" m13="0" m20="-0.62263" m21="-0.241911" m22="-0.744185" m23="0" m30="0.366936" m31="0.129336" m32="0.530154" m33="1"/>
		<transform name="peon L Thigh" m00="0.602836" m01="0.383433" m02="-0.699691" m03="0" m10="0.781594" m11="-0.459998" m12="0.421322" m13="0" m20="-0.160307" m21="-0.800862" m22="-0.576993" m23="0" m30="0.31502" m31="-0.029239" m32="0.422526" m33="1"/>
		<transform name="peon L Toe0" m00="0.149828" m01="0.299954" m02="-0.942114" m03="0" m10="0.982592" m11="-0.151033" m12="0.108179" m13="0" m20="-0.109842" m21="-0.941922" m22="-0.317362" m23="0" m30="0.157118" m31="0.123491" m32="0.181061" m33="1"/>
		<transform name="peon L UpperArm" m00="0.0997474" m01="0.815026" m02="-0.570774" m03="0" m10="-0.790056" m11="0.413585" m12="0.452502" m13="0" m20="0.604865" m21="0.405808" m22="0.68517" m23="0" m30="0.218432" m31="-0.0183274" m32="0.748709" m33="1"/>
		<transform name="peon Neck" m00="-0.34488" m01="0.372239" m02="0.861682" m03="0" m10="0.92843" m11="0.27036" m12="0.254802" m13="0" m20="-0.138116" m21="0.887887" m22="-0.43884" m23="0" m30="0.23515" m31="-0.142703" m32="0.800143" m33="1"/>
		<transform name="peon Pelvis" m00="-0.0796508" m01="-0.304114" m02="0.9493" m03="0" m10="0.964416" m11="-0.264362" m12="-0.0037709" m13="0" m20="0.252106" m21="0.91522" m22="0.314349" m23="0" m30="0.28255" m31="-0.147113" m32="0.38204" m33="1"/>
		<transform name="peon Ponytail1" m00="-0.604408" m01="0.0295457" m02="0.796127" m03="0" m10="-0.796227" m11="0.0110972" m12="-0.604896" m13="0" m20="-0.0267068" m21="-0.999502" m22="0.0168179" m23="0" m30="0.128123" m31="-0.107074" m32="1.31852" m33="1"/>
		<transform name="peon Prop1" m00="-0.0745121" m01="0.99721" m02="0.00447517" m03="0" m10="-0.995016" m11="-0.0746448" m12="0.0661121" m13="0" m20="0.0662617" m21="0.000473281" m22="0.997802" m23="0" m30="0.520623" m31="-0.401887" m32="0.540226" m33="1"/>
		<transform name="peon R Calf" m00="-0.864177" m01="0.331575" m02="-0.378493" m03="0" m10="0.441076" m11="0.137135" m12="-0.886931" m13="0" m20="-0.242179" m21="-0.933409" m22="-0.264758" m23="0" m30="0.321179" m31="-0.240948" m32="0.191769" m33="1"/>
		<transform name="peon R Clavicle" m00="0.123763" m01="-0.916928" m02="0.379377" m03="0" m10="-0.875703" m11="-0.280739" m12="-0.392849" m13="0" m20="0.46672" m21="-0.283601" m22="-0.837701" m23="0" m30="0.237084" m31="-0.156511" m32="0.805882" m33="1"/>
		<transform name="peon R Foot" m00="-0.167955" m01="-0.0120318" m02="-0.985721" m03="0" m10="0.98574" m11="-0.0125648" m12="-0.167804" m13="0" m20="-0.0103664" m21="-0.999849" m22="0.0139705" m23="0" m30="0.160305" m31="-0.179222" m32="0.121309" m33="1"/>
		<transform name="peon R Forearm" m00="0.962608" m01="0.251181" m02="-0.10146" m03="0" m10="0.230752" m11="-0.956473" m12="-0.178639" m13="0" m20="-0.141915" m21="0.148547" m22="-0.978669" m23="0" m30="0.278638" m31="-0.470558" m32="0.81686" m33="1"/>
		<transform name="peon R Hand" m00="0.992155" m01="0.0738181" m02="-0.100892" m03="0" m10="-0.0755127" m11="0.997059" m12="-0.0130762" m13="0" m20="0.0996297" m21="0.0205922" m22="0.994812" m23="0" m30="0.436071" m31="-0.429477" m32="0.800266" m33="1"/>
		<transform name="peon R Thigh" m00="0.424379" m01="0.143484" m02="-0.894044" m03="0" m10="0.872497" m11="-0.328877" m12="0.361371" m13="0" m20="-0.242179" m21="-0.933409" m22="-0.264758" m23="0" m30="0.25008" m31="-0.264987" m32="0.341554" m33="1"/>
		<transform name="peon R Toe0" m00="0.999998" m01="1.06992e-06" m02="0.00188964" m03="0" m10="-0.00188963" m11="-7.06162e-07" m12="0.999998" m13="0" m20="1.08239e-06" m21="-1" m22="-7.0294e-07" m23="0" m30="0.253188" m31="-0.181862" m32="0.00132552" m33="1"/>
		<transform name="peon R UpperArm" m00="0.127947" m01="-0.977629" m02="-0.166943" m03="0" m10="-0.981575" m11="-0.148909" m12="0.119734" m13="0" m20="-0.141915" m21="0.148547" m22="-0.978669" m23="0" m30="0.252002" m31="-0.26704" m32="0.851613" m33="1"/>
		<transform name="peon Spine" m00="0.501979" m01="-0.0935283" m02="0.859808" m03="0" m10="0.864851" m11="0.0623361" m12="-0.498143" m13="0" m20="-0.00700659" m21="0.993663" m22="0.11218" m23="0" m30="0.230632" m31="-0.177209" m32="0.511271" m33="1"/>
		<transform name="peon Spine1" m00="0.02887" m01="0.12355" m02="0.991918" m03="0" m10="0.991008" m11="0.126168" m12="-0.0445586" m13="0" m20="-0.130654" m21="0.984285" m22="-0.118797" m23="0" m30="0.283756" m31="-0.187133" m32="0.60241" m33="1"/>
		<transform name="peon Spine2" m00="-0.466023" m01="0.283824" m02="0.838014" m03="0" m10="0.876074" m11="0.28051" m12="0.392183" m13="0" m20="-0.12376" m21="0.916928" m22="-0.379376" m23="0" m30="0.286739" m31="-0.174062" m32="0.707514" m33="1"/>
		<transform name="peon Tail" m00="0.0804187" m01="0.303902" m02="-0.949303" m03="0" m10="0.964353" m11="-0.264603" m12="-0.00301434" m13="0" m20="-0.252105" m21="-0.91522" m22="-0.314348" m23="0" m30="0.341835" m31="-0.155366" m32="0.358522" m33="1"/>
	</frame>
	<frame index="1">
		<transform name="peon Head" m00="-0.394409" m01="0.00392317" m02="0.918927" m03="0" m10="0.918911" m11="-0.00550443" m12="0.394426" m13="0" m20="0.00660554" m21="0.999977" m22="-0.00143405" m23="0" m30="0.125262" m31="-0.110135" m32="0.877881" m33="1"/>
		<transform name="peon L Calf" m00="-0.945211" m01="0.257811" m02="-0.200275" m03="0" m10="0.294771" m11="0.410325" m12="-0.862985" m13="0" m20="-0.140309" m21="-0.874738" m22="-0.463839" m23="0" m30="0.45055" m31="0.00396119" m32="0.342389" m33="1"/>
		<transform name="peon L Clavicle" m00="-0.315054" m01="0.86729" m02="-0.385421" m03="0" m10="-0.713356" m11="-0.484256" m12="-0.506575" m13="0" m20="-0.62599" m21="0.115344" m22="0.771254" m23="0" m30="0.175847" m31="-0.141235" m32="0.813965" m33="1"/>
		<transform name="peon L Finger0" m00="0.755873" m01="-0.649083" m02="0.0857203" m03="0" m10="-0.521946" m11="-0.676441" m12="-0.519614" m13="0" m20="0.395257" m21="0.348021" m22="-0.85009" m23="0" m30="0.39068" m31="0.171115" m32="0.609506" m33="1"/>
		<transform name="peon L Finger01" m00="-0.210815" m01="-0.866378" m02="-0.45271" m03="0" m10="-0.894052" m11="0.358149" m12="-0.269074" m13="0" m20="0.395257" m21="0.348021" m22="-0.85009" m23="0" m30="0.461921" m31="0.109939" m32="0.617586" m33="1"/>
		<transform name="peon L Finger1" m00="0.649729" m01="-0.68137" m02="-0.337027" m03="0" m10="-0.389927" m11="-0.67932" m12="0.621675" m13="0" m20="-0.65254" m21="-0.272505" m22="-0.707059" m23="0" m30="0.384136" m31="0.13429" m32="0.425532" m33="1"/>
		<transform name="peon L Finger11" m00="-0.429245" m01="-0.636017" m02="0.641272" m03="0" m10="-0.624452" m11="0.721958" m12="0.298055" m13="0" m20="-0.65254" m21="-0.272505" m22="-0.707059" m23="0" m30="0.433187" m31="0.0828504" m32="0.400089" m33="1"/>
		<transform name="peon L Foot" m00="-0.877075" m01="0.222449" m02="-0.425742" m03="0" m10="0.469903" m11="0.213458" m12="-0.85652" m13="0" m20="-0.0996544" m21="-0.95129" m22="-0.291748" m23="0" m30="0.27459" m31="0.0519551" m32="0.305106" m33="1"/>
		<transform name="peon L Forearm" m00="0.737405" m01="-0.0135755" m02="-0.675314" m03="0" m10="-0.285089" m11="0.900123" m12="-0.329396" m13="0" m20="0.612338" m21="0.435423" m22="0.659885" m23="0" m30="0.127017" m31="0.141319" m32="0.660117" m33="1"/>
		<transform name="peon L Hand" m00="0.739605" m01="-0.0260496" m02="-0.672537" m03="0" m10="0.164331" m11="-0.962018" m12="0.217981" m13="0" m20="-0.652671" m21="-0.271739" m22="-0.707233" m23="0" m30="0.247619" m31="0.139098" m32="0.54967" m33="1"/>
		<transform name="peon L Thigh" m00="0.779392" m01="0.19134" m02="-0.596605" m03="0" m10="0.610624" m11="-0.445221" m12="0.654917" m13="0" m20="-0.140309" m21="-0.874738" m22="-0.463839" m23="0" m30="0.319973" m31="-0.0280952" m32="0.442342" m33="1"/>
		<transform name="peon L Toe0" m00="0.445337" m01="0.21956" m02="-0.868026" m03="0" m10="0.8898" m11="-0.216429" m12="0.401764" m13="0" m20="-0.0996546" m21="-0.95129" m22="-0.291748" m23="0" m30="0.237013" m31="0.0986498" m32="0.165686" m33="1"/>
		<transform name="peon L UpperArm" m00="-0.052129" m01="0.855088" m02="-0.515855" m03="0" m10="-0.788876" m11="0.281478" m12="0.546301" m13="0" m20="0.612338" m21="0.435423" m22="0.659885" m23="0" m30="0.137869" m31="-0.0366891" m32="0.767505" m33="1"/>
		<transform name="peon Neck" m00="-0.603493" m01="0.482704" m02="0.63466" m03="0" m10="0.787506" m11="0.485618" m12="0.379487" m13="0" m20="-0.125022" m21="0.728816" m22="-0.673199" m23="0" m30="0.18054" m31="-0.154349" m32="0.819749" m33="1"/>
		<transform name="peon Pelvis" m00="-0.118188" m01="-0.269411" m02="0.955746" m03="0" m10="0.912365" m11="-0.409369" m12="-0.00257189" m13="0" m20="0.391945" m21="0.871685" m22="0.294183" m23="0" m30="0.269493" m31="-0.140362" m32="0.404454" m33="1"/>
		<transform name="peon Ponytail1" m00="-0.61924" m01="0.0239527" m02="0.784836" m03="0" m10="-0.785029" m11="0.00206097" m12="-0.619456" m13="0" m20="-0.0164551" m21="-0.999711" m22="0.0175273" m23="0" m30="0.0417358" m31="-0.108956" m32="1.31587" m33="1"/>
		<transform name="peon Prop1" m00="-0.12233" m01="0.991022" m02="-0.0539483" m03="0" m10="-0.986398" m11="-0.127412" m12="-0.103855" m13="0" m20="-0.109797" m21="0.0405099" m22="0.993128" m23="0" m30="0.539167" m31="-0.408658" m32="0.618096" m33="1"/>
		<transform name="peon R Calf" m00="-0.854497" m01="0.352537" m02="-0.381513" m03="0" m10="0.371688" m11="-0.0981194" m12="-0.923158" m13="0" m20="-0.362881" m21="-0.93064" m22="-0.0471911" m23="0" m30="0.209294" m31="-0.240381" m32="0.19976" m33="1"/>
		<transform name="peon R Clavicle" m00="0.315054" m01="-0.86729" m02="0.385421" m03="0" m10="-0.713356" m11="-0.484256" m12="-0.506575" m13="0" m20="0.62599" m21="-0.115344" m22="-0.771254" m23="0" m30="0.185349" m31="-0.167392" m32="0.825589" m33="1"/>
		<transform name="peon R Foot" m00="-0.252577" m01="-0.0343238" m02="-0.966968" m03="0" m10="0.967318" m11="-0.0320766" m12="-0.251529" m13="0" m20="-0.0223835" m21="-0.998896" m22="0.0413038" m23="0" m30="0.0502212" m31="-0.174753" m32="0.128737" m33="1"/>
		<transform name="peon R Forearm" m00="0.959285" m01="0.276535" m02="0.0574528" m03="0" m10="0.280948" m11="-0.955148" m12="-0.0935946" m13="0" m20="0.0289938" m21="0.105925" m22="-0.993951" m23="0" m30="0.254882" m31="-0.476643" m32="0.851154" m33="1"/>
		<transform name="peon R Hand" m00="0.989722" m01="0.125161" m02="0.0691802" m03="0" m10="-0.120229" m11="0.990176" m12="-0.0713824" m13="0" m20="-0.0774349" m21="0.0623312" m22="0.995047" m23="0" m30="0.411772" m31="-0.431416" m32="0.86055" m33="1"/>
		<transform name="peon R Thigh" m00="-0.0580143" m01="0.0731083" m02="-0.995635" m03="0" m10="0.930028" m11="-0.35856" m12="-0.0805201" m13="0" m20="-0.362881" m21="-0.93064" m22="-0.0471911" m23="0" m30="0.219013" m31="-0.252629" m32="0.366565" m33="1"/>
		<transform name="peon R Toe0" m00="0.999998" m01="5.21406e-07" m02="0.00189" m03="0" m10="-0.00188998" m11="-9.63617e-07" m12="0.999998" m13="0" m20="5.82084e-07" m21="-1" m22="-1.00305e-06" m23="0" m30="0.132355" m31="-0.181862" m32="0.0013256" m33="1"/>
		<transform name="peon R UpperArm" m00="0.151585" m01="-0.983335" m02="-0.100372" m03="0" m10="-0.988019" m11="-0.147757" m12="-0.0445672" m13="0" m20="0.0289938" m21="0.105925" m22="-0.993951" m23="0" m30="0.223326" m31="-0.271938" m32="0.872048" m33="1"/>
		<transform name="peon Spine" m00="0.431063" m01="-0.126737" m02="0.893377" m03="0" m10="0.902173" m11="0.0425479" m12="-0.429271" m13="0" m20="0.0163933" m21="0.991023" m22="0.132679" m23="0" m30="0.214548" m31="-0.159573" m32="0.534504" m33="1"/>
		<transform name="peon Spine1" m00="-0.0976681" m01="0.056235" m02="0.993629" m03="0" m10="0.96792" m11="0.237605" m12="0.0816936" m13="0" m20="-0.231498" m21="0.969732" m22="-0.0776375" m23="0" m30="0.260157" m31="-0.173026" m32="0.62919" m33="1"/>
		<transform name="peon Spine2" m00="-0.625422" m01="0.115729" m02="0.771657" m03="0" m10="0.713856" m11="0.484162" m12="0.505962" m13="0" m20="-0.315052" m21="0.867291" m22="-0.385419" m23="0" m30="0.249742" m31="-0.167108" m32="0.734465" m33="1"/>
		<transform name="peon Tail" m00="0.118914" m01="0.269083" m02="-0.955748" m03="0" m10="0.912272" m11="-0.409582" m12="-0.00181021" m13="0" m20="-0.391944" m21="-0.871686" m22="-0.294182" m23="0" m30="0.326629" m31="-0.158087" m32="0.380848" m33="1"/>
	</frame>
	<frame index="2">
		<transform name="peon Head" m00="-0.402699" m01="-0.0014614" m02="0.915331" m03="0" m10="0.91526" m11="0.0119328" m12="0.402687" m13="0" m20="-0.0115109" m21="0.999928" m22="-0.00346776" m23="0" m30="0.0749717" m31="-0.11297" m32="0.87747" m33="1"/>
		<transform name="peon L Calf" m00="-0.877106" m01="0.253749" m02="-0.407794" m03="0" m10="0.463862" m11="0.227336" m12="-0.856242" m13="0" m20="-0.124564" m21="-0.940175" m22="-0.317102" m23="0" m30="0.46514" m31="-0.018764" m32="0.386455" m33="1"/>
		<transform name="peon L Clavicle" m00="-0.434522" m01="0.80766" m02="-0.398592" m03="0" m10="-0.559329" m11="-0.588855" m12="-0.583439" m13="0" m20="-0.705933" m21="-0.0305732" m22="0.707618" m23="0" m30="0.138125" m31="-0.149702" m32="0.837716" m33="1"/>
		<transform name="peon L Finger0" m00="0.849387" m01="-0.525768" m02="-0.045928" m03="0" m10="-0.463285" m11="-0.701095" m12="-0.542063" m13="0" m20="0.252799" m21="0.481699" m22="-0.839082" m23="0" m30="0.298797" m31="0.195191" m32="0.627812" m33="1"/>
		<transform name="peon L Finger01" m00="-0.116553" m01="-0.845774" m02="-0.520656" m03="0" m10="-0.960473" m11="0.229419" m12="-0.157667" m13="0" m20="0.252799" m21="0.481699" m22="-0.839082" m23="0" m30="0.378852" m31="0.145637" m32="0.623483" m33="1"/>
		<transform name="peon L Finger1" m00="0.705485" m01="-0.534416" m02="-0.4655" m03="0" m10="-0.218527" m11="-0.788839" m12="0.574438" m13="0" m20="-0.674194" m21="-0.303533" m22="-0.673298" m23="0" m30="0.279116" m31="0.174918" m32="0.442213" m33="1"/>
		<transform name="peon L Finger11" m00="-0.257596" m01="-0.757753" m02="0.599545" m03="0" m10="-0.692176" m11="0.577649" m12="0.432683" m13="0" m20="-0.674194" m21="-0.303533" m22="-0.673298" m23="0" m30="0.332376" m31="0.134572" m32="0.40707" m33="1"/>
		<transform name="peon L Foot" m00="-0.696556" m01="0.218662" m02="-0.683371" m03="0" m10="0.713562" m11="0.111429" m12="-0.691674" m13="0" m20="-0.0750949" m21="-0.969418" m22="-0.233646" m23="0" m30="0.301859" m31="0.0284737" m32="0.31054" m33="1"/>
		<transform name="peon L Forearm" m00="0.677618" m01="0.10839" m02="-0.727383" m03="0" m10="-0.406372" m11="0.879547" m12="-0.247506" m13="0" m20="0.61294" m21="0.463302" m22="0.640043" m23="0" m30="0.0457576" m31="0.129418" m32="0.696394" m33="1"/>
		<transform name="peon L Hand" m00="0.663855" m01="0.150463" m02="-0.732569" m03="0" m10="0.323129" m11="-0.941107" m12="0.0995244" m13="0" m20="-0.674451" m21="-0.302784" m22="-0.673378" m23="0" m30="0.156581" m31="0.147145" m32="0.577431" m33="1"/>
		<transform name="peon L Thigh" m00="0.877267" m01="0.0449547" m02="-0.477893" m03="0" m10="0.463559" m11="-0.337712" m12="0.819185" m13="0" m20="-0.124564" m21="-0.940175" m22="-0.317102" m23="0" m30="0.318166" m31="-0.0262955" m32="0.46652" m33="1"/>
		<transform name="peon L Toe0" m00="0.701656" m01="0.115119" m02="-0.703155" m03="0" m10="0.708548" m11="-0.216742" m12="0.671552" m13="0" m20="-0.0750951" m21="-0.969418" m22="-0.233646" m23="0" m30="0.310044" m31="0.0633802" m32="0.163079" m33="1"/>
		<transform name="peon L UpperArm" m00="-0.192095" m01="0.873122" m02="-0.448059" m03="0" m10="-0.766423" m11="0.151685" m12="0.62417" m13="0" m20="0.61294" m21="0.463302" m22="0.640043" m23="0" m30="0.0857467" m31="-0.0523439" m32="0.789668" m33="1"/>
		<transform name="peon Neck" m00="-0.760499" m01="0.534463" m02="0.368769" m03="0" m10="0.648527" m11="0.596777" m12="0.472514" m13="0" m20="0.0324678" m21="0.598503" m22="-0.800462" m23="0" m30="0.144631" m31="-0.161925" m32="0.843692" m33="1"/>
		<transform name="peon Pelvis" m00="-0.12941" m01="-0.224145" m02="0.965926" m03="0" m10="0.866026" m11="-0.499999" m12="3.44029e-07" m13="0" m20="0.482962" m21="0.836517" m22="0.25882" m23="0" m30="0.255964" m31="-0.134033" m32="0.433185" m33="1"/>
		<transform name="peon Ponytail1" m00="-0.626636" m01="0.0142261" m02="0.779182" m03="0" m10="-0.77931" m11="-0.0133804" m12="-0.626495" m13="0" m20="0.00151318" m21="-0.999809" m22="0.0194712" m23="0" m30="-0.0125149" m31="-0.112461" m32="1.31468" m33="1"/>
		<transform name="peon Prop1" m00="-0.163095" m01="0.976034" m02="-0.144075" m03="0" m10="-0.946256" m11="-0.196084" m12="-0.257197" m13="0" m20="-0.279283" m21="0.0943846" m22="0.955559" m23="0" m30="0.566432" m31="-0.407845" m32="0.711198" m33="1"/>
		<transform name="peon R Calf" m00="-0.804871" m01="0.287393" m02="-0.519218" m03="0" m10="0.427885" m11="-0.325211" m12="-0.843298" m13="0" m20="-0.411214" m21="-0.900912" m22="0.138781" m23="0" m30="0.127793" m31="-0.235363" m32="0.245982" m33="1"/>
		<transform name="peon R Clavicle" m00="0.434522" m01="-0.80766" m02="0.398592" m03="0" m10="-0.559329" m11="-0.588855" m12="-0.583439" m13="0" m20="0.705933" m21="0.0305733" m22="-0.707618" m23="0" m30="0.15123" m31="-0.174061" m32="0.849737" m33="1"/>
		<transform name="peon R Foot" m00="-0.56831" m01="6.79674e-07" m02="-0.822815" m03="0" m10="0.822815" m11="9.48593e-07" m12="-0.56831" m13="0" m20="3.14317e-07" m21="-1" m22="-1.17054e-06" m23="0" m30="-0.0220407" m31="-0.181862" m32="0.149325" m33="1"/>
		<transform name="peon R Forearm" m00="0.928682" m01="0.31083" m02="0.20232" m03="0" m10="0.314078" m11="-0.94925" m12="0.0166927" m13="0" m20="0.197241" m21="0.048042" m22="-0.979177" m23="0" m30="0.249094" m31="-0.474561" m32="0.89698" m33="1"/>
		<transform name="peon R Hand" m00="0.95555" m01="0.191923" m02="0.223808" m03="0" m10="-0.158015" m11="0.974254" m12="-0.160811" m13="0" m20="-0.248909" m21="0.118298" m22="0.961275" m23="0" m30="0.400979" m31="-0.423725" m32="0.930069" m33="1"/>
		<transform name="peon R Thigh" m00="-0.393752" m01="0.0382461" m02="-0.918421" m03="0" m10="0.822109" m11="-0.432313" m12="-0.370463" m13="0" m20="-0.411214" m21="-0.900912" m22="0.138781" m23="0" m30="0.193761" m31="-0.241771" m32="0.399851" m33="1"/>
		<transform name="peon R Toe0" m00="0.999998" m01="3.63869e-07" m02="0.00188999" m03="0" m10="-0.00188994" m11="-9.55076e-07" m12="0.999998" m13="0" m20="2.85739e-07" m21="-1" m22="-1.02659e-06" m23="0" m30="0.0115224" m31="-0.181862" m32="0.00132557" m33="1"/>
		<transform name="peon R UpperArm" m00="0.218496" m01="-0.97583" m02="-0.003865" m03="0" m10="-0.955696" m11="-0.213184" m12="-0.202971" m13="0" m20="0.197241" m21="0.048042" m22="-0.979177" m23="0" m30="0.203609" m31="-0.271418" m32="0.897784" m33="1"/>
		<transform name="peon Spine" m00="0.382326" m01="-0.143196" m02="0.912865" m03="0" m10="0.923209" m11="0.0176255" m12="-0.383894" m13="0" m20="0.0388825" m21="0.989537" m22="0.138939" m23="0" m30="0.201462" m31="-0.143234" m32="0.564506" m33="1"/>
		<transform name="peon Spine1" m00="-0.180997" m01="-0.000599611" m02="0.983483" m03="0" m10="0.937439" m11="0.302291" m12="0.172708" m13="0" m20="-0.297402" m21="0.953215" m22="-0.0541518" m23="0" m30="0.241908" m31="-0.158438" m32="0.661251" m33="1"/>
		<transform name="peon Spine2" m00="-0.705487" m01="-0.0301043" m02="0.708083" m03="0" m10="0.559892" m11="0.588877" m12="0.582877" m13="0" m20="-0.43452" m21="0.807662" m22="-0.39859" m23="0" m30="0.222674" m31="-0.158553" m32="0.765443" m33="1"/>
		<transform name="peon Tail" m00="0.130099" m01="0.223745" m02="-0.965926" m03="0" m10="0.865923" m11="-0.500176" m12="0.000770086" m13="0" m20="-0.482961" m21="-0.836518" m22="-0.258819" m23="0" m30="0.31062" m31="-0.158256" m32="0.409483" m33="1"/>
	</frame>
	<frame index="3">
		<transform name="peon Head" m00="-0.401991" m01="-0.00420936" m02="0.915634" m03="0" m10="0.91564" m11="0.000990904" m12="0.401998" m13="0" m20="-0.0025995" m21="0.999991" m22="0.00345591" m23="0" m30="0.0341578" m31="-0.109612" m32="0.899085" m33="1"/>
		<transform name="peon L Calf" m00="-0.39625" m01="0.162235" m02="-0.903696" m03="0" m10="0.916572" m11="0.0123464" m12="-0.399679" m13="0" m20="-0.0536844" m21="-0.986675" m22="-0.153592" m23="0" m30="0.449378" m31="-0.0210357" m32="0.439698" m33="1"/>
		<transform name="peon L Clavicle" m00="-0.489025" m01="0.789289" m02="-0.371318" m03="0" m10="-0.49179" m11="-0.601068" m12="-0.629968" m13="0" m20="-0.720414" m21="-0.12546" m22="0.682102" m23="0" m30="0.0991448" m31="-0.148884" m32="0.870359" m33="1"/>
		<transform name="peon L Finger0" m00="0.883649" m01="-0.44109" m02="-0.15686" m03="0" m10="-0.448131" m11="-0.700029" m12="-0.556001" m13="0" m20="0.13544" m21="0.561604" m22="-0.816246" m23="0" m30="0.225923" m31="0.215632" m32="0.660033" m33="1"/>
		<transform name="peon L Finger01" m00="-0.0873545" m01="-0.81386" m02="-0.574457" m03="0" m10="-0.986927" m11="0.149107" m12="-0.0611702" m13="0" m20="0.13544" m21="0.561604" m22="-0.816246" m23="0" m30="0.309207" m31="0.174059" m32="0.645249" m33="1"/>
		<transform name="peon L Finger1" m00="0.702944" m01="-0.431997" m02="-0.565021" m03="0" m10="-0.0979701" m11="-0.845649" m12="0.524671" m13="0" m20="-0.704466" m21="-0.313459" m22="-0.636766" m23="0" m30="0.191384" m31="0.207097" m32="0.475698" m33="1"/>
		<transform name="peon L Finger11" m00="-0.135353" m01="-0.821383" m02="0.554084" m03="0" m10="-0.696712" m11="0.476521" m12="0.536209" m13="0" m20="-0.704466" m21="-0.313459" m22="-0.636766" m23="0" m30="0.244452" m31="0.174484" m32="0.433042" m33="1"/>
		<transform name="peon L Foot" m00="0.0752751" m01="0.184599" m02="-0.979927" m03="0" m10="0.996454" m11="-0.0509702" m12="0.0669429" m13="0" m20="-0.0375895" m21="-0.981491" m22="-0.187781" m23="0" m30="0.375612" m31="0.00916576" m32="0.271467" m33="1"/>
		<transform name="peon L Forearm" m00="0.613872" m01="0.181189" m02="-0.768331" m03="0" m10="-0.473132" m11="0.863563" m12="-0.174371" m13="0" m20="0.631908" m21="0.470563" m22="0.615843" m23="0" m30="-0.0161616" m31="0.129151" m32="0.74368" m33="1"/>
		<transform name="peon L Hand" m00="0.58049" m01="0.261742" m02="-0.771053" m03="0" m10="0.407801" m11="-0.913066" m12="-0.00293559" m13="0" m20="-0.704791" m21="-0.312732" m22="-0.636764" m23="0" m30="0.0842365" m31="0.158784" m32="0.61802" m33="1"/>
		<transform name="peon L Thigh" m00="0.94719" m01="-0.0016187" m02="-0.320669" m03="0" m10="0.316148" m11="-0.162696" m12="0.934655" m13="0" m20="-0.0536844" m21="-0.986675" m22="-0.153592" m23="0" m30="0.290689" m31="-0.0207645" m32="0.493422" m33="1"/>
		<transform name="peon L Toe0" m00="0.994704" m01="-0.0547393" m02="0.0869932" m03="0" m10="-0.0956621" m11="-0.183517" m12="0.978351" m13="0" m20="-0.0375895" m21="-0.981491" m22="-0.187781" m23="0" m30="0.494673" m31="0.0224298" m32="0.178306" m33="1"/>
		<transform name="peon L UpperArm" m00="-0.270724" m01="0.878553" m02="-0.393513" m03="0" m10="-0.726224" m11="0.0819401" m12="0.682558" m13="0" m20="0.631908" m21="0.470563" m22="0.615843" m23="0" m30="0.0401963" m31="-0.0537412" m32="0.825599" m33="1"/>
		<transform name="peon Neck" m00="-0.789531" m01="0.559175" m02="0.252912" m03="0" m10="0.595229" m11="0.597333" m12="0.53749" m13="0" m20="0.149479" m21="0.574905" m22="-0.80445" m23="0" m30="0.106476" m31="-0.16083" m32="0.875919" m33="1"/>
		<transform name="peon Pelvis" m00="-0.116072" m01="-0.170911" m02="0.978426" m03="0" m10="0.833218" m11="-0.55294" m12="0.00225817" m13="0" m20="0.540625" m21="0.815504" m22="0.206587" m23="0" m30="0.22106" m31="-0.125796" m32="0.466815" m33="1"/>
		<transform name="peon Ponytail1" m00="-0.625884" m01="0.0144145" m02="0.779783" m03="0" m10="-0.779881" m11="-0.00210045" m12="-0.625924" m13="0" m20="-0.00738448" m21="-0.999894" m22="0.0125563" m23="0" m30="-0.0529842" m31="-0.11135" m32="1.33636" m33="1"/>
		<transform name="peon Prop1" m00="-0.176426" m01="0.96886" m02="-0.173736" m03="0" m10="-0.923413" m11="-0.224033" m12="-0.311637" m13="0" m20="-0.340855" m21="0.105449" m22="0.934183" m23="0" m30="0.559841" m31="-0.402033" m32="0.769108" m33="1"/>
		<transform name="peon R Calf" m00="-0.814671" m01="0.234525" m02="-0.530387" m03="0" m10="0.36137" m11="-0.510012" m12="-0.780577" m13="0" m20="-0.453568" m21="-0.827578" m22="0.330741" m23="0" m30="0.0487289" m31="-0.227422" m32="0.307887" m33="1"/>
		<transform name="peon R Clavicle" m00="0.489025" m01="-0.789289" m02="0.371318" m03="0" m10="-0.49179" m11="-0.601068" m12="-0.629968" m13="0" m20="0.720414" m21="0.12546" m22="-0.682102" m23="0" m30="0.113894" m31="-0.172689" m32="0.881558" m33="1"/>
		<transform name="peon R Foot" m00="-0.722771" m01="-0.00273697" m02="-0.691082" m03="0" m10="0.691051" m11="0.00746317" m12="-0.722768" m13="0" m20="0.00713587" m21="-0.999968" m22="-0.0035028" m23="0" m30="-0.10293" m31="-0.183763" m32="0.20915" m33="1"/>
		<transform name="peon R Forearm" m00="0.91646" m01="0.302918" m02="0.261421" m03="0" m10="0.301588" m11="-0.952318" m12="0.046214" m13="0" m20="0.262954" m21="0.0364879" m22="-0.964118" m23="0" m30="0.231501" m31="-0.467393" m32="0.934764" m33="1"/>
		<transform name="peon R Hand" m00="0.934879" m01="0.219474" m02="0.278984" m03="0" m10="-0.170266" m11="0.966891" m12="-0.190083" m13="0" m20="-0.311465" m21="0.130204" m22="0.941295" m23="0" m30="0.381388" m31="-0.417851" m32="0.977519" m33="1"/>
		<transform name="peon R Thigh" m00="-0.613014" m01="0.020325" m02="-0.78981" m03="0" m10="0.646908" m11="-0.560982" m12="-0.516536" m13="0" m20="-0.453568" m21="-0.827578" m22="0.330741" m23="0" m30="0.151431" m31="-0.230827" m32="0.440209" m33="1"/>
		<transform name="peon R Toe0" m00="0.945241" m01="0.00788825" m02="-0.326278" m03="0" m10="0.326295" m11="-0.000982543" m12="0.945268" m13="0" m20="0.00713593" m21="-0.999968" m22="-0.00350266" m23="0" m30="-0.0999513" m31="-0.18321" m32="0.057423" m33="1"/>
		<transform name="peon R UpperArm" m00="0.281779" m01="-0.958621" m02="0.0405729" m03="0" m10="-0.922743" m11="-0.282337" m12="-0.262355" m13="0" m20="0.262954" m21="0.0364879" m22="-0.964118" m23="0" m30="0.172842" m31="-0.267832" m32="0.926317" m33="1"/>
		<transform name="peon Spine" m00="0.36469" m01="-0.156581" m02="0.917869" m03="0" m10="0.927705" m11="-0.0233531" m12="-0.372582" m13="0" m20="0.0797741" m21="0.987389" m22="0.136744" m23="0" m30="0.169767" m31="-0.125506" m32="0.599738" m33="1"/>
		<transform name="peon Spine1" m00="-0.209239" m01="-0.0451745" m02="0.97682" m03="0" m10="0.928577" m11="0.303959" m12="0.212962" m13="0" m20="-0.306533" m21="0.951614" m22="-0.0216521" m23="0" m30="0.208344" m31="-0.142128" m32="0.69701" m33="1"/>
		<transform name="peon Spine2" m00="-0.720022" m01="-0.124981" m02="0.682603" m03="0" m10="0.492365" m11="0.601165" m12="0.629426" m13="0" m20="-0.489024" m21="0.789291" m22="-0.371316" m23="0" m30="0.186122" m31="-0.146969" m32="0.800492" m33="1"/>
		<transform name="peon Tail" m00="0.116735" m01="0.170469" m02="-0.978424" m03="0" m10="0.833126" m11="-0.553075" m12="0.00303781" m13="0" m20="-0.540624" m21="-0.815505" m22="-0.206585" m23="0" m30="0.273439" m31="-0.154472" m32="0.442941" m33="1"/>
	</frame>
	<frame index="4">
		<transform name="peon Head" m00="-0.393112" m01="-0.00170024" m02="0.919489" m03="0" m10="0.919429" m11="-0.0123111" m12="0.393064" m13="0" m20="0.0106516" m21="0.999923" m22="0.00640289" m23="0" m30="-0.016189" m31="-0.108481" m32="0.940726" m33="1"/>
		<transform name="peon L Calf" m00="0.251085" m01="0.0174499" m02="-0.967808" m03="0" m10="0.967906" m11="-0.0155225" m12="0.250831" m13="0" m20="-0.0106457" m21="-0.999727" m22="-0.0207874" m23="0" m30="0.407297" m31="-0.0130731" m32="0.482081" m33="1"/>
		<transform name="peon L Clavicle" m00="-0.518434" m01="0.792548" m02="-0.321082" m03="0" m10="-0.461194" m11="-0.57534" m12="-0.675488" m13="0" m20="-0.720088" m21="-0.202115" m22="0.663794" m23="0" m30="0.049934" m31="-0.142321" m32="0.907148" m33="1"/>
		<transform name="peon L Finger0" m00="0.869859" m01="-0.414928" m02="-0.266795" m03="0" m10="-0.490458" m11="-0.669485" m12="-0.557889" m13="0" m20="0.052869" m21="0.616137" m22="-0.785863" m23="0" m30="0.163657" m31="0.230777" m32="0.695572" m33="1"/>
		<transform name="peon L Finger01" m00="-0.132789" m01="-0.775637" m02="-0.617053" m03="0" m10="-0.989733" m11="0.136977" m12="0.0408094" m13="0" m20="0.052869" m21="0.616137" m22="-0.785863" m23="0" m30="0.245642" m31="0.191669" m32="0.670426" m33="1"/>
		<transform name="peon L Finger1" m00="0.652536" m01="-0.382532" m02="-0.654115" m03="0" m10="-0.0399405" m11="-0.879387" m12="0.474429" m13="0" m20="-0.756704" m21="-0.283456" m22="-0.58911" m23="0" m30="0.112312" m31="0.233722" m32="0.515016" m33="1"/>
		<transform name="peon L Finger11" m00="-0.0753816" m01="-0.857273" m02="0.509313" m03="0" m10="-0.649396" m11="0.429807" m12="0.627335" m13="0" m20="-0.756704" m21="-0.283456" m22="-0.58911" m23="0" m30="0.161575" m31="0.204843" m32="0.465634" m33="1"/>
		<transform name="peon L Foot" m00="0.7512" m01="0.0632244" m02="-0.65704" m03="0" m10="0.659133" m11="-0.124998" m12="0.741565" m13="0" m20="-0.0352437" m21="-0.99014" m22="-0.135572" m23="0" m30="0.454039" m31="-0.00982461" m32="0.301914" m33="1"/>
		<transform name="peon L Forearm" m00="0.548816" m01="0.21423" m02="-0.808026" m03="0" m10="-0.481248" m11="0.871328" m12="-0.0958534" m13="0" m20="0.683521" m21="0.441467" m22="0.581296" m23="0" m30="-0.0704035" m31="0.139278" m32="0.795154" m33="1"/>
		<transform name="peon L Hand" m00="0.503612" m01="0.321845" m02="-0.801742" m03="0" m10="0.416259" m11="-0.90359" m12="-0.101259" m13="0" m20="-0.757036" m21="-0.282737" m22="-0.58903" m23="0" m30="0.0193548" m31="0.174315" m32="0.663002" m33="1"/>
		<transform name="peon L Thigh" m00="0.971049" m01="-0.00537466" m02="-0.23882" m03="0" m10="0.238643" m11="-0.022728" m12="0.970841" m13="0" m20="-0.0106457" m21="-0.999727" m22="-0.0207874" m23="0" m30="0.244611" m31="-0.0121726" m32="0.522092" m33="1"/>
		<transform name="peon L Toe0" m00="0.614559" m01="-0.128447" m02="0.778344" m03="0" m10="-0.788083" m11="-0.0558851" m12="0.613027" m13="0" m20="-0.0352437" m21="-0.99014" m22="-0.135572" m23="0" m30="0.604831" m31="-0.0172968" m32="0.317287" m33="1"/>
		<transform name="peon L UpperArm" m00="-0.277863" m01="0.893782" m02="-0.352058" m03="0" m10="-0.674975" m11="0.0791184" m12="0.733587" m13="0" m20="0.683521" m21="0.441467" m22="0.581296" m23="0" m30="-0.0125595" m31="-0.0467845" m32="0.868444" m33="1"/>
		<transform name="peon Neck" m00="-0.806789" m01="0.500371" m02="0.314197" m03="0" m10="0.577567" m11="0.555826" m12="0.597892" m13="0" m20="0.124529" m21="0.663842" m22="-0.737432" m23="0" m30="0.0577099" m31="-0.154313" m32="0.911946" m33="1"/>
		<transform name="peon Pelvis" m00="-0.0865501" m01="-0.111469" m02="0.989992" m03="0" m10="0.806276" m11="-0.591527" m12="0.00388536" m13="0" m20="0.585174" m21="0.798543" m22="0.141071" m23="0" m30="0.169245" m31="-0.115019" m32="0.503923" m33="1"/>
		<transform name="peon Ponytail1" m00="-0.618047" m01="0.0202891" m02="0.785879" m03="0" m10="-0.785875" m11="0.0100942" m12="-0.618304" m13="0" m20="-0.0204777" m21="-0.999743" m22="0.00970599" m23="0" m30="-0.0991013" m31="-0.110403" m32="1.37882" m33="1"/>
		<transform name="peon Prop1" m00="-0.167538" m01="0.976616" m02="-0.13473" m03="0" m10="-0.937183" m11="-0.200185" m12="-0.285682" m13="0" m20="-0.305973" m21="0.0784036" m22="0.948806" m23="0" m30="0.523311" m31="-0.398325" m32="0.785232" m33="1"/>
		<transform name="peon R Calf" m00="-0.803662" m01="0.173347" m02="-0.569278" m03="0" m10="0.304739" m11="-0.701796" m12="-0.643907" m13="0" m20="-0.511137" m21="-0.690965" m22="0.511182" m23="0" m30="-0.0265151" m31="-0.214972" m32="0.369283" m33="1"/>
		<transform name="peon R Clavicle" m00="0.518434" m01="-0.792548" m02="0.321082" m03="0" m10="-0.461194" m11="-0.57534" m12="-0.675488" m13="0" m20="0.720088" m21="0.202115" m22="-0.663794" m23="0" m30="0.0655699" m31="-0.166224" m32="0.916832" m33="1"/>
		<transform name="peon R Foot" m00="-0.793444" m01="-0.00899347" m02="-0.608577" m03="0" m10="0.608557" m11="0.00515797" m12="-0.793494" m13="0" m20="0.0102753" m21="-0.999946" m22="0.00138046" m23="0" m30="-0.176124" m31="-0.182702" m32="0.263306" m33="1"/>
		<transform name="peon R Forearm" m00="0.939604" m01="0.238144" m02="0.245827" m03="0" m10="0.247439" m11="-0.968877" m12="-0.00716852" m13="0" m20="0.236469" m21="0.0675627" m22="-0.969287" m23="0" m30="0.198439" m31="-0.457646" m32="0.959051" m33="1"/>
		<transform name="peon R Hand" m00="0.947417" m01="0.196578" m02="0.252505" m03="0" m10="-0.16199" m11="0.975117" m12="-0.151344" m13="0" m20="-0.275973" m21="0.102483" m22="0.955686" m23="0" m30="0.352111" m31="-0.418698" m32="0.999256" m33="1"/>
		<transform name="peon R Thigh" m00="-0.718609" m01="0.0172721" m02="-0.695199" m03="0" m10="0.471529" m11="-0.722682" m12="-0.505362" m13="0" m20="-0.511137" m21="-0.690965" m22="0.511182" m23="0" m30="0.0938782" m31="-0.217866" m32="0.485754" m33="1"/>
		<transform name="peon R Toe0" m00="0.762946" m01="0.00694759" m02="-0.646424" m03="0" m10="0.64638" m11="0.00769561" m12="0.762977" m13="0" m20="0.0102755" m21="-0.999946" m22="0.00138053" m23="0" m30="-0.189621" m31="-0.183049" m32="0.112151" m33="1"/>
		<transform name="peon R UpperArm" m00="0.338063" m01="-0.940972" m02="0.0168855" m03="0" m10="-0.910931" m11="-0.331673" m12="-0.245351" m13="0" m20="0.236469" m21="0.0675627" m22="-0.969287" m23="0" m30="0.128063" m31="-0.26176" m32="0.955536" m33="1"/>
		<transform name="peon Spine" m00="0.358094" m01="-0.168316" m02="0.918389" m03="0" m10="0.924388" m11="-0.0745502" m12="-0.374096" m13="0" m20="0.131432" m21="0.98291" m22="0.128893" m23="0" m30="0.12311" m31="-0.105005" m32="0.638349" m33="1"/>
		<transform name="peon Spine1" m00="-0.222895" m01="-0.0854619" m02="0.971089" m03="0" m10="0.931038" m11="0.276591" m12="0.238043" m13="0" m20="-0.288938" m21="0.95718" m22="0.0179177" m23="0" m30="0.160988" m31="-0.122869" m32="0.735673" m33="1"/>
		<transform name="peon Spine2" m00="-0.719721" m01="-0.201657" m02="0.664332" m03="0" m10="0.461768" m11="0.575499" m12="0.67496" m13="0" m20="-0.518432" m21="0.79255" m22="-0.32108" m23="0" m30="0.137322" m31="-0.131978" m32="0.838544" m33="1"/>
		<transform name="peon Tail" m00="0.0871915" m01="0.110996" m02="-0.989989" m03="0" m10="0.806207" m11="-0.591615" m12="0.00467413" m13="0" m20="-0.585173" m21="-0.798543" m22="-0.14107" m23="0" m30="0.219298" m31="-0.147448" m32="0.479861" m33="1"/>
	</frame>
	<frame index="5">
		<transform name="peon Head" m00="-0.377657" m01="0.000713789" m02="0.925945" m03="0" m10="0.925868" m11="-0.0126162" m12="0.377635" m13="0" m20="0.0119514" m21="0.99992" m22="0.00410373" m23="0" m30="-0.0361174" m31="-0.110095" m32="0.990164" m33="1"/>
		<transform name="peon L Calf" m00="0.388037" m01="-0.0585555" m02="-0.919782" m03="0" m10="0.921181" m11="-0.00697262" m12="0.389072" m13="0" m20="-0.0291955" m21="-0.99826" m22="0.0512346" m23="0" m30="0.38192" m31="-0.0108728" m32="0.504335" m33="1"/>
		<transform name="peon L Clavicle" m00="-0.534221" m01="0.805389" m02="-0.25682" m03="0" m10="-0.456739" m11="-0.530641" m12="-0.71401" m13="0" m20="-0.711335" m21="-0.264139" m22="0.651332" m23="0" m30="0.0300314" m31="-0.13365" m32="0.94618" m33="1"/>
		<transform name="peon L Finger0" m00="0.827463" m01="-0.402237" m02="-0.391805" m03="0" m10="-0.561246" m11="-0.614282" m12="-0.554672" m13="0" m20="-0.017569" m21="0.678869" m22="-0.734049" m23="0" m30="0.139273" m31="0.247589" m32="0.734139" m33="1"/>
		<transform name="peon L Finger01" m00="-0.216686" m01="-0.719299" m02="-0.660042" m03="0" m10="-0.976083" m11="0.147462" m12="0.159739" m13="0" m20="-0.017569" m21="0.678869" m22="-0.734049" m23="0" m30="0.217262" m31="0.209678" m32="0.697211" m33="1"/>
		<transform name="peon L Finger1" m00="0.572859" m01="-0.336059" m02="-0.747594" m03="0" m10="-0.00875528" m11="-0.914542" m12="0.404396" m13="0" m20="-0.819607" m21="-0.225116" m22="-0.526845" m23="0" m30="0.0693853" m31="0.266129" m32="0.560884" m33="1"/>
		<transform name="peon L Finger11" m00="-0.0413315" m01="-0.893942" m02="0.446273" m03="0" m10="-0.571433" m11="0.387544" m12="0.723377" m13="0" m20="-0.819607" m21="-0.225116" m22="-0.526845" m23="0" m30="0.112633" m31="0.240759" m32="0.504445" m33="1"/>
		<transform name="peon L Foot" m00="0.826606" m01="0.00240981" m02="-0.562776" m03="0" m10="0.559514" m11="-0.111123" m12="0.821338" m13="0" m20="-0.0605579" m21="-0.993804" m22="-0.0932029" m23="0" m30="0.454157" m31="-0.0217735" m32="0.333109" m33="1"/>
