<?xml version="1.0" encoding="ISO-8859-1" standalone="yes"?>
<!DOCTYPE animation [
    <!ELEMENT animation  (frame+)>
    <!ELEMENT frame      (transform+)>
    <!ELEMENT transform   EMPTY>
    <!ATTLIST frame index CDATA #REQUIRED>
    <!ATTLIST transform name CDATA #REQUIRED>
    <!ATTLIST transform m00 CDATA #REQUIRED>
    <!ATTLIST transform m01 CDATA #REQUIRED>
    <!ATTLIST transform m02 CDATA #REQUIRED>
    <!ATTLIST transform m03 CDATA #REQUIRED>
    <!ATTLIST transform m10 CDATA #REQUIRED>
    <!ATTLIST transform m11 CDATA #REQUIRED>
    <!ATTLIST transform m12 CDATA #REQUIRED>
    <!ATTLIST transform m13 CDATA #REQUIRED>
    <!ATTLIST transform m20 CDATA #REQUIRED>
    <!ATTLIST transform m21 CDATA #REQUIRED>
    <!ATTLIST transform m22 CDATA #REQUIRED>
    <!ATTLIST transform m23 CDATA #REQUIRED>
    <!ATTLIST transform m30 CDATA #REQUIRED>
    <!ATTLIST transform m31 CDATA #REQUIRED>
    <!ATTLIST transform m32 CDATA #REQUIRED>
    <!ATTLIST transform m33 CDATA #REQUIRED>
]>

<animation>
    <frame index="0">
        <transform name='peon Pelvis'
            m00='2.8998540528846206e-06' m10='-1.3686410511581926e-06' m20='-1.0' m30='2.958051936730044e-08'
            m01='-0.9580674767494202' m11='0.28654274344444275' m21='-3.1704300909041194e-06' m31='0.29901570081710815'
            m02='0.28654274344444275' m12='0.9580674767494202' m22='-4.803183060175797e-07' m32='0.346097856760025'
            m03='0.0' m13='0.0' m23='0.0' m33='1.0'/>
        <transform name='peon Spine'
            m00='-1.0097674021380953e-05' m10='3.6388925650499004e-07' m20='1.0' m30='3.361159883752407e-08'
            m01='0.999607503414154' m11='0.028017161414027214' m21='1.0083515007863753e-05' m31='0.37879568338394165'
            m02='-0.028017133474349976' m12='0.9996073246002197' m22='-6.466540867222648e-07' m32='0.4641287624835968'
            m03='0.0' m13='0.0' m23='0.0' m33='1.0'/>
        <transform name='peon L Thigh'
            m00='-0.03838179260492325' m10='0.02489769272506237' m20='-0.9989528656005859' m30='0.12879301607608795'
            m01='-0.2646094858646393' m11='-0.9642558097839355' m21='-0.013866037130355835' m31='0.2990158498287201'
            m02='-0.9635913372039795' m12='0.26379984617233276' m22='0.0435979925096035' m32='0.3460976481437683'
            m03='0.0' m13='0.0' m23='0.0' m33='1.0'/>
        <transform name='peon L Calf'
            m00='0.10648343712091446' m10='0.013566767796874046' m20='-0.9942219853401184' m30='0.13296401500701904'
            m01='0.7434548735618591' m11='-0.6650545001029968' m21='0.07055066525936127' m31='0.1374676525592804'
            m02='-0.6602544188499451' m12='-0.746671736240387' m22='-0.08090357482433319' m32='0.3902939558029175'
            m03='0.0' m13='0.0' m23='0.0' m33='1.0'/>
        <transform name='peon L Foot'
            m00='-0.08484240621328354' m10='-0.02741946093738079' m20='0.9960172772407532' m30='0.1353389173746109'
            m01='-0.6183313727378845' m11='-0.7824059128761292' m21='-0.07420949637889862' m31='0.01363273523747921'
            m02='0.7813243269920349' m12='-0.622164785861969' m22='0.04942692443728447' m32='0.2513178884983063'
            m03='0.0' m13='0.0' m23='0.0' m33='1.0'/>
        <transform name='peon L Toe0'
            m00='0.027096986770629883' m10='-0.08476141840219498' m20='0.9960330724716187' m30='0.12314198911190033'
            m01='0.7823688983917236' m11='-0.6184138655662537' m21='-0.07391076534986496' m31='-0.13580022752285004'
            m02='0.622225284576416' m12='0.7812677621841431' m22='0.04955759271979332' m32='0.27469298243522644'
            m03='0.0' m13='0.0' m23='0.0' m33='1.0'/>
        <transform name='peon Spine1'
            m00='0.061751075088977814' m10='0.005967810284346342' m20='0.9980737566947937' m30='8.155848263413645e-08'
            m01='0.9651960730552673' m11='-0.2549706697463989' m21='-0.05819238722324371' m31='0.3818477690219879'
            m02='0.25413215160369873' m12='0.9669302701950073' m22='-0.02150481753051281' m32='0.5700644254684448'
            m03='0.0' m13='0.0' m23='0.0' m33='1.0'/>
        <transform name='peon Spine2'
            m00='0.059840425848960876' m10='0.016605498269200325' m20='0.9980699419975281' m30='0.0006379022379405797'
            m01='0.9948042631149292' m11='-0.08349314332008362' m21='-0.058255504816770554' m31='0.3549097180366516'
            m02='0.08236454427242279' m12='0.9963700175285339' m22='-0.02151547744870186' m32='0.6725619435310364'
            m03='0.0' m13='0.0' m23='0.0' m33='1.0'/>
        <transform name='peon Neck'
            m00='0.06134364381432533' m10='-0.009420843794941902' m20='0.9980722665786743' m30='0.002478216541931033'
            m01='0.8727560639381409' m11='-0.48467299342155457' m21='-0.058216292411088943' m31='0.34574273228645325'
            m02='0.48428699374198914' m12='0.8746447563171387' m22='-0.021509503945708275' m32='0.7827517986297607'
            m03='0.0' m13='0.0' m23='0.0' m33='1.0'/>
        <transform name='peon L Clavicle'
            m00='-0.0610172264277935' m10='0.9980717897415161' m20='0.011378291063010693' m30='0.017524564638733864'
            m01='-0.9838785529136658' m11='-0.05822179839015007' m21='-0.169094979763031' m31='0.344801127910614'
            m02='-0.16810636222362518' m12='-0.021512558683753014' m22='0.9855340719223022' m32='0.782392144203186'
            m03='0.0' m13='0.0' m23='0.0' m33='1.0'/>
        <transform name='peon L UpperArm'
            m00='-0.9983083009719849' m10='0.057095613330602646' m20='0.010999519377946854' m30='0.13783520460128784'
            m01='-0.05688190832734108' m11='-0.9197566509246826' m21='-0.3883458077907562' m31='0.3377828598022461'
            m02='-0.012055967003107071' m12='-0.3883143663406372' m22='0.9214481711387634' m32='0.7797989845275879'
            m03='0.0' m13='0.0' m23='0.0' m33='1.0'/>
        <transform name='peon L Forearm'
            m00='-0.8712747693061829' m10='0.48438262939453125' m20='0.07907949388027191' m30='0.14972129464149475'
            m01='-0.47329437732696533' m11='-0.8718719482421875' m21='0.12582454085350037' m31='0.14631278812885284'
            m02='0.12989439070224762' m12='0.07219997048377991' m22='0.9888957142829895' m32='0.6989617347717285'
            m03='0.0' m13='0.0' m23='0.0' m33='1.0'/>
        <transform name='peon L Hand'
            m00='0.01762235164642334' m10='0.44205427169799805' m20='0.8968152403831482' m30='0.2289031594991684'
            m01='0.10133589804172516' m11='-0.8931257724761963' m21='0.4382442235946655' m31='0.003698050742968917'
            m02='0.9946961998939514' m12='0.0831567794084549' m22='-0.060534775257110596' m32='0.7107654809951782'
            m03='0.0' m13='0.0' m23='0.0' m33='1.0'/>
        <transform name='peon L Finger1'
            m00='0.08617058396339417' m10='0.32056355476379395' m20='0.9432991147041321' m30='0.310497522354126'
            m01='-0.05290890485048294' m11='-0.9440129995346069' m21='0.3256390392780304' m31='-0.16116373240947723'
            m02='0.9948742389678955' m12='-0.07796934992074966' m22='-0.0643852949142456' m32='0.7260966897010803'
            m03='0.0' m13='0.0' m23='0.0' m33='1.0'/>
        <transform name='peon L Finger11'
            m00='0.5494066476821899' m10='-0.04983685538172722' m20='0.8340668678283691' m30='0.33470669388771057'
            m01='-0.5534936189651489' m11='-0.7695012092590332' m21='0.3186112344264984' m31='-0.23243042826652527'
            m02='0.6259369850158691' m12='-0.6366978883743286' m22='-0.45035311579704285' m32='0.7202386260032654'
            m03='0.0' m13='0.0' m23='0.0' m33='1.0'/>
        <transform name='peon L Finger0'
            m00='0.12788832187652588' m10='0.0631791353225708' m20='-0.989774227142334' m30='0.14549727737903595'
            m01='-0.7625511884689331' m11='-0.6318491697311401' m21='-0.13886097073554993' m31='-0.10236149281263351'
            m02='-0.6341608762741089' m12='0.7725120782852173' m22='-0.03262898325920105' m32='0.7936394810676575'
            m03='0.0' m13='0.0' m23='0.0' m33='1.0'/>
        <transform name='peon L Finger01'
            m00='0.3930938243865967' m10='-0.3896329700946808' m20='-0.83286452293396' m30='0.15150749683380127'
            m01='-0.48786604404449463' m11='-0.8561521172523499' m21='0.17026516795158386' m31='-0.1618238091468811'
            m02='-0.7793993353843689' m12='0.3393961489200592' m22='-0.5266368985176086' m32='0.8664984703063965'
            m03='0.0' m13='0.0' m23='0.0' m33='1.0'/>
        <transform name='peon R Clavicle'
            m00='-0.0610172301530838' m10='-0.9980718493461609' m20='-0.011378277093172073' m30='-0.01257709227502346'
            m01='-0.9838785529136658' m11='0.05822180211544037' m21='0.16909515857696533' m31='0.34655696153640747'
            m02='-0.1681065708398819' m12='0.021512560546398163' m22='-0.9855339527130127' m32='0.7830410003662109'
            m03='0.0' m13='0.0' m23='0.0' m33='1.0'/>
        <transform name='peon R UpperArm'
            m00='0.9925925731658936' m10='-0.11999397724866867' m20='-0.019017798826098442' m30='-0.13288728892803192'
            m01='-0.11901368200778961' m11='-0.9918144345283508' m21='0.0462578609585762' m31='0.3535756468772888'
            m02='-0.024412790313363075' m12='-0.04365174472332001' m22='-0.9987484216690063' m32='0.7856342792510986'
            m03='0.0' m13='0.0' m23='0.0' m33='1.0'/>
        <transform name='peon R Forearm'
            m00='-0.2392352819442749' m10='-0.16184774041175842' m20='-0.9573777914047241' m30='-0.15786704421043396'
            m01='-0.3461471498012543' m11='-0.9070080518722534' m21='0.23982994258403778' m31='0.14710503816604614'
            m02='-0.9071652293205261' m12='0.3887694478034973' m22='0.1609651744365692' m32='0.7765469551086426'
            m03='0.0' m13='0.0' m23='0.0' m33='1.0'/>
        <transform name='peon R Hand'
            m00='0.9628288745880127' m10='0.13969160616397858' m20='-0.23118650913238525' m30='-0.1843377947807312'
            m01='-0.03385132551193237' m11='-0.7867379784584045' m21='-0.6163580417633057' m31='-0.001279905904084444'
            m02='-0.2679833173751831' m12='0.6012734174728394' m22='-0.7527651190757751' m32='0.8400246500968933'
            m03='0.0' m13='0.0' m23='0.0' m33='1.0'/>
        <transform name='peon Prop1'
            m00='0.32131344079971313' m10='0.9464071989059448' m20='-0.03274223208427429' m30='-0.08293280005455017'
            m01='-0.9466724991798401' m11='0.32014840841293335' m21='-0.03627821058034897' m31='0.23875102400779724'
            m02='-0.02385149896144867' m12='0.042652517557144165' m22='0.9988054633140564' m32='0.9216827154159546'
            m03='0.0' m13='0.0' m23='0.0' m33='1.0'/>
        <transform name='peon Head'
            m00='-0.02719072625041008' m10='-0.05222787335515022' m20='-0.9982650279998779' m30='0.0016153118340298533'
            m01='-0.9702527523040771' m11='-0.23894375562667847' m21='0.03892895579338074' m31='0.3013482987880707'
            m02='-0.2405622899532318' m12='0.9696276187896729' m22='-0.04417716711759567' m32='0.8628658056259155'
            m03='0.0' m13='0.0' m23='0.0' m33='1.0'/>
        <transform name='peon Ponytail1'
            m00='-0.0379195399582386' m10='-0.03360887989401817' m20='-0.9987155795097351' m30='-0.02373620495200157'
            m01='-0.998253583908081' m11='0.04657981917262077' m21='0.036334503442049026' m31='0.10417035967111588'
            m02='0.045298829674720764' m12='0.9983487725257874' m22='-0.03531645983457565' m32='1.2619768381118774'
            m03='0.0' m13='0.0' m23='0.0' m33='1.0'/>
        <transform name='peon Tail'
            m00='0.00017545363516546786' m10='-1.7197453416883945e-07' m20='-1.0' m30='2.695281509090819e-08'
            m01='0.03199798986315727' m11='-0.9994898438453674' m21='5.785361281596124e-06' m31='0.23502926528453827'
            m02='-0.9994885921478271' m12='-0.03199614956974983' m22='-0.0001753580872900784' m32='0.33961567282676697'
            m03='0.0' m13='0.0' m23='0.0' m33='1.0'/>
        <transform name='peon R Thigh'
            m00='0.03844158351421356' m10='-0.024897461757063866' m20='-0.9989506602287292' m30='-0.12879300117492676'
            m01='-0.1727895736694336' m11='-0.9847970604896545' m21='0.017895476892590523' m31='0.299015611410141'
            m02='-0.9842084050178528' m12='0.17192110419273376' m22='-0.04215921461582184' m32='0.3460977375507355'
            m03='0.0' m13='0.0' m23='0.0' m33='1.0'/>
        <transform name='peon R Calf'
            m00='-0.13212552666664124' m10='-0.11193446815013885' m20='-0.9848926663398743' m30='-0.13296398520469666'
            m01='0.8640140891075134' m11='-0.49999016523361206' m21='-0.059084758162498474' m31='0.1340256929397583'
            m02='-0.48582348227500916' m12='-0.8587669134140015' m22='0.16277432441711426' m32='0.3749006688594818'
            m03='0.0' m13='0.0' m23='0.0' m33='1.0'/>
        <transform name='peon R Foot'
            m00='0.12684983015060425' m10='-0.06630432605743408' m20='0.989703357219696' m30='-0.15384118258953094'
            m01='-0.7669268846511841' m11='-0.6393342614173889' m21='0.055464986711740494' m31='0.04128929600119591'
            m02='0.6290740370750427' m12='-0.7660651803016663' m22='-0.13194991648197174' m32='0.21484093368053436'
            m03='0.0' m13='0.0' m23='0.0' m33='1.0'/>
        <transform name='peon R Toe0'
            m00='0.06620718538761139' m10='0.1269371062517166' m20='0.9896987080574036' m30='-0.146444171667099'
            m01='0.639940083026886' m11='-0.7664196491241455' m21='0.05549004301428795' m31='-0.11019034683704376'
            m02='0.7655676007270813' m12='0.6296743750572205' m22='-0.13197453320026398' m32='0.20663830637931824'
            m03='0.0' m13='0.0' m23='0.0' m33='1.0'/>
    </frame>
    <frame index="1">
        <transform name='peon Pelvis'
            m00='2.8998540528846206e-06' m10='-1.3686410511581926e-06' m20='-1.0' m30='2.958051936730044e-08'
            m01='-0.9580674767494202' m11='0.28654274344444275' m21='-3.1704300909041194e-06' m31='0.29901570081710815'
            m02='0.28654274344444275' m12='0.9580674767494202' m22='-4.803183060175797e-07' m32='0.346097856760025'
            m03='0.0' m13='0.0' m23='0.0' m33='1.0'/>
        <transform name='peon Spine'
            m00='-1.0097674021380953e-05' m10='3.6388925650499004e-07' m20='1.0' m30='3.361159883752407e-08'
            m01='0.999607503414154' m11='0.028017161414027214' m21='1.0083515007863753e-05' m31='0.37879568338394165'
            m02='-0.028017133474349976' m12='0.9996073246002197' m22='-6.466540867222648e-07' m32='0.4641287624835968'
            m03='0.0' m13='0.0' m23='0.0' m33='1.0'/>
        <transform name='peon L Thigh'
            m00='-0.03838179260492325' m10='0.02489769272506237' m20='-0.9989528656005859' m30='0.12879301607608795'
            m01='-0.2646094858646393' m11='-0.9642558097839355' m21='-0.013866037130355835' m31='0.2990158498287201'
            m02='-0.9635913372039795' m12='0.26379984617233276' m22='0.0435979925096035' m32='0.3460976481437683'
            m03='0.0' m13='0.0' m23='0.0' m33='1.0'/>
        <transform name='peon L Calf'
            m00='0.10648343712091446' m10='0.013566767796874046' m20='-0.9942219853401184' m30='0.13296401500701904'
            m01='0.7434548735618591' m11='-0.6650545001029968' m21='0.07055066525936127' m31='0.1374676525592804'
            m02='-0.6602544188499451' m12='-0.746671736240387' m22='-0.08090357482433319' m32='0.3902939558029175'
            m03='0.0' m13='0.0' m23='0.0' m33='1.0'/>
        <transform name='peon L Foot'
            m00='-0.08484240621328354' m10='-0.02741946093738079' m20='0.9960172772407532' m30='0.1353389173746109'
            m01='-0.6183313727378845' m11='-0.7824059128761292' m21='-0.07420949637889862' m31='0.01363273523747921'
            m02='0.7813243269920349' m12='-0.622164785861969' m22='0.04942692443728447' m32='0.2513178884983063'
            m03='0.0' m13='0.0' m23='0.0' m33='1.0'/>
        <transform name='peon L Toe0'
            m00='0.027096986770629883' m10='-0.08476141840219498' m20='0.9960330724716187' m30='0.12314198911190033'
            m01='0.7823688983917236' m11='-0.6184138655662537' m21='-0.07391076534986496' m31='-0.13580022752285004'
            m02='0.622225284576416' m12='0.7812677621841431' m22='0.04955759271979332' m32='0.27469298243522644'
            m03='0.0' m13='0.0' m23='0.0' m33='1.0'/>
        <transform name='peon Spine1'
            m00='0.061751075088977814' m10='0.005967810284346342' m20='0.9980737566947937' m30='8.155848263413645e-08'
            m01='0.9651960730552673' m11='-0.2549706697463989' m21='-0.05819238722324371' m31='0.3818477690219879'
            m02='0.25413215160369873' m12='0.9669302701950073' m22='-0.02150481753051281' m32='0.5700644254684448'
            m03='0.0' m13='0.0' m23='0.0' m33='1.0'/>
        <transform name='peon Spine2'
            m00='0.059840425848960876' m10='0.016605498269200325' m20='0.9980699419975281' m30='0.0006379022379405797'
            m01='0.9948042631149292' m11='-0.08349314332008362' m21='-0.058255504816770554' m31='0.3549097180366516'
            m02='0.08236454427242279' m12='0.9963700175285339' m22='-0.02151547744870186' m32='0.6725619435310364'
            m03='0.0' m13='0.0' m23='0.0' m33='1.0'/>
        <transform name='peon Neck'
            m00='0.06134364381432533' m10='-0.009420843794941902' m20='0.9980722665786743' m30='0.002478216541931033'
            m01='0.8727560639381409' m11='-0.48467299342155457' m21='-0.058216292411088943' m31='0.34574273228645325'
            m02='0.48428699374198914' m12='0.8746447563171387' m22='-0.021509503945708275' m32='0.7827517986297607'
            m03='0.0' m13='0.0' m23='0.0' m33='1.0'/>
        <transform name='peon L Clavicle'
            m00='-0.0610172264277935' m10='0.9980717897415161' m20='0.011378291063010693' m30='0.017524564638733864'
            m01='-0.9838785529136658' m11='-0.05822179839015007' m21='-0.169094979763031' m31='0.344801127910614'
            m02='-0.16810636222362518' m12='-0.021512558683753014' m22='0.9855340719223022' m32='0.782392144203186'
            m03='0.0' m13='0.0' m23='0.0' m33='1.0'/>
        <transform name='peon L UpperArm'
            m00='-0.9983083009719849' m10='0.057095613330602646' m20='0.010999519377946854' m30='0.13783520460128784'
            m01='-0.05688190832734108' m11='-0.9197566509246826' m21='-0.3883458077907562' m31='0.3377828598022461'
            m02='-0.012055967003107071' m12='-0.3883143663406372' m22='0.9214481711387634' m32='0.7797989845275879'
            m03='0.0' m13='0.0' m23='0.0' m33='1.0'/>
        <transform name='peon L Forearm'
            m00='-0.8712747693061829' m10='0.48438262939453125' m20='0.07907949388027191' m30='0.14972129464149475'
            m01='-0.47329437732696533' m11='-0.8718719482421875' m21='0.12582454085350037' m31='0.14631278812885284'
            m02='0.12989439070224762' m12='0.07219997048377991' m22='0.9888957142829895' m32='0.6989617347717285'
            m03='0.0' m13='0.0' m23='0.0' m33='1.0'/>
        <transform name='peon L Hand'
            m00='0.01762235164642334' m10='0.44205427169799805' m20='0.8968152403831482' m30='0.2289031594991684'
            m01='0.10133589804172516' m11='-0.8931257724761963' m21='0.4382442235946655' m31='0.003698050742968917'
            m02='0.9946961998939514' m12='0.0831567794084549' m22='-0.060534775257110596' m32='0.7107654809951782'
            m03='0.0' m13='0.0' m23='0.0' m33='1.0'/>
        <transform name='peon L Finger1'
            m00='0.08617058396339417' m10='0.32056355476379395' m20='0.9432991147041321' m30='0.310497522354126'
            m01='-0.05290890485048294' m11='-0.9440129995346069' m21='0.3256390392780304' m31='-0.16116373240947723'
            m02='0.9948742389678955' m12='-0.07796934992074966' m22='-0.0643852949142456' m32='0.7260966897010803'
            m03='0.0' m13='0.0' m23='0.0' m33='1.0'/>
        <transform name='peon L Finger11'
            m00='0.5494066476821899' m10='-0.04983685538172722' m20='0.8340668678283691' m30='0.33470669388771057'
            m01='-0.5534936189651489' m11='-0.7695012092590332' m21='0.3186112344264984' m31='-0.23243042826652527'
            m02='0.6259369850158691' m12='-0.6366978883743286' m22='-0.45035311579704285' m32='0.7202386260032654'
            m03='0.0' m13='0.0' m23='0.0' m33='1.0'/>
        <transform name='peon L Finger0'
            m00='0.12788832187652588' m10='0.0631791353225708' m20='-0.989774227142334' m30='0.14549727737903595'
            m01='-0.7625511884689331' m11='-0.6318491697311401' m21='-0.13886097073554993' m31='-0.10236149281263351'
            m02='-0.6341608762741089' m12='0.7725120782852173' m22='-0.03262898325920105' m32='0.7936394810676575'
            m03='0.0' m13='0.0' m23='0.0' m33='1.0'/>
        <transform name='peon L Finger01'
            m00='0.3930938243865967' m10='-0.3896329700946808' m20='-0.83286452293396' m30='0.15150749683380127'
            m01='-0.48786604404449463' m11='-0.8561521172523499' m21='0.17026516795158386' m31='-0.1618238091468811'
            m02='-0.7793993353843689' m12='0.3393961489200592' m22='-0.5266368985176086' m32='0.8664984703063965'
            m03='0.0' m13='0.0' m23='0.0' m33='1.0'/>
        <transform name='peon R Clavicle'
            m00='-0.0610172301530838' m10='-0.9980718493461609' m20='-0.011378277093172073' m30='-0.01257709227502346'
            m01='-0.9838785529136658' m11='0.05822180211544037' m21='0.16909515857696533' m31='0.34655696153640747'
            m02='-0.1681065708398819' m12='0.021512560546398163' m22='-0.9855339527130127' m32='0.7830410003662109'
            m03='0.0' m13='0.0' m23='0.0' m33='1.0'/>
        <transform name='peon R UpperArm'
            m00='0.9925925731658936' m10='-0.11999397724866867' m20='-0.019017798826098442' m30='-0.13288728892803192'
            m01='-0.11901368200778961' m11='-0.9918144345283508' m21='0.0462578609585762' m31='0.3535756468772888'
            m02='-0.024412790313363075' m12='-0.04365174472332001' m22='-0.9987484216690063' m32='0.7856342792510986'
            m03='0.0' m13='0.0' m23='0.0' m33='1.0'/>
        <transform name='peon R Forearm'
            m00='-0.2392352819442749' m10='-0.16184774041175842' m20='-0.9573777914047241' m30='-0.15786704421043396'
            m01='-0.3461471498012543' m11='-0.9070080518722534' m21='0.23982994258403778' m31='0.14710503816604614'
            m02='-0.9071652293205261' m12='0.3887694478034973' m22='0.1609651744365692' m32='0.7765469551086426'
            m03='0.0' m13='0.0' m23='0.0' m33='1.0'/>
        <transform name='peon R Hand'
            m00='0.9628288745880127' m10='0.13969160616397858' m20='-0.23118650913238525' m30='-0.1843377947807312'
            m01='-0.03385132551193237' m11='-0.7867379784584045' m21='-0.6163580417633057' m31='-0.001279905904084444'
            m02='-0.2679833173751831' m12='0.6012734174728394' m22='-0.7527651190757751' m32='0.8400246500968933'
            m03='0.0' m13='0.0' m23='0.0' m33='1.0'/>
        <transform name='peon Prop1'
            m00='0.32131344079971313' m10='0.9464071989059448' m20='-0.03274223208427429' m30='-0.08293280005455017'
            m01='-0.9466724991798401' m11='0.32014840841293335' m21='-0.03627821058034897' m31='0.23875102400779724'
            m02='-0.02385149896144867' m12='0.042652517557144165' m22='0.9988054633140564' m32='0.9216827154159546'
            m03='0.0' m13='0.0' m23='0.0' m33='1.0'/>
        <transform name='peon Head'
            m00='-0.02719072625041008' m10='-0.05222787335515022' m20='-0.9982650279998779' m30='0.0016153118340298533'
            m01='-0.9702527523040771' m11='-0.23894375562667847' m21='0.03892895579338074' m31='0.3013482987880707'
            m02='-0.2405622899532318' m12='0.9696276187896729' m22='-0.04417716711759567' m32='0.8628658056259155'
            m03='0.0' m13='0.0' m23='0.0' m33='1.0'/>
        <transform name='peon Ponytail1'
            m00='-0.0379195399582386' m10='-0.03360887989401817' m20='-0.9987155795097351' m30='-0.02373620495200157'
            m01='-0.998253583908081' m11='0.04657981917262077' m21='0.036334503442049026' m31='0.10417035967111588'
            m02='0.045298829674720764' m12='0.9983487725257874' m22='-0.03531645983457565' m32='1.2619768381118774'
            m03='0.0' m13='0.0' m23='0.0' m33='1.0'/>
        <transform name='peon Tail'
            m00='0.00017545363516546786' m10='-1.7197453416883945e-07' m20='-1.0' m30='2.695281509090819e-08'
            m01='0.03199798986315727' m11='-0.9994898438453674' m21='5.785361281596124e-06' m31='0.23502926528453827'
            m02='-0.9994885921478271' m12='-0.03199614956974983' m22='-0.0001753580872900784' m32='0.33961567282676697'
            m03='0.0' m13='0.0' m23='0.0' m33='1.0'/>
        <transform name='peon R Thigh'
            m00='0.03844158351421356' m10='-0.024897461757063866' m20='-0.9989506602287292' m30='-0.12879300117492676'
            m01='-0.1727895736694336' m11='-0.9847970604896545' m21='0.017895476892590523' m31='0.299015611410141'
            m02='-0.9842084050178528' m12='0.17192110419273376' m22='-0.04215921461582184' m32='0.3460977375507355'
            m03='0.0' m13='0.0' m23='0.0' m33='1.0'/>
        <transform name='peon R Calf'
            m00='-0.13212552666664124' m10='-0.11193446815013885' m20='-0.9848926663398743' m30='-0.13296398520469666'
            m01='0.8640140891075134' m11='-0.49999016523361206' m21='-0.059084758162498474' m31='0.1340256929397583'
            m02='-0.48582348227500916' m12='-0.8587669134140015' m22='0.16277432441711426' m32='0.3749006688594818'
            m03='0.0' m13='0.0' m23='0.0' m33='1.0'/>
        <transform name='peon R Foot'
            m00='0.12684983015060425' m10='-0.06630432605743408' m20='0.989703357219696' m30='-0.15384118258953094'
            m01='-0.7669268846511841' m11='-0.6393342614173889' m21='0.055464986711740494' m31='0.04128929600119591'
            m02='0.6290740370750427' m12='-0.7660651803016663' m22='-0.13194991648197174' m32='0.21484093368053436'
            m03='0.0' m13='0.0' m23='0.0' m33='1.0'/>
        <transform name='peon R Toe0'
            m00='0.06620718538761139' m10='0.1269371062517166' m20='0.9896987080574036' m30='-0.146444171667099'
            m01='0.639940083026886' m11='-0.7664196491241455' m21='0.05549004301428795' m31='-0.11019034683704376'
            m02='0.7655676007270813' m12='0.6296743750572205' m22='-0.13197453320026398' m32='0.20663830637931824'
            m03='0.0' m13='0.0' m23='0.0' m33='1.0'/>
    </frame>
    <frame index="2">
        <transform name='peon Pelvis'
            m00='2.8998540528846206e-06' m10='-1.3686410511581926e-06' m20='-1.0' m30='2.958051936730044e-08'
            m01='-0.9580674767494202' m11='0.28654274344444275' m21='-3.1704300909041194e-06' m31='0.29901570081710815'
            m02='0.28654274344444275' m12='0.9580674767494202' m22='-4.803183060175797e-07' m32='0.346097856760025'
            m03='0.0' m13='0.0' m23='0.0' m33='1.0'/>
        <transform name='peon Spine'
            m00='-1.0097674021380953e-05' m10='3.6388925650499004e-07' m20='1.0' m30='3.361159883752407e-08'
            m01='0.999607503414154' m11='0.028017161414027214' m21='1.0083515007863753e-05' m31='0.37879568338394165'
            m02='-0.028017133474349976' m12='0.9996073246002197' m22='-6.466540867222648e-07' m32='0.4641287624835968'
            m03='0.0' m13='0.0' m23='0.0' m33='1.0'/>
        <transform name='peon L Thigh'
            m00='-0.03838179260492325' m10='0.02489769272506237' m20='-0.9989528656005859' m30='0.12879301607608795'
            m01='-0.2646094858646393' m11='-0.9642558097839355' m21='-0.013866037130355835' m31='0.2990158498287201'
            m02='-0.9635913372039795' m12='0.26379984617233276' m22='0.0435979925096035' m32='0.3460976481437683'
            m03='0.0' m13='0.0' m23='0.0' m33='1.0'/>
        <transform name='peon L Calf'
            m00='0.10676251351833344' m10='0.014016052708029747' m20='-0.9941858053207397' m30='0.13296401500701904'
            m01='0.7434081435203552' m11='-0.6651167869567871' m21='0.07045549154281616' m31='0.1374676525592804'
            m02='-0.6602619886398315' m12='-0.7466078996658325' m22='-0.08142919093370438' m32='0.3902939558029175'
            m03='0.0' m13='0.0' m23='0.0' m33='1.0'/>
        <transform name='peon L Foot'
            m00='-0.08443334698677063' m10='-0.02778630703687668' m20='0.9960418343544006' m30='0.13542255759239197'
            m01='-0.6181371808052063' m11='-0.7825573682785034' m21='-0.07422967255115509' m31='0.013621130958199501'
            m02='0.7815222144126892' m12='-0.6219578981399536' m22='0.04889823496341705' m32='0.2513297498226166'
            m03='0.0' m13='0.0' m23='0.0' m33='1.0'/>
        <transform name='peon L Toe0'
            m00='0.027463864535093307' m10='-0.08435239642858505' m20='0.9960576891899109' m30='0.12323364615440369'
            m01='0.7825203537940979' m11='-0.6182196736335754' m21='-0.07393091171979904' m31='-0.13580568134784698'
            m02='0.6220185160636902' m12='0.7814656496047974' m22='0.04902882128953934' m32='0.27474814653396606'
            m03='0.0' m13='0.0' m23='0.0' m33='1.0'/>
        <transform name='peon Spine1'
            m00='0.061751075088977814' m10='0.005967810284346342' m20='0.9980737566947937' m30='8.155848263413645e-08'
            m01='0.9651960730552673' m11='-0.2549706697463989' m21='-0.05819238722324371' m31='0.3818477690219879'
            m02='0.25413215160369873' m12='0.9669302701950073' m22='-0.02150481753051281' m32='0.5700644254684448'
            m03='0.0' m13='0.0' m23='0.0' m33='1.0'/>
        <transform name='peon Spine2'
            m00='0.059840425848960876' m10='0.016605498269200325' m20='0.9980699419975281' m30='0.0006379022379405797'
            m01='0.9948042631149292' m11='-0.08349314332008362' m21='-0.058255504816770554' m31='0.3549097180366516'
            m02='0.08236454427242279' m12='0.9963700175285339' m22='-0.02151547744870186' m32='0.6725619435310364'
            m03='0.0' m13='0.0' m23='0.0' m33='1.0'/>
        <transform name='peon Neck'
            m00='0.06134364381432533' m10='-0.009420843794941902' m20='0.9980722665786743' m30='0.002478216541931033'
            m01='0.8727560639381409' m11='-0.48467299342155457' m21='-0.058216292411088943' m31='0.34574273228645325'
            m02='0.48428699374198914' m12='0.8746447563171387' m22='-0.021509503945708275' m32='0.7827517986297607'
            m03='0.0' m13='0.0' m23='0.0' m33='1.0'/>
        <transform name='peon L Clavicle'
            m00='-0.0610172264277935' m10='0.9980717897415161' m20='0.011378291063010693' m30='0.017524564638733864'
            m01='-0.9838785529136658' m11='-0.05822179839015007' m21='-0.169094979763031' m31='0.344801127910614'
            m02='-0.16810636222362518' m12='-0.021512558683753014' m22='0.9855340719223022' m32='0.782392144203186'
            m03='0.0' m13='0.0' m23='0.0' m33='1.0'/>
        <transform name='peon L UpperArm'
            m00='-0.9982524514198303' m10='0.05806990712881088' m20='0.010960150510072708' m30='0.13783520460128784'
            m01='-0.05775922164320946' m11='-0.9195448160171509' m21='-0.3887174725532532' m31='0.3377828598022461'
            m02='-0.012494437396526337' m12='-0.3886711001396179' m22='0.9212918877601624' m32='0.7797989845275879'
            m03='0.0' m13='0.0' m23='0.0' m33='1.0'/>
        <transform name='peon L Forearm'
            m00='-0.8709098696708679' m10='0.4851231575012207' m20='0.07855755090713501' m30='0.1499241292476654'
            m01='-0.4741179347038269' m11='-0.8714732527732849' m21='0.12548479437828064' m31='0.14635688066482544'
            m02='0.1293364018201828' m12='0.07204052805900574' m22='0.9889804124832153' m32='0.6988874673843384'
            m03='0.0' m13='0.0' m23='0.0' m33='1.0'/>
        <transform name='peon L Hand'
            m00='0.017023593187332153' m10='0.4426216781139374' m20='0.8965468406677246' m30='0.22922712564468384'
            m01='0.10054942965507507' m11='-0.8928892612457275' m21='0.4389064908027649' m31='0.003807318862527609'
            m02='0.9947863817214966' m12='0.08267566561698914' m22='-0.059705495834350586' m32='0.7106651067733765'
            m03='0.0' m13='0.0' m23='0.0' m33='1.0'/>
        <transform name='peon L Finger1'
            m00='0.085677370429039' m10='0.32125166058540344' m20='0.943109929561615' m30='0.31092625856399536'
            m01='-0.05364847555756569' m11='-0.9437302350997925' m21='0.3263363242149353' m31='-0.16101078689098358'
            m02='0.994877278804779' m12='-0.07855592668056488' m22='-0.06362158805131912' m32='0.725907564163208'
            m03='0.0' m13='0.0' m23='0.0' m33='1.0'/>
        <transform name='peon L Finger11'
            m00='0.549452543258667' m10='-0.048970866948366165' m20='0.8340880274772644' m30='0.3351874053478241'
            m01='-0.5536195635795593' m11='-0.7690236568450928' m21='0.31954360008239746' m31='-0.23225614428520203'
            m02='0.6257853507995605' m12='-0.6373414397239685' m22='-0.4496530592441559' m32='0.720005214214325'
            m03='0.0' m13='0.0' m23='0.0' m33='1.0'/>
        <transform name='peon L Finger0'
            m00='0.1287481188774109' m10='0.06320086121559143' m20='-0.9896612167358398' m30='0.1458498239517212'
            m01='-0.7619540691375732' m11='-0.6324256658554077' m21='-0.139512300491333' m31='-0.10237577557563782'
            m02='-0.6347041726112366' m12='0.7720384001731873' m22='-0.03326752781867981' m32='0.793409526348114'
            m03='0.0' m13='0.0' m23='0.0' m33='1.0'/>
        <transform name='peon L Finger01'
            m00='0.3944583535194397' m10='-0.38911595940589905' m20='-0.8324608206748962' m30='0.1518620103597641'
            m01='-0.48597121238708496' m11='-0.857201337814331' m21='0.1704048067331314' m31='-0.16189241409301758'
            m02='-0.7798933982849121' m12='0.3373345732688904' m22='-0.5272294282913208' m32='0.8662239909172058'
            m03='0.0' m13='0.0' m23='0.0' m33='1.0'/>
        <transform name='peon R Clavicle'
            m00='-0.0610172301530838' m10='-0.9980718493461609' m20='-0.011378277093172073' m30='-0.01257709227502346'
            m01='-0.9838785529136658' m11='0.05822180211544037' m21='0.16909515857696533' m31='0.34655696153640747'
            m02='-0.1681065708398819' m12='0.021512560546398163' m22='-0.9855339527130127' m32='0.7830410003662109'
            m03='0.0' m13='0.0' m23='0.0' m33='1.0'/>
        <transform name='peon R UpperArm'
            m00='0.9926643371582031' m10='-0.11937948316335678' m20='-0.019137397408485413' m30='-0.13288728892803192'
            m01='-0.11839422583580017' m11='-0.9918881058692932' m21='0.046266064047813416' m31='0.3535756468772888'
            m02='-0.0245053768157959' m12='-0.04366084933280945' m22='-0.9987457394599915' m32='0.7856342792510986'
            m03='0.0' m13='0.0' m23='0.0' m33='1.0'/>
        <transform name='peon R Forearm'
            m00='-0.2391018122434616' m10='-0.16124680638313293' m20='-0.9575124382972717' m30='-0.15773911774158478'
            m01='-0.34627801179885864' m11='-0.9071165323257446' m21='0.23922966420650482' m31='0.14708970487117767'
            m02='-0.9071504473686218' m12='0.388765811920166' m22='0.1610569953918457' m32='0.7765451073646545'
            m03='0.0' m13='0.0' m23='0.0' m33='1.0'/>
        <transform name='peon R Hand'
            m00='0.9628254175186157' m10='0.1402367502450943' m20='-0.23087051510810852' m30='-0.1841115653514862'
            m01='-0.033245548605918884' m11='-0.786662757396698' m21='-0.6164869070053101' m31='-0.0013129846192896366'
            m02='-0.2680714428424835' m12='0.6012448072433472' m22='-0.7527565360069275' m32='0.8400222063064575'
            m03='0.0' m13='0.0' m23='0.0' m33='1.0'/>
        <transform name='peon Prop1'
            m00='0.3217783570289612' m10='0.9462377429008484' m20='-0.03307312726974487' m30='-0.08278244733810425'
            m01='-0.9465330243110657' m11='0.32063359022140503' m21='-0.03562723100185394' m31='0.23858599364757538'
            m02='-0.02310749888420105' m12='0.042768627405166626' m22='0.998818039894104' m32='0.9219452142715454'
            m03='0.0' m13='0.0' m23='0.0' m33='1.0'/>
        <transform name='peon Head'
            m00='-0.026140864938497543' m10='-0.052097760140895844' m20='-0.9982998371124268' m30='0.0016153118340298533'
            m01='-0.9703103303909302' m11='-0.2388794869184494' m21='0.037874236702919006' m31='0.3013482987880707'
            m02='-0.24044644832611084' m12='0.9696505069732666' m22='-0.04430646449327469' m32='0.8628658056259155'
            m03='0.0' m13='0.0' m23='0.0' m33='1.0'/>
        <transform name='peon Ponytail1'
            m00='-0.03687593340873718' m10='-0.0337824709713459' m20='-0.9987487196922302' m30='-0.02357877418398857'
            m01='-0.9982873201370239' m11='0.04666704311966896' m21='0.03528039902448654' m31='0.10419280081987381'
            m02='0.045416802167892456' m12='0.9983388781547546' m22='-0.03544548898935318' m32='1.2619980573654175'
            m03='0.0' m13='0.0' m23='0.0' m33='1.0'/>
        <transform name='peon Tail'
            m00='0.00017545363516546786' m10='-1.7197453416883945e-07' m20='-1.0' m30='2.695281509090819e-08'
            m01='0.03199798986315727' m11='-0.9994898438453674' m21='5.785361281596124e-06' m31='0.23502926528453827'
            m02='-0.9994885921478271' m12='-0.03199614956974983' m22='-0.0001753580872900784' m32='0.33961567282676697'
            m03='0.0' m13='0.0' m23='0.0' m33='1.0'/>
        <transform name='peon R Thigh'
            m00='0.03844158351421356' m10='-0.024897461757063866' m20='-0.9989506602287292' m30='-0.12879300117492676'
            m01='-0.1727895736694336' m11='-0.9847970604896545' m21='0.017895476892590523' m31='0.299015611410141'
            m02='-0.9842084050178528' m12='0.17192110419273376' m22='-0.04215921461582184' m32='0.3460977375507355'
            m03='0.0' m13='0.0' m23='0.0' m33='1.0'/>
        <transform name='peon R Calf'
            m00='-0.13218943774700165' m10='-0.11248234659433365' m20='-0.9848217368125916' m30='-0.13296398520469666'
            m01='0.8638460636138916' m11='-0.500313401222229' m21='-0.05880742520093918' m31='0.1340256929397583'
            m02='-0.4861051142215729' m12='-0.8585072755813599' m22='0.1633034646511078' m32='0.3749006688594818'
            m03='0.0' m13='0.0' m23='0.0' m33='1.0'/>
        <transform name='peon R Foot'
            m00='0.1262015402317047' m10='-0.06570002436637878' m20='0.9898266196250916' m30='-0.15394321084022522'
            m01='-0.766828715801239' m11='-0.6394643783569336' m21='0.05532490834593773' m31='0.04122904688119888'
            m02='0.6293242573738098' m12='-0.7660089135169983' m22='-0.1310819387435913' m32='0.21488913893699646'
            m03='0.0' m13='0.0' m23='0.0' m33='1.0'/>
        <transform name='peon R Toe0'
            m00='0.06560339778661728' m10='0.12628833949565887' m20='0.9898219704627991' m30='-0.14655674993991852'
            m01='0.6400701403617859' m11='-0.7663214206695557' m21='0.055349960923194885' m31='-0.11025295406579971'
            m02='0.7655110955238342' m12='0.6299245357513428' m22='-0.13110657036304474' m32='0.20672030746936798'
            m03='0.0' m13='0.0' m23='0.0' m33='1.0'/>
    </frame>
    <frame index="3">
        <transform name='peon Pelvis'
            m00='2.8998540528846206e-06' m10='-1.3686410511581926e-06' m20='-1.0' m30='2.958051936730044e-08'
            m01='-0.9580674767494202' m11='0.28654274344444275' m21='-3.1704300909041194e-06' m31='0.29901570081710815'
            m02='0.28654274344444275' m12='0.9580674767494202' m22='-4.803183060175797e-07' m32='0.346097856760025'
            m03='0.0' m13='0.0' m23='0.0' m33='1.0'/>
        <transform name='peon Spine'
