<?xml version="1.0" encoding="UTF-8" standalone="yes"?>

<!DOCTYPE animation [
	<!ELEMENT animation  (frame+)>
	<!ELEMENT frame      (transform+)>
	<!ELEMENT transform   EMPTY>
	<!ATTLIST frame index CDATA #REQUIRED>
	<!ATTLIST transform name CDATA #REQUIRED>
	<!ATTLIST transform m00 CDATA #REQUIRED>
	<!ATTLIST transform m01 CDATA #REQUIRED>
	<!ATTLIST transform m02 CDATA #REQUIRED>
	<!ATTLIST transform m03 CDATA #REQUIRED>
	<!ATTLIST transform m10 CDATA #REQUIRED>
	<!ATTLIST transform m11 CDATA #REQUIRED>
	<!ATTLIST transform m12 CDATA #REQUIRED>
	<!ATTLIST transform m13 CDATA #REQUIRED>
	<!ATTLIST transform m20 CDATA #REQUIRED>
	<!ATTLIST transform m21 CDATA #REQUIRED>
	<!ATTLIST transform m22 CDATA #REQUIRED>
	<!ATTLIST transform m23 CDATA #REQUIRED>
	<!ATTLIST transform m30 CDATA #REQUIRED>
	<!ATTLIST transform m31 CDATA #REQUIRED>
	<!ATTLIST transform m32 CDATA #REQUIRED>
	<!ATTLIST transform m33 CDATA #REQUIRED>
]>

<animation>
	<frame index="0">
		<transform name="peon Head" m00="-0.108185" m01="-0.0106563" m02="0.994074" m03="0" m10="0.993947" m11="0.0180686" m12="0.108364" m13="0" m20="-0.0191162" m21="0.99978" m22="0.00863706" m23="0" m30="0.00975306" m31="-0.0338012" m32="0.964451" m33="1"/>
		<transform name="peon L Calf" m00="-0.00344306" m01="-0.312409" m02="-0.949941" m03="0" m10="0.255475" m11="0.918148" m12="-0.302879" m13="0" m20="0.966809" m21="-0.243729" m22="0.0766516" m23="0" m30="-0.0473369" m31="0.0771673" m32="0.279542" m33="1"/>
		<transform name="peon L Clavicle" m00="0.422207" m01="0.883899" m02="-0.201153" m03="0" m10="-0.881911" m11="0.349183" m12="-0.316709" m13="0" m20="-0.2097" m21="0.311116" m22="0.926948" m23="0" m30="0.000458612" m31="-0.0333201" m32="0.87209" m33="1"/>
		<transform name="peon L Finger0" m00="0.911801" m01="-0.392903" m02="-0.119353" m03="0" m10="-0.382067" m11="-0.705234" m12="-0.597219" m13="0" m20="0.150478" m21="0.590146" m22="-0.793149" m23="0" m30="0.290376" m31="0.191339" m32="0.533359" m33="1"/>
		<transform name="peon L Finger01" m00="0.663536" m01="-0.655019" m02="-0.361483" m03="0" m10="-0.732855" m11="-0.471888" m12="-0.490149" m13="0" m20="0.150478" m21="0.590146" m22="-0.793149" m23="0" m30="0.376314" m31="0.154308" m32="0.52211" m33="1"/>
		<transform name="peon L Finger1" m00="0.352017" m01="0.109721" m02="-0.92954" m03="0" m10="-0.171287" m11="-0.968783" m12="-0.179219" m13="0" m20="-0.920187" m21="0.222306" m22="-0.322235" m23="0" m30="0.200708" m31="0.24227" m32="0.37648" m33="1"/>
		<transform name="peon L Finger11" m00="0.0950589" m01="-0.671604" m02="-0.734787" m03="0" m10="-0.379762" m11="-0.706773" m12="0.596869" m13="0" m20="-0.920187" m21="0.222306" m22="-0.322235" m23="0" m30="0.227283" m31="0.250553" m32="0.306305" m33="1"/>
		<transform name="peon L Foot" m00="2.31492e-07" m01="1.36717e-06" m02="-1" m03="0" m10="0.536696" m11="0.843776" m12="1.27003e-06" m13="0" m20="0.843776" m21="-0.536696" m22="-5.74276e-07" m23="0" m30="-0.0479778" m31="0.0190095" m32="0.102702" m33="1"/>
		<transform name="peon L Forearm" m00="0.355624" m01="0.0226897" m02="-0.934354" m03="0" m10="-0.187694" m11="0.981072" m12="-0.0476141" m13="0" m20="0.915589" m21="0.192306" m22="0.353151" m23="0" m30="0.0775704" m31="0.218307" m32="0.700868" m33="1"/>
		<transform name="peon L Hand" m00="0.352017" m01="0.109721" m02="-0.92954" m03="0" m10="-0.17202" m11="-0.968606" m12="-0.179476" m13="0" m20="-0.920051" m21="0.223078" m22="-0.322092" m23="0" m30="0.135732" m31="0.222018" m32="0.548056" m33="1"/>
		<transform name="peon L Thigh" m00="0.0994759" m01="0.0827435" m02="-0.991594" m03="0" m10="0.235338" m11="0.966307" m12="0.104242" m13="0" m20="0.966809" m21="-0.243729" m22="0.0766516" m23="0" m30="-0.0640027" m31="0.0633047" m32="0.44567" m33="1"/>
		<transform name="peon L Toe0" m00="0.536696" m01="0.843776" m02="1.10362e-06" m03="0" m10="-1.95689e-07" m11="-1.19272e-06" m12="1" m13="0" m20="0.843776" m21="-0.536696" m22="-5.10859e-07" m23="0" m30="0.0119849" m31="0.113281" m32="1.92734e-07" m33="1"/>
		<transform name="peon L UpperArm" m00="0.125941" m01="0.69691" m02="-0.706014" m03="0" m10="-0.381885" m11="0.690894" m12="0.613864" m13="0" m20="0.915589" m21="0.192306" m22="0.353151" m23="0" m30="0.0513527" m31="0.0732277" m32="0.847842" m33="1"/>
		<transform name="peon Neck" m00="0.171691" m01="0.139912" m02="0.975165" m03="0" m10="0.89009" m11="-0.446261" m12="-0.0926847" m13="0" m20="0.42221" m21="0.883898" m22="-0.201154" m23="0" m30="-0.00597316" m31="-0.0466167" m32="0.87513" m33="1"/>
		<transform name="peon Pelvis" m00="0.0435785" m01="-0.0754803" m02="0.996195" m03="0" m10="0.866025" m11="0.5" m12="0" m13="0" m20="-0.498097" m21="0.86273" m22="0.0871571" m23="0" m30="0.000148588" m31="-0.047809" m32="0.434445" m33="1"/>
		<transform name="peon Ponytail1" m00="-0.109326" m01="0.00800416" m02="0.993974" m03="0" m10="-0.993901" m11="-0.0153707" m12="-0.109195" m13="0" m20="0.014404" m21="-0.99985" m22="0.00963578" m23="0" m30="0.0580736" m31="-0.0367079" m32="1.40763" m33="1"/>
		<transform name="peon Prop1" m00="0.183341" m01="0.95217" m02="-0.244454" m03="0" m10="-0.701469" m11="0.300931" m12="0.646051" m13="0" m20="0.688714" m21="0.0530295" m22="0.723091" m23="0" m30="-0.115344" m31="-0.411028" m32="0.451373" m33="1"/>
		<transform name="peon R Calf" m00="-0.0974137" m01="-0.0410452" m02="-0.994397" m03="0" m10="0.99153" m11="-0.0902438" m12="-0.0934079" m13="0" m20="-0.0859043" m21="-0.995073" m22="0.0494886" m23="0" m30="0.161929" m31="-0.17408" m32="0.287916" m33="1"/>
		<transform name="peon R Clavicle" m00="-0.422207" m01="-0.883899" m02="0.201153" m03="0" m10="-0.881911" m11="0.349183" m12="-0.316709" m13="0" m20="0.2097" m21="-0.311116" m22="-0.926948" m23="0" m30="-0.0122751" m31="-0.0599783" m32="0.878157" m33="1"/>
		<transform name="peon R Foot" m00="3.5924e-06" m01="1.8789e-06" m02="-1" m03="0" m10="1" m11="1.73595e-06" m12="3.58621e-06" m13="0" m20="1.72549e-06" m21="-1" m22="-1.85203e-06" m23="0" m30="0.143795" m31="-0.181721" m32="0.1028" m33="1"/>
		<transform name="peon R Forearm" m00="0.69967" m01="-0.259858" m02="-0.665534" m03="0" m10="-0.535139" m11="-0.80779" m12="-0.247185" m13="0" m20="-0.473379" m21="0.529101" m22="-0.704247" m23="0" m30="-0.131137" m31="-0.343047" m32="0.81547" m33="1"/>
		<transform name="peon R Hand" m00="0.67687" m01="-0.303328" m02="-0.6707" m03="0" m10="0.171313" m11="0.951045" m12="-0.257227" m13="0" m20="0.71589" m21="0.0592093" m22="0.695698" m23="0" m30="-0.0167062" m31="-0.385546" m32="0.706623" m33="1"/>
		<transform name="peon R Thigh" m00="0.582734" m01="-0.0904726" m02="-0.807611" m03="0" m10="0.80811" m11="-0.0405385" m12="0.587635" m13="0" m20="-0.0859043" m21="-0.995073" m22="0.0494886" m23="0" m30="0.0642999" m31="-0.158923" m32="0.42322" m33="1"/>
		<transform name="peon R Toe0" m00="1" m01="1.73595e-06" m02="3.58621e-06" m03="0" m10="-3.5924e-06" m11="-1.8789e-06" m12="1" m13="0" m20="1.72549e-06" m21="-1" m22="-1.85203e-06" m23="0" m30="0.255521" m31="-0.181721" m32="9.8278e-05" m33="1"/>
		<transform name="peon R UpperArm" m00="-0.326492" m01="-0.847946" m02="-0.417601" m03="0" m10="-0.818117" m11="0.0322478" m12="0.574147" m13="0" m20="-0.473379" m21="0.529101" m22="-0.704247" m23="0" m30="-0.0631692" m31="-0.166526" m32="0.902404" m33="1"/>
		<transform name="peon Spine" m00="0.395005" m01="-0.0687902" m02="0.9161" m03="0" m10="0.899246" m11="0.232973" m12="-0.370244" m13="0" m20="-0.187958" m21="0.970047" m22="0.153885" m23="0" m30="-0.0308382" m31="-0.0793538" m32="0.569879" m33="1"/>
		<transform name="peon Spine1" m00="0.0597107" m01="0.0527601" m02="0.99682" m03="0" m10="0.994186" m11="-0.0927799" m12="-0.0546422" m13="0" m20="0.089602" m21="0.994288" m22="-0.0579933" m23="0" m30="0.0109464" m31="-0.0866373" m32="0.666986" m33="1"/>
		<transform name="peon Spine2" m00="-0.208998" m01="0.310838" m02="0.9272" m03="0" m10="0.882076" m11="-0.349433" m12="0.315972" m13="0" m20="0.42221" m21="0.883898" m22="-0.201152" m23="0" m30="0.0171978" m31="-0.0810143" m32="0.772615" m33="1"/>
		<transform name="peon Tail" m00="-0.0428879" m01="0.0758774" m02="-0.996194" m03="0" m10="0.866059" m11="0.499941" m12="0.000793722" m13="0" m20="0.498098" m21="-0.862729" m22="-0.0871558" m23="0" m30="0.0505609" m31="-0.0162342" m32="0.410001" m33="1"/>
	</frame>
	<frame index="1">
		<transform name="peon Head" m00="-0.0950755" m01="0.00259479" m02="0.995467" m03="0" m10="0.995462" m11="-0.0037507" m12="0.0950848" m13="0" m20="0.00398041" m21="0.99999" m22="-0.00222642" m23="0" m30="-0.00590314" m31="-0.0303956" m32="0.955478" m33="1"/>
		<transform name="peon L Calf" m00="-0.0717951" m01="-0.429904" m02="-0.900016" m03="0" m10="0.394554" m11="0.816502" m12="-0.421487" m13="0" m20="0.916064" m21="-0.385365" m22="0.110999" m23="0" m30="-0.0346126" m31="0.0990399" m32="0.270248" m33="1"/>
		<transform name="peon L Clavicle" m00="0.552997" m01="0.805546" m02="-0.212811" m03="0" m10="-0.820145" m11="0.481281" m12="-0.309402" m13="0" m20="-0.146816" m21="0.345635" m22="0.926812" m23="0" m30="-0.00755939" m31="-0.0201699" m32="0.86124" m33="1"/>
		<transform name="peon L Finger0" m00="0.837396" m01="-0.53173" m02="-0.126617" m03="0" m10="-0.495268" m11="-0.640117" m12="-0.587333" m13="0" m20="0.231253" m21="0.55454" m22="-0.79938" m23="0" m30="0.309758" m31="0.154235" m32="0.517503" m33="1"/>
		<transform name="peon L Finger01" m00="0.548128" m01="-0.753098" m02="-0.363865" m03="0" m10="-0.803789" m11="-0.354018" m12="-0.478115" m13="0" m20="0.231253" m21="0.55454" m22="-0.79938" m23="0" m30="0.388682" m31="0.10412" m32="0.50557" m33="1"/>
		<transform name="peon L Finger1" m00="0.353292" m01="0.0476545" m02="-0.934299" m03="0" m10="-0.323226" m11="-0.93098" m12="-0.169709" m13="0" m20="-0.877901" m21="0.361947" m22="-0.313504" m23="0" m30="0.227239" m31="0.217668" m32="0.361259" m33="1"/>
		<transform name="peon L Finger11" m00="-0.0205142" m01="-0.68254" m02="-0.73056" m03="0" m10="-0.478403" m11="-0.634928" m12="0.606628" m13="0" m20="-0.877901" m21="0.361947" m22="-0.313504" m23="0" m30="0.253911" m31="0.221266" m32="0.290725" m33="1"/>
		<transform name="peon L Foot" m00="2.96573e-07" m01="8.13736e-07" m02="-1" m03="0" m10="0.536696" m11="0.843776" m12="8.3842e-07" m13="0" m20="0.843776" m21="-0.536696" m22="-1.48648e-07" m23="0" m30="-0.0479779" m31="0.0190093" m32="0.102702" m33="1"/>
		<transform name="peon L Forearm" m00="0.343153" m01="-0.0388924" m02="-0.938474" m03="0" m10="-0.0321811" m11="0.998069" m12="-0.0531292" m13="0" m20="0.938728" m21="0.0484326" m22="0.341238" m23="0" m30="0.105906" m31="0.215233" m32="0.687199" m33="1"/>
		<transform name="peon L Hand" m00="0.353292" m01="0.0476545" m02="-0.934299" m03="0" m10="-0.323925" m11="-0.930691" m12="-0.169958" m13="0" m20="-0.877643" m21="0.362688" m22="-0.313369" m23="0" m30="0.162028" m31="0.208872" m32="0.533713" m33="1"/>
		<transform name="peon L Thigh" m00="0.159712" m01="0.0966851" m02="-0.982417" m03="0" m10="0.367858" m11="0.917685" m12="0.150117" m13="0" m20="0.916064" m21="-0.385365" m22="0.110999" m23="0" m30="-0.0613703" m31="0.0828416" m32="0.434839" m33="1"/>
		<transform name="peon L Toe0" m00="0.536696" m01="0.843776" m02="7.78815e-07" m03="0" m10="-2.64583e-07" m11="-7.63443e-07" m12="1" m13="0" m20="0.843776" m21="-0.536696" m22="-1.48648e-07" m23="0" m30="0.0119849" m31="0.113281" m32="1.97995e-07" m33="1"/>
		<transform name="peon L UpperArm" m00="0.224837" m01="0.664345" m02="-0.712807" m03="0" m10="-0.261223" m11="0.745855" m12="0.61275" m13="0" m20="0.938728" m21="0.0484326" m22="0.341238" m23="0" m30="0.0591005" m31="0.076933" m32="0.835588" m33="1"/>
		<transform name="peon Neck" m00="0.109768" m01="0.020517" m02="0.993745" m03="0" m10="0.808039" m11="-0.584049" m12="-0.0771967" m13="0" m20="0.578812" m21="0.811459" m22="-0.0806885" m23="0" m30="-0.0159575" m31="-0.0322749" m32="0.864455" m33="1"/>
		<transform name="peon Pelvis" m00="0.0435783" m01="-0.0754804" m02="0.996195" m03="0" m10="0.933622" m11="0.357996" m12="-0.0137162" m13="0" m20="-0.355598" m21="0.930667" m22="0.0860711" m23="0" m30="-0.0155719" m31="-0.037022" m32="0.423754" m33="1"/>
		<transform name="peon Ponytail1" m00="-0.0957895" m01="0.0212745" m02="0.995174" m03="0" m10="-0.995366" m11="0.00643769" m12="-0.0959455" m13="0" m20="-0.00844781" m21="-0.999753" m22="0.0205593" m23="0" m30="0.0482699" m31="-0.0296279" m32="1.39799" m33="1"/>
		<transform name="peon Prop1" m00="0.327264" m01="0.910174" m02="-0.253932" m03="0" m10="-0.637554" m11="0.411031" m12="0.651597" m13="0" m20="0.69744" m21="-0.0513493" m22="0.714801" m23="0" m30="-0.186347" m31="-0.377529" m32="0.444821" m33="1"/>
		<transform name="peon R Calf" m00="0.0183197" m01="0.000560055" m02="-0.999832" m03="0" m10="0.973999" m11="-0.22586" m12="0.0177199" m13="0" m20="-0.225812" m21="-0.97416" m22="-0.0046832" m23="0" m30="0.140384" m31="-0.181825" m32="0.288928" m33="1"/>
		<transform name="peon R Clavicle" m00="-0.552997" m01="-0.805546" m02="0.212811" m03="0" m10="-0.820145" m11="0.481281" m12="-0.309402" m13="0" m20="0.146816" m21="-0.345635" m22="-0.926812" m23="0" m30="-0.0242377" m31="-0.044465" m32="0.867659" m33="1"/>
		<transform name="peon R Foot" m00="4.06856e-06" m01="2.05281e-06" m02="-1" m03="0" m10="1" m11="1.32994e-06" m12="4.06691e-06" m13="0" m20="1.3848e-06" m21="-1" m22="-2.05378e-06" m23="0" m30="0.143795" m31="-0.181721" m32="0.1028" m33="1"/>
		<transform name="peon R Forearm" m00="0.641973" m01="-0.370301" m02="-0.671378" m03="0" m10="-0.658164" m11="-0.715325" m12="-0.234797" m13="0" m20="-0.393308" m21="0.59261" m22="-0.702938" m23="0" m30="-0.186767" m31="-0.305758" m32="0.808533" m33="1"/>
		<transform name="peon R Hand" m00="0.612579" m01="-0.409687" m02="-0.675947" m03="0" m10="0.315051" m11="0.910873" m12="-0.266558" m13="0" m20="0.724907" m21="-0.0496701" m22="0.687054" m23="0" m30="-0.0817726" m31="-0.36632" m32="0.698729" m33="1"/>
		<transform name="peon R Thigh" m00="0.657514" m01="-0.148862" m02="-0.73859" m03="0" m10="0.718807" m11="-0.169861" m12="0.674139" m13="0" m20="-0.225812" m21="-0.97416" m22="-0.0046832" m23="0" m30="0.0302266" m31="-0.156886" m32="0.412669" m33="1"/>
		<transform name="peon R Toe0" m00="1" m01="1.32994e-06" m02="4.06691e-06" m03="0" m10="-4.06856e-06" m11="-2.05281e-06" m12="1" m13="0" m20="1.3848e-06" m21="-1" m22="-2.05378e-06" m23="0" m30="0.255521" m31="-0.181721" m32="9.84347e-05" m33="1"/>
		<transform name="peon R UpperArm" m00="-0.460522" m01="-0.788712" m02="-0.40725" m03="0" m10="-0.795756" m11="0.163544" m12="0.583117" m13="0" m20="-0.393308" m21="0.59261" m22="-0.702938" m23="0" m30="-0.0908976" m31="-0.141568" m32="0.893312" m33="1"/>
		<transform name="peon Spine" m00="0.390688" m01="-0.124458" m02="0.912071" m03="0" m10="0.919978" m11="0.0868759" m12="-0.382221" m13="0" m20="-0.0316666" m21="0.988414" m22="0.14844" m23="0" m30="-0.0494355" m31="-0.0625147" m32="0.559772" m33="1"/>
		<transform name="peon Spine1" m00="0.0796176" m01="0.0486449" m02="0.995638" m03="0" m10="0.9666" m11="-0.247861" m12="-0.0651856" m13="0" m20="0.243609" m21="0.967573" m22="-0.0667543" m23="0" m30="-0.00810617" m31="-0.0756857" m32="0.656452" m33="1"/>
		<transform name="peon Spine2" m00="-0.146163" m01="0.345252" m02="0.927059" m03="0" m10="0.820261" m11="-0.481558" m12="0.308665" m13="0" m20="0.553" m21="0.805545" m22="-0.21281" m23="0" m30="0.000260677" m31="-0.0704872" m32="0.761957" m33="1"/>
		<transform name="peon Tail" m00="-0.0428341" m01="0.0757643" m02="-0.996205" m03="0" m10="0.933656" m11="0.357936" m12="-0.0129225" m13="0" m20="0.355599" m21="-0.930667" m22="-0.0860697" m23="0" m30="0.0388587" m31="-0.0138888" m32="0.398494" m33="1"/>
	</frame>
	<frame index="2">
		<transform name="peon Head" m00="-0.0800411" m01="0.0139118" m02="0.996695" m03="0" m10="0.99636" m11="-0.0282908" m12="0.0804091" m13="0" m20="0.029316" m21="0.999503" m22="-0.0115967" m23="0" m30="-0.0159777" m31="-0.0240077" m32="0.94275" m33="1"/>
		<transform name="peon L Calf" m00="-0.152505" m01="-0.508189" m02="-0.847635" m03="0" m10="0.514666" m11="0.691357" m12="-0.507093" m13="0" m20="0.843718" m21="-0.513584" m22="0.156112" m23="0" m30="-0.0195876" m31="0.113613" m32="0.260497" m33="1"/>
		<transform name="peon L Clavicle" m00="0.679634" m01="0.682358" m02="-0.269232" m03="0" m10="-0.732742" m11="0.614263" m12="-0.292866" m13="0" m20="-0.0344602" m21="0.396319" m22="0.917466" m23="0" m30="-0.010188" m31="-0.00964996" m32="0.847293" m33="1"/>
		<transform name="peon L Finger0" m00="0.660466" m01="-0.749976" m02="-0.0363426" m03="0" m10="-0.660913" m11="-0.557699" m12="-0.502162" m13="0" m20="0.356341" m21="0.35568" m22="-0.864009" m23="0" m30="0.345196" m31="0.0698034" m32="0.515097" m33="1"/>
		<transform name="peon L Finger01" m00="0.232045" m01="-0.929429" m02="-0.286909" m03="0" m10="-0.905083" m11="-0.0982517" m12="-0.413728" m13="0" m20="0.356341" m21="0.35568" m22="-0.864009" m23="0" m30="0.407445" m31="-0.000882064" m32="0.511671" m33="1"/>
		<transform name="peon L Finger1" m00="0.331723" m01="-0.262951" m02="-0.905989" m03="0" m10="-0.528094" m11="-0.847553" m12="0.0526317" m13="0" m20="-0.781714" m21="0.460988" m22="-0.420016" m23="0" m30="0.280858" m31="0.119816" m32="0.345967" m33="1"/>
		<transform name="peon L Finger11" m00="-0.247264" m01="-0.847399" m02="-0.469867" m03="0" m10="-0.572524" m11="-0.263446" m12="0.77641" m13="0" m20="-0.781714" m21="0.460988" m22="-0.420016" m23="0" m30="0.305902" m31="0.0999644" m32="0.27757" m33="1"/>
		<transform name="peon L Foot" m00="1.90854e-07" m01="8.46247e-07" m02="-1" m03="0" m10="0.536696" m11="0.843776" m12="8.35905e-07" m13="0" m20="0.843776" m21="-0.536696" m22="-3.55168e-07" m23="0" m30="-0.0479779" m31="0.0190094" m32="0.102702" m33="1"/>
		<transform name="peon L Forearm" m00="0.380087" m01="-0.219865" m02="-0.89844" m03="0" m10="0.148562" m11="0.973238" m12="-0.17532" m13="0" m20="0.912942" m21="-0.066837" m22="0.402578" m23="0" m30="0.148415" m31="0.18911" m32="0.660296" m33="1"/>
		<transform name="peon L Hand" m00="0.380759" m01="-0.180599" m02="-0.906866" m03="0" m10="-0.494532" m11="-0.868467" m12="-0.0346825" m13="0" m20="-0.78132" m21="0.46168" m22="-0.419988" m23="0" m30="0.210578" m31="0.153151" m32="0.513357" m33="1"/>
		<transform name="peon L Thigh" m00="0.228725" m01="0.0808653" m02="-0.970127" m03="0" m10="0.485617" m11="0.85422" m12="0.185697" m13="0" m20="0.843718" m21="-0.513584" m22="0.156112" m23="0" m30="-0.0579075" m31="0.100066" m32="0.423029" m33="1"/>
		<transform name="peon L Toe0" m00="0.536696" m01="0.843776" m02="7.98228e-07" m03="0" m10="-3.23298e-07" m11="-7.17351e-07" m12="1" m13="0" m20="0.843776" m21="-0.536696" m22="-1.74238e-07" m23="0" m30="0.0119849" m31="0.113281" m32="2.5599e-07" m33="1"/>
		<transform name="peon L UpperArm" m00="0.368335" m01="0.559657" m02="-0.742371" m03="0" m10="-0.175688" m11="0.826025" m12="0.535553" m13="0" m20="0.912942" m21="-0.066837" m22="0.402578" m23="0" m30="0.071737" m31="0.0726035" m32="0.814839" m33="1"/>
		<transform name="peon Neck" m00="0.0492248" m01="-0.0449919" m02="0.997774" m03="0" m10="0.680778" m11="-0.729467" m12="-0.0664793" m13="0" m20="0.730834" m21="0.682534" m22="-0.00527833" m23="0" m30="-0.0204865" m31="-0.0198866" m32="0.851358" m33="1"/>
		<transform name="peon Pelvis" m00="0.043578" m01="-0.0754805" m02="0.996195" m03="0" m10="0.978442" m11="0.204708" m12="-0.027291" m13="0" m20="-0.201869" m21="0.975908" m22="0.0827741" m23="0" m30="-0.0319083" m31="-0.0256247" m32="0.412368" m33="1"/>
		<transform name="peon Ponytail1" m00="-0.0802853" m01="0.0326003" m02="0.996239" m03="0" m10="-0.996209" m11="0.0309667" m12="-0.0812962" m13="0" m20="-0.0335005" m21="-0.998989" m22="0.0299905" m23="0" m30="0.044827" m31="-0.020669" m32="1.38439" m33="1"/>
		<transform name="peon Prop1" m00="0.691315" m01="0.65564" m02="-0.303676" m03="0" m10="-0.566706" m11="0.752724" m12="0.335038" m13="0" m20="0.448249" m21="-0.0595215" m22="0.891925" m23="0" m30="-0.175139" m31="-0.431134" m32="0.480033" m33="1"/>
		<transform name="peon R Calf" m00="0.112745" m01="0.0387374" m02="-0.992869" m03="0" m10="0.904659" m11="-0.417275" m12="0.0864485" m13="0" m20="-0.41095" m21="-0.907954" m22="-0.08209" m23="0" m30="0.114788" m31="-0.196256" m32="0.294559" m33="1"/>
		<transform name="peon R Clavicle" m00="-0.679634" m01="-0.682358" m02="0.269231" m03="0" m10="-0.732742" m11="0.614263" m12="-0.292866" m13="0" m20="0.0344602" m21="-0.396319" m22="-0.917466" m23="0" m30="-0.0306856" m31="-0.0302297" m32="0.855413" m33="1"/>
		<transform name="peon R Foot" m00="0.0705466" m01="-0.0262756" m02="-0.997162" m03="0" m10="0.992199" m11="-0.101158" m12="0.072861" m13="0" m20="-0.102786" m21="-0.994523" m22="0.0189342" m23="0" m30="0.135777" m31="-0.189045" m32="0.109727" m33="1"/>
		<transform name="peon R Forearm" m00="0.590326" m01="-0.722615" m02="-0.359642" m03="0" m10="-0.806781" m11="-0.514496" m12="-0.290514" m13="0" m20="0.0248959" m21="0.46165" m22="-0.886713" m23="0" m30="-0.230345" m31="-0.263388" m32="0.805995" m33="1"/>
		<transform name="peon R Hand" m00="0.55019" m01="-0.750691" m02="-0.365723" m03="0" m10="0.683416" m11="0.656469" m12="-0.31936" m13="0" m20="0.479827" m21="-0.0742319" m22="0.874217" m23="0" m30="-0.133798" m31="-0.381571" m32="0.747176" m33="1"/>
		<transform name="peon R Thigh" m00="0.720424" m01="-0.268248" m02="-0.639557" m03="0" m10="0.558668" m11="-0.321966" m12="0.764349" m13="0" m20="-0.41095" m21="-0.907954" m22="-0.08209" m23="0" m30="-0.00590907" m31="-0.151315" m32="0.401708" m33="1"/>
		<transform name="peon R Toe0" m00="0.992199" m01="-0.101158" m02="0.072861" m03="0" m10="-0.0705466" m11="0.0262756" m12="0.997162" m13="0" m20="-0.102786" m21="-0.994523" m22="0.0189342" m23="0" m30="0.253876" m31="-0.203046" m32="0.0154569" m33="1"/>
		<transform name="peon R UpperArm" m00="-0.565555" m01="-0.724897" m02="-0.393283" m03="0" m10="-0.824335" m11="0.511276" m12="0.243041" m13="0" m20="0.0248959" m21="0.46165" m22="-0.886713" m23="0" m30="-0.112611" m31="-0.112483" m32="0.887867" m33="1"/>
		<transform name="peon Spine" m00="0.372313" m01="-0.216352" m02="0.902538" m03="0" m10="0.917188" m11="-0.0629575" m12="-0.393448" m13="0" m20="0.141945" m21="0.974283" m22="0.174996" m23="0" m30="-0.0676779" m31="-0.0445851" m32="0.548965" m33="1"/>
		<transform name="peon Spine1" m00="0.110046" m01="0.035166" m02="0.993304" m03="0" m10="0.908159" m11="-0.409674" m12="-0.0861094" m13="0" m20="0.403903" m21="0.911554" m22="-0.0770193" m23="0" m30="-0.0282914" m31="-0.0674827" m32="0.644636" m33="1"/>
		<transform name="peon Spine2" m00="-0.0338767" m01="0.395829" m02="0.917699" m03="0" m10="0.732767" m11="-0.61458" m12="0.292136" m13="0" m20="0.679636" m21="0.682356" m22="-0.269231" m23="0" m30="-0.0166915" m31="-0.0637012" m32="0.749896" m33="1"/>
		<transform name="peon Tail" m00="-0.0427984" m01="0.0756422" m02="-0.996216" m03="0" m10="0.978477" m11="0.204649" m12="-0.0264974" m13="0" m20="0.20187" m21="-0.975908" m22="-0.0827728" m23="0" m30="0.0251867" m31="-0.0116038" m32="0.386301" m33="1"/>
	</frame>
	<frame index="3">
		<transform name="peon Head" m00="-0.0676582" m01="0.0195546" m02="0.997517" m03="0" m10="0.996857" m11="-0.039963" m12="0.0683968" m13="0" m20="0.0412012" m21="0.99901" m22="-0.0167893" m23="0" m30="-0.0271819" m31="-0.0211208" m32="0.930587" m33="1"/>
		<transform name="peon L Calf" m00="-0.214894" m01="-0.549381" m02="-0.807466" m03="0" m10="0.590696" m11="0.5853" m12="-0.555429" m13="0" m20="0.777752" m21="-0.596325" m22="0.19874" m23="0" m30="-0.00797331" m31="0.121282" m32="0.253019" m33="1"/>
		<transform name="peon L Clavicle" m00="0.754498" m01="0.568468" m02="-0.327989" m03="0" m10="-0.65215" m11="0.705514" m12="-0.2774" m13="0" m20="0.0737077" m21="0.423196" m22="0.903035" m23="0" m30="-0.0118971" m31="-0.00417458" m32="0.834512" m33="1"/>
		<transform name="peon L Finger0" m00="0.444071" m01="-0.891325" m02="0.0913268" m03="0" m10="-0.788636" m11="-0.437206" m12="-0.432323" m13="0" m20="0.425269" m21="0.119958" m22="-0.897082" m23="0" m30="0.360447" m31="-0.0124525" m32="0.524578" m33="1"/>
		<transform name="peon L Finger01" m00="-0.117386" m01="-0.975495" m02="-0.186091" m03="0" m10="-0.897422" m11="0.184443" m12="-0.400766" m13="0" m20="0.425269" m21="0.119958" m22="-0.897082" m23="0" m30="0.402301" m31="-0.0964602" m32="0.533185" m33="1"/>
		<transform name="peon L Finger1" m00="0.225136" m01="-0.558999" m02="-0.798018" m03="0" m10="-0.691033" m11="-0.66901" m12="0.273678" m13="0" m20="-0.686868" m21="0.489842" m22="-0.536905" m23="0" m30="0.308228" m31="0.0134847" m32="0.346124" m33="1"/>
		<transform name="peon L Finger11" m00="-0.501965" m01="-0.853976" m02="-0.136952" m03="0" m10="-0.525589" m11="0.17544" m12="0.832452" m13="0" m20="-0.686868" m21="0.489842" m22="-0.536905" m23="0" m30="0.325225" m31="-0.0287167" m32="0.285878" m33="1"/>
		<transform name="peon L Foot" m00="0" m01="7.84412e-07" m02="-1" m03="0" m10="0.536696" m11="0.843776" m12="7.24624e-07" m13="0" m20="0.843776" m21="-0.536696" m22="-3.35259e-07" m23="0" m30="-0.0479779" m31="0.0190094" m32="0.102702" m33="1"/>
		<transform name="peon L Forearm" m00="0.389826" m01="-0.403693" m02="-0.827688" m03="0" m10="0.292898" m11="0.906472" m12="-0.304169" m13="0" m20="0.873067" m21="-0.123855" m22="0.471608" m23="0" m30="0.177857" m31="0.155433" m32="0.635983" m33="1"/>
		<transform name="peon L Hand" m00="0.360904" m01="-0.411337" m02="-0.836989" m03="0" m10="-0.631388" m11="-0.768281" m12="0.105321" m13="0" m20="-0.686365" m21="0.490454" m22="-0.536989" m23="0" m30="0.241612" m31="0.0894097" m32="0.500616" m33="1"/>
		<transform name="peon L Thigh" m00="0.288236" m01="0.0573722" m02="-0.955839" m03="0" m10="0.558589" m11="0.80069" m12="0.216504" m13="0" m20="0.777752" m21="-0.596325" m22="0.19874" m23="0" m30="-0.0562633" m31="0.11167" m32="0.413157" m33="1"/>
		<transform name="peon L Toe0" m00="0.536696" m01="0.843776" m02="5.99868e-07" m03="0" m10="0" m11="-6.94991e-07" m12="1" m13="0" m20="0.843776" m21="-0.536696" m22="-3.64782e-07" m23="0" m30="0.0119849" m31="0.113281" m32="1.48028e-07" m33="1"/>
		<transform name="peon L UpperArm" m00="0.474622" m01="0.437532" m02="-0.76374" m03="0" m10="-0.11175" m11="0.890632" m12="0.440779" m13="0" m20="0.873067" m21="-0.123855" m22="0.471608" m23="0" m30="0.0790523" m31="0.0643502" m32="0.794975" m33="1"/>
		<transform name="peon Neck" m00="-0.0422087" m01="-0.0920789" m02="0.994857" m03="0" m10="0.560324" m11="-0.826593" m12="-0.0527324" m13="0" m20="0.827197" m21="0.555217" m22="0.0864834" m23="0" m30="-0.0233157" m31="-0.0126867" m32="0.839461" m33="1"/>
		<transform name="peon Pelvis" m00="0.0435779" m01="-0.0754805" m02="0.996195" m03="0" m10="0.995418" m11="0.0882287" m12="-0.0368589" m13="0" m20="-0.0851108" m21="0.993236" m22="0.0789795" m23="0" m30="-0.0453018" m31="-0.0162521" m32="0.402985" m33="1"/>
		<transform name="peon Ponytail1" m00="-0.0676829" m01="0.0382424" m02="0.996974" m03="0" m10="-0.996684" m11="0.0426326" m12="-0.0692986" m13="0" m20="-0.0451537" m21="-0.998359" m22="0.0352301" m23="0" m30="0.0390615" m31="-0.0164459" m32="1.37143" m33="1"/>
		<transform name="peon Prop1" m00="0.919837" m01="0.32616" m02="-0.217992" m03="0" m10="-0.336572" m11="0.941589" m12="-0.0113888" m13="0" m20="0.201544" m21="0.0838458" m22="0.975884" m23="0" m30="-0.195142" m31="-0.494064" m32="0.55377" m33="1"/>
		<transform name="peon R Calf" m00="0.189314" m01="0.0650139" m02="-0.979762" m03="0" m10="0.814417" m11="-0.567802" m12="0.119688" m13="0" m20="-0.54853" m21="-0.820593" m22="-0.160442" m23="0" m30="0.0892601" m31="-0.208624" m32="0.299875" m33="1"/>
		<transform name="peon R Clavicle" m00="-0.754498" m01="-0.568468" m02="0.327989" m03="0" m10="-0.65215" m11="0.705514" m12="-0.2774" m13="0" m20="-0.0737077" m21="-0.423196" m22="-0.903035" m23="0" m30="-0.0346526" m31="-0.0213195" m32="0.844404" m33="1"/>
		<transform name="peon R Foot" m00="0.151249" m01="-0.0673102" m02="-0.986201" m03="0" m10="0.962063" m11="-0.219151" m12="0.162505" m13="0" m20="-0.227065" m21="-0.973366" m22="0.0316103" m23="0" m30="0.124503" m31="-0.196521" m32="0.117483" m33="1"/>
		<transform name="peon R Forearm" m00="0.373624" m01="-0.927516" m02="-0.0109466" m03="0" m10="-0.851879" m11="-0.338438" m12="-0.399703" m13="0" m20="0.367026" m21="0.158664" m22="-0.916579" m23="0" m30="-0.258323" m31="-0.230281" m32="0.806485" m33="1"/>
		<transform name="peon R Hand" m00="0.328629" m01="-0.944191" m02="-0.0225025" m03="0" m10="0.916203" m11="0.324491" m12="-0.235112" m13="0" m20="0.229292" m21="0.0566476" m22="0.971708" m23="0" m30="-0.197217" m31="-0.381976" m32="0.804695" m33="1"/>
		<transform name="peon R Thigh" m00="0.737752" m01="-0.384692" m02="-0.554738" m03="0" m10="0.393494" m11="-0.422656" m12="0.816409" m13="0" m20="-0.54853" m21="-0.820593" m22="-0.160442" m23="0" m30="-0.0343403" m31="-0.144174" m32="0.392814" m33="1"/>
		<transform name="peon R Toe0" m00="0.962063" m01="-0.219151" m02="0.162505" m03="0" m10="-0.151249" m11="0.0673102" m12="0.986201" m13="0" m20="-0.227065" m21="-0.973366" m22="0.0316103" m23="0" m30="0.247524" m31="-0.227919" m32="0.0343541" m33="1"/>
		<transform name="peon R UpperArm" m00="-0.637544" m01="-0.674612" m02="-0.37207" m03="0" m10="-0.677369" m11="0.720919" m12="-0.146445" m13="0" m20="0.367026" m21="0.158664" m22="-0.916579" m23="0" m30="-0.125602" m31="-0.0898442" m32="0.88394" m33="1"/>
		<transform name="peon Spine" m00="0.341411" m01="-0.29454" m02="0.892572" m03="0" m10="0.899801" m11="-0.172043" m12="-0.400949" m13="0" m20="0.271656" m21="0.940025" m22="0.20629" m23="0" m30="-0.081792" m31="-0.0302492" m32="0.539989" m33="1"/>
		<transform name="peon Spine1" m00="0.134457" m01="0.017837" m02="0.990759" m03="0" m10="0.844831" m11="-0.524587" m12="-0.105209" m13="0" m20="0.517863" m21="0.85117" m22="-0.0856038" m23="0" m30="-0.0456755" m31="-0.0614246" m32="0.634606" m33="1"/>
		<transform name="peon Spine2" m00="0.074227" m01="0.422634" m02="0.903256" m03="0" m10="0.652089" m11="-0.705852" m12="0.276682" m13="0" m20="0.7545" m21="0.568466" m22="-0.327988" m23="0" m30="-0.0314811" m31="-0.0594719" m32="0.739597" m33="1"/>
		<transform name="peon Tail" m00="-0.0427849" m01="0.0755494" m02="-0.996224" m03="0" m10="0.995452" m11="0.0881695" m12="-0.0360653" m13="0" m20="0.0851118" m21="-0.993236" m22="-0.0789781" m23="0" m30="0.0128023" m31="-0.00915543" m32="0.37635" m33="1"/>
	</frame>
	<frame index="4">
		<transform name="peon Head" m00="-0.059904" m01="0.019518" m02="0.998013" m03="0" m10="0.997499" m11="-0.0364087" m12="0.0605851" m13="0" m20="0.0375189" m21="0.999146" m22="-0.0172882" m23="0" m30="-0.0432616" m31="-0.0238735" m32="0.91897" m33="1"/>
		<transform name="peon L Calf" m00="-0.246448" m01="-0.569487" m02="-0.784187" m03="0" m10="0.628163" m11="0.522307" m12="-0.57672" m13="0" m20="0.738021" m21="-0.634728" m22="0.229009" m23="0" m30="-0.00209933" m31="0.125025" m32="0.248686" m33="1"/>
		<transform name="peon L Clavicle" m00="0.782767" m01="0.491495" m02="-0.381718" m03="0" m10="-0.601831" m11="0.753947" m12="-0.263368" m13="0" m20="0.158352" m21="0.435885" m22="0.885962" m23="0" m30="-0.0122929" m31="-0.00293482" m32="0.824672" m33="1"/>
		<transform name="peon L Finger0" m00="0.230509" m01="-0.943245" m02="0.239069" m03="0" m10="-0.861628" m11="-0.312021" m12="-0.400299" m13="0" m20="0.452175" m21="-0.113716" m22="-0.88465" m23="0" m30="0.364985" m31="-0.0763919" m32="0.547689" m33="1"/>
		<transform name="peon L Finger01" m00="-0.425085" m01="-0.899427" m02="-0.101659" m03="0" m10="-0.784118" m11="0.422019" m12="-0.455037" m13="0" m20="0.452175" m21="-0.113716" m22="-0.88465" m23="0" m30="0.386711" m31="-0.165293" m32="0.570221" m33="1"/>
		<transform name="peon L Finger1" m00="0.0773709" m01="-0.784644" m02="-0.6151" m03="0" m10="-0.787613" m11="-0.426373" m12="0.444827" m13="0" m20="-0.611293" m21="0.450044" m22="-0.650985" m23="0" m30="0.31946" m31="-0.0807819" m32="0.365608" m33="1"/>
		<transform name="peon L Finger11" m00="-0.703401" m01="-0.685944" m02="0.1863" m03="0" m10="-0.362696" m11="0.571787" m12="0.735874" m13="0" m20="-0.611293" m21="0.450044" m22="-0.650985" m23="0" m30="0.325301" m31="-0.140018" m32="0.319171" m33="1"/>
		<transform name="peon L Foot" m00="0" m01="8.62814e-07" m02="-1" m03="0" m10="0.536696" m11="0.843776" m12="7.85472e-07" m13="0" m20="0.843776" m21="-0.536696" m22="-5.27875e-07" m23="0" m30="-0.0479779" m31="0.0190094" m32="0.102702" m33="1"/>
		<transform name="peon L Forearm" m00="0.393468" m01="-0.563358" m02="-0.726506" m03="0" m10="0.389002" m11="0.818041" m12="-0.423658" m13="0" m20="0.832983" m21="-0.115917" m22="0.54102" m23="0" m30="0.195825" m31="0.124079" m32="0.618026" m33="1"/>
		<transform name="peon L Hand" m00="0.321183" m01="-0.610704" m02="-0.723797" m03="0" m10="-0.723786" m11="-0.651179" m12="0.228254" m13="0" m20="-0.610717" m21="0.450563" m22="-0.651167" m23="0" m30="0.260176" m31="0.0319424" m32="0.499207" m33="1"/>
		<transform name="peon L Thigh" m00="0.327922" m01="0.040755" m02="-0.943825" m03="0" m10="0.58974" m11="0.77166" m12="0.238219" m13="0" m20="0.738021" m21="-0.634728" m22="0.229009" m23="0" m30="-0.0570382" m31="0.118197" m32="0.406811" m33="1"/>
		<transform name="peon L Toe0" m00="0.536695" m01="0.843776" m02="7.55089e-07" m03="0" m10="0" m11="-8.50413e-07" m12="1" m13="0" m20="0.843776" m21="-0.536696" m22="-5.52536e-07" m23="0" m30="0.0119849" m31="0.113281" m32="1.32475e-07" m33="1"/>
		<transform name="peon L UpperArm" m00="0.546467" m01="0.325532" m02="-0.771623" m03="0" m10="-0.0866755" m11="0.938399" m12="0.334508" m13="0" m20="0.832983" m21="-0.115917" m22="0.54102" m23="0" m30="0.0820641" m31="0.0563114" m32="0.778659" m33="1"/>
		<transform name="peon Neck" m00="-0.208852" m01="-0.148382" m02="0.966625" m03="0" m10="0.473639" m11="-0.880109" m12="-0.032765" m13="0" m20="0.855597" m21="0.450989" m22="0.254092" m23="0" m30="-0.0241315" m31="-0.0102823" m32="0.830431" m33="1"/>
		<transform name="peon Pelvis" m00="0.0435778" m01="-0.0754805" m02="0.996195" m03="0" m10="0.998787" m11="0.0261551" m12="-0.0417095" m13="0" m20="-0.0229073" m21="0.996804" m22="0.0765288" m23="0" m30="-0.0540881" m31="-0.0101849" m32="0.396955" m33="1"/>
		<transform name="peon Ponytail1" m00="-0.0599994" m01="0.0382054" m02="0.997467" m03="0" m10="-0.997342" m11="0.0390788" m12="-0.0614887" m13="0" m20="-0.041329" m21="-0.998505" m22="0.0357592" m23="0" m30="0.0264193" m31="-0.0188733" m32="1.35928" m33="1"/>
		<transform name="peon Prop1" m00="0.993819" m01="0.0840532" m02="-0.0725156" m03="0" m10="-0.10251" m11="0.945556" m12="-0.308895" m13="0" m20="0.042604" m21="0.314419" m22="0.948328" m23="0" m30="-0.229821" m31="-0.542866" m32="0.652406" m33="1"/>
		<transform name="peon R Calf" m00="0.219953" m01="0.0943363" m02="-0.970939" m03="0" m10="0.735965" m11="-0.669339" m12="0.10169" m13="0" m20="-0.640294" m21="-0.736943" m22="-0.216651" m23="0" m30="0.070305" m31="-0.220055" m32="0.305369" m33="1"/>
		<transform name="peon R Clavicle" m00="-0.782767" m01="-0.491495" m02="0.381718" m03="0" m10="-0.601831" m11="0.753947" m12="-0.263368" m13="0" m20="-0.158352" m21="-0.435885" m22="-0.885962" m23="0" m30="-0.035901" m31="-0.0177582" m32="0.836184" m33="1"/>
		<transform name="peon R Foot" m00="0.227664" m01="-0.119616" m02="-0.966365" m03="0" m10="0.907525" m11="-0.333649" m12="0.255101" m13="0" m20="-0.352941" m21="-0.935078" m22="0.0325943" m23="0" m30="0.111251" m31="-0.202493" m32="0.12462" m33="1"/>
		<transform name="peon R Forearm" m00="0.145116" m01="-0.945052" m02="0.292948" m03="0" m10="-0.824188" m11="-0.279274" m12="-0.492666" m13="0" m20="0.547408" m21="-0.169951" m22="-0.819427" m23="0" m30="-0.273263" m31="-0.212419" m32="0.814751" m33="1"/>
		<transform name="peon R Hand" m00="0.100199" m01="-0.956015" m02="0.275672" m03="0" m10="0.992932" m11="0.0783679" m12="-0.0891278" m13="0" m20="0.0636037" m21="0.282654" m22="0.957111" m23="0" m30="-0.249529" m31="-0.366982" m32="0.862662" m33="1"/>
		<transform name="peon R Thigh" m00="0.724875" m01="-0.486394" m02="-0.48783" m03="0" m10="0.254125" m11="-0.4694" m12="0.845627" m13="0" m20="-0.640294" m21="-0.736943" m22="-0.216651" m23="0" m30="-0.051138" m31="-0.138566" m32="0.387098" m33="1"/>
		<transform name="peon R Toe0" m00="0.907525" m01="-0.333649" m02="0.255101" m03="0" m10="-0.227664" m11="0.119616" m12="0.966365" m13="0" m20="-0.352941" m21="-0.935078" m22="0.0325943" m23="0" m30="0.236027" m31="-0.252055" m32="0.0538738" m33="1"/>
		<transform name="peon R UpperArm" m00="-0.686945" m01="-0.650488" m02="-0.323993" m03="0" m10="-0.477965" m11="0.740258" m12="-0.472829" m13="0" m20="0.547408" m21="-0.169951" m22="-0.819427" m23="0" m30="-0.130258" m31="-0.0770044" m32="0.882198" m33="1"/>
		<transform name="peon Spine" m00="0.312434" m01="-0.351678" m02="0.882444" m03="0" m10="0.885466" m11="-0.228581" m12="-0.4046" m13="0" m20="0.343999" m21="0.907785" m22="0.239982" m23="0" m30="-0.0907204" m31="-0.021537" m32="0.534165" m33="1"/>
		<transform name="peon Spine1" m00="0.151591" m01="0.00214408" m02="0.988441" m03="0" m10="0.801263" m11="-0.585822" m12="-0.121614" m13="0" m20="0.57879" m21="0.810437" m22="-0.0905234" m23="0" m30="-0.0576716" m31="-0.0587636" m32="0.62771" m33="1"/>
		<transform name="peon Spine2" m00="0.158831" m01="0.435285" m02="0.886172" m03="0" m10="0.601703" m11="-0.754296" m12="0.262663" m13="0" m20="0.782769" m21="0.491493" m22="-0.381717" m23="0" m30="-0.0416567" m31="-0.0584699" m32="0.732456" m33="1"/>
		<transform name="peon Tail" m00="-0.0427822" m01="0.0754999" m02="-0.996228" m03="0" m10="0.998822" m11="0.0260958" m12="-0.0409159" m13="0" m20="0.0229083" m21="-0.996804" m22="-0.0765274" m23="0" m30="0.00421622" m31="-0.0067782" m32="0.37003" m33="1"/>
	</frame>
	<frame index="5">
		<transform name="peon Head" m00="-0.0560554" m01="0.0164181" m02="0.998293" m03="0" m10="0.998194" m11="-0.020728" m12="0.0563907" m13="0" m20="0.0216185" m21="0.99965" m22="-0.0152265" m23="0" m30="-0.059128" m31="-0.0287882" m32="0.906766" m33="1"/>
		<transform name="peon L Calf" m00="-0.255128" m01="-0.578965" m02="-0.774409" m03="0" m10="0.642601" m11="0.496919" m12="-0.583211" m13="0" m20="0.722477" m21="-0.64643" m22="0.245266" m23="0" m30="-0.00048344" m31="0.126789" m32="0.246865" m33="1"/>
		<transform name="peon L Clavicle" m00="0.784916" m01="0.449915" m02="-0.426009" m03="0" m10="-0.580367" m11="0.774641" m12="-0.251208" m13="0" m20="0.216981" m21="0.444419" m22="0.869144" m23="0" m30="-0.011089" m31="-0.00412391" m32="0.818125" m33="1"/>
		<transform name="peon L Finger0" m00="0.0326849" m01="-0.924398" m02="0.380026" m03="0" m10="-0.886717" m11="-0.202258" m12="-0.415721" m13="0" m20="0.461155" m21="-0.323388" m22="-0.826291" m23="0" m30="0.36705" m31="-0.11971" m32="0.581698" m33="1"/>
		<transform name="peon L Finger01" m00="-0.658726" m01="-0.748673" m02="-0.0746262" m03="0" m10="-0.594488" m11="0.578713" m12="-0.558278" m13="0" m20="0.461155" m21="-0.323388" m22="-0.826291" m23="0" m30="0.37013" m31="-0.206834" m32="0.617516" m33="1"/>
		<transform name="peon L Finger1" m00="-0.0780328" m01="-0.917319" m02="-0.390431" m03="0" m10="-0.831644" m11="-0.156079" m12="0.532923" m13="0" m20="-0.549799" m21="0.366285" m22="-0.750704" m23="0" m30="0.325829" m31="-0.155526" m32="0.402078" m33="1"/>
		<transform name="peon L Finger11" m00="-0.823352" m01="-0.389091" m02="0.413158" m03="0" m10="-0.140759" m11="0.845247" m12="0.515503" m13="0" m20="-0.549799" m21="0.366285" m22="-0.750704" m23="0" m30="0.319938" m31="-0.224779" m32="0.372603" m33="1"/>
