<?xml version="1.0" encoding="ISO-8859-1" standalone="yes"?>
<!DOCTYPE animation [
    <!ELEMENT animation  (frame+)>
    <!ELEMENT frame      (transform+)>
    <!ELEMENT transform   EMPTY>
    <!ATTLIST frame index CDATA #REQUIRED>
    <!ATTLIST transform name CDATA #REQUIRED>
    <!ATTLIST transform m00 CDATA #REQUIRED>
    <!ATTLIST transform m01 CDATA #REQUIRED>
    <!ATTLIST transform m02 CDATA #REQUIRED>
    <!ATTLIST transform m03 CDATA #REQUIRED>
    <!ATTLIST transform m10 CDATA #REQUIRED>
    <!ATTLIST transform m11 CDATA #REQUIRED>
    <!ATTLIST transform m12 CDATA #REQUIRED>
    <!ATTLIST transform m13 CDATA #REQUIRED>
    <!ATTLIST transform m20 CDATA #REQUIRED>
    <!ATTLIST transform m21 CDATA #REQUIRED>
    <!ATTLIST transform m22 CDATA #REQUIRED>
    <!ATTLIST transform m23 CDATA #REQUIRED>
    <!ATTLIST transform m30 CDATA #REQUIRED>
    <!ATTLIST transform m31 CDATA #REQUIRED>
    <!ATTLIST transform m32 CDATA #REQUIRED>
    <!ATTLIST transform m33 CDATA #REQUIRED>
]>

<animation>
    <frame index="0">
        <transform name='ship'
            m00='0.027977170422673225' m10='-0.9928436279296875' m20='0.11609801650047302' m30='0.5090197324752808'
            m01='-0.11609819531440735' m11='-0.11858485639095306' m21='-0.986133337020874' m31='0.06373582035303116'
            m02='0.992843747138977' m12='0.0141105642542243' m22='-0.1185850203037262' m32='0.8409090638160706'
            m03='0.0' m13='0.0' m23='0.0' m33='1.0'/>
        <transform name='ship bottom'
            m00='-1.1471274774521589e-07' m10='-1.0' m20='1.4901161193847656e-08' m30='-0.48382389545440674'
            m01='-0.11776315420866013' m11='0.0' m21='-0.9930418133735657' m31='-0.054849036037921906'
            m02='0.9930417537689209' m12='-2.7939677238464355e-09' m22='-0.11776313930749893' m32='0.8550196290016174'
            m03='0.0' m13='0.0' m23='0.0' m33='1.0'/>
        <transform name='ship column'
            m00='0.9944515824317932' m10='0.008323759771883488' m20='-0.10486562550067902' m30='-5.411092758178711'
            m01='-0.1047530472278595' m11='-0.012973815202713013' m21='-0.9944137930870056' m31='-0.054849036037921906'
            m02='-0.009637866169214249' m12='0.9998812675476074' m22='-0.012029871344566345' m32='0.8550196290016174'
            m03='0.0' m13='0.0' m23='0.0' m33='1.0'/>
        <transform name='ship sail base'
            m00='0.9844748377799988' m10='-0.13734297454357147' m20='-0.10929796099662781' m30='-5.379798412322998'
            m01='-0.10870549827814102' m11='0.011829795315861702' m21='-0.9940037727355957' m31='-0.10362592339515686'
            m02='0.1378122717142105' m12='0.9904530048370361' m22='-0.0032837800681591034' m32='4.6142144203186035'
            m03='0.0' m13='0.0' m23='0.0' m33='1.0'/>
        <transform name='ship sail  1'
            m00='0.9294111132621765' m10='0.06495179980993271' m20='-0.3632851243019104' m30='-5.971714019775391'
            m01='-0.11873631179332733' m11='0.9846776127815247' m21='-0.12771858274936676' m31='-0.05264230817556381'
            m02='0.34942305088043213' m12='0.16183820366859436' m22='0.9228824377059937' m32='8.882831573486328'
            m03='0.0' m13='0.0' m23='0.0' m33='1.0'/>
        <transform name='ship sail  2'
            m00='0.9159687757492065' m10='0.15028192102909088' m20='-0.37204331159591675' m30='-5.849033355712891'
            m01='-0.11850561201572418' m11='0.9871721267700195' m21='0.10699475556612015' m31='1.8072123527526855'
            m02='0.38335007429122925' m12='-0.0539146363735199' m22='0.922028124332428' m32='9.18851089477539'
            m03='0.0' m13='0.0' m23='0.0' m33='1.0'/>
        <transform name='ship sail 3'
            m00='0.986421525478363' m10='0.16055506467819214' m20='-0.03455974906682968' m30='-5.971714019775391'
            m01='0.1584050953388214' m11='-0.9856753945350647' m21='-0.05789973586797714' m31='-0.05264230817556381'
            m02='-0.04336101934313774' m12='0.05163922905921936' m22='-0.9977242350578308' m32='8.882831573486328'
            m03='0.0' m13='0.0' m23='0.0' m33='1.0'/>
        <transform name='ship sail 4'
            m00='0.9957802891731262' m10='0.08367016166448593' m20='-0.037691544741392136' m30='-5.6256561279296875'
            m01='0.0830550491809845' m11='-0.9963896870613098' m21='-0.017604369670152664' m31='-2.177151679992676'
            m02='-0.03902864828705788' m12='0.014399748295545578' m22='-0.9991345405578613' m32='8.994133949279785'
            m03='0.0' m13='0.0' m23='0.0' m33='1.0'/>
    </frame>
    <frame index="1">
        <transform name='ship'
            m00='0.027977170422673225' m10='-0.9928436279296875' m20='0.11609801650047302' m30='0.5090197324752808'
            m01='-0.11609819531440735' m11='-0.11858485639095306' m21='-0.986133337020874' m31='0.06373582035303116'
            m02='0.992843747138977' m12='0.0141105642542243' m22='-0.1185850203037262' m32='0.8409090638160706'
            m03='0.0' m13='0.0' m23='0.0' m33='1.0'/>
        <transform name='ship bottom'
            m00='-1.1471274774521589e-07' m10='-1.0' m20='1.4901161193847656e-08' m30='-0.48382389545440674'
            m01='-0.11776315420866013' m11='0.0' m21='-0.9930418133735657' m31='-0.054849036037921906'
            m02='0.9930417537689209' m12='-2.7939677238464355e-09' m22='-0.11776313930749893' m32='0.8550196290016174'
            m03='0.0' m13='0.0' m23='0.0' m33='1.0'/>
        <transform name='ship column'
            m00='0.9944515824317932' m10='0.008323759771883488' m20='-0.10486562550067902' m30='-5.411092758178711'
            m01='-0.1047530472278595' m11='-0.012973815202713013' m21='-0.9944137930870056' m31='-0.054849036037921906'
            m02='-0.009637866169214249' m12='0.9998812675476074' m22='-0.012029871344566345' m32='0.8550196290016174'
            m03='0.0' m13='0.0' m23='0.0' m33='1.0'/>
        <transform name='ship sail base'
            m00='0.9844701290130615' m10='-0.13737666606903076' m20='-0.1092977523803711' m30='-5.379798412322998'
            m01='-0.10870490968227386' m11='0.01183335017412901' m21='-0.9940037727355957' m31='-0.10362592339515686'
            m02='0.13784615695476532' m12='0.9904482960700989' m22='-0.003283916739746928' m32='4.6142144203186035'
            m03='0.0' m13='0.0' m23='0.0' m33='1.0'/>
        <transform name='ship sail  1'
            m00='0.9287161231040955' m10='0.06436841189861298' m20='-0.3651615381240845' m30='-5.971859455108643'
            m01='-0.11837654560804367' m11='0.9847516417503357' m21='-0.1274813413619995' m31='-0.05262698978185654'
            m02='0.35138756036758423' m12='0.16162057220935822' m22='0.9221745133399963' m32='8.8828125'
            m03='0.0' m13='0.0' m23='0.0' m33='1.0'/>
        <transform name='ship sail  2'
            m00='0.9157839417457581' m10='0.15051034092903137' m20='-0.3724060654640198' m30='-5.85028076171875'
            m01='-0.11830776184797287' m11='0.9870855212211609' m21='0.10800658911466599' m31='1.8073675632476807'
            m02='0.3838527202606201' m12='-0.054852135479450226' m22='0.9217637181282043' m32='9.188080787658691'
            m03='0.0' m13='0.0' m23='0.0' m33='1.0'/>
        <transform name='ship sail 3'
            m00='0.9864416718482971' m10='0.16054798662662506' m20='-0.034013643860816956' m30='-5.971859455108643'
            m01='0.1584278643131256' m11='-0.9856738448143005' m21='-0.057862766087055206' m31='-0.05262698978185654'
            m02='-0.042816344648599625' m12='0.05168965458869934' m22='-0.9977450966835022' m32='8.8828125'
            m03='0.0' m13='0.0' m23='0.0' m33='1.0'/>
        <transform name='ship sail 4'
            m00='0.9958879351615906' m10='0.08367588371038437' m20='-0.03471636027097702' m30='-5.625816822052002'
            m01='0.08312095701694489' m11='-0.9963923096656799' m21='-0.017135124653577805' m31='-2.177133083343506'
            m02='-0.036025140434503555' m12='0.014179141260683537' m22='-0.9992504715919495' m32='8.994223594665527'
            m03='0.0' m13='0.0' m23='0.0' m33='1.0'/>
    </frame>
    <frame index="2">
        <transform name='ship'
            m00='0.027977170422673225' m10='-0.9928436279296875' m20='0.11609801650047302' m30='0.5090197324752808'
            m01='-0.11609819531440735' m11='-0.11858485639095306' m21='-0.986133337020874' m31='0.06373582035303116'
            m02='0.992843747138977' m12='0.0141105642542243' m22='-0.1185850203037262' m32='0.8409090638160706'
            m03='0.0' m13='0.0' m23='0.0' m33='1.0'/>
        <transform name='ship bottom'
            m00='-1.1471274774521589e-07' m10='-1.0' m20='1.4901161193847656e-08' m30='-0.48382389545440674'
            m01='-0.11776315420866013' m11='0.0' m21='-0.9930418133735657' m31='-0.054849036037921906'
            m02='0.9930417537689209' m12='-2.7939677238464355e-09' m22='-0.11776313930749893' m32='0.8550196290016174'
            m03='0.0' m13='0.0' m23='0.0' m33='1.0'/>
        <transform name='ship column'
            m00='0.9944515824317932' m10='0.008323759771883488' m20='-0.10486562550067902' m30='-5.411092758178711'
            m01='-0.1047530472278595' m11='-0.012973815202713013' m21='-0.9944137930870056' m31='-0.054849036037921906'
            m02='-0.009637866169214249' m12='0.9998812675476074' m22='-0.012029871344566345' m32='0.8550196290016174'
            m03='0.0' m13='0.0' m23='0.0' m33='1.0'/>
        <transform name='ship sail base'
            m00='0.9844570159912109' m10='-0.13747233152389526' m20='-0.1092962771654129' m30='-5.379798412322998'
            m01='-0.10870242863893509' m11='0.011842753738164902' m21='-0.99400395154953' m31='-0.10362592339515686'
            m02='0.13794226944446564' m12='0.9904349446296692' m22='-0.003284874139353633' m32='4.6142144203186035'
            m03='0.0' m13='0.0' m23='0.0' m33='1.0'/>
        <transform name='ship sail  1'
            m00='0.9267268776893616' m10='0.06263755261898041' m20='-0.37047773599624634' m30='-5.97227144241333'
            m01='-0.11727282404899597' m11='0.9849691390991211' m21='-0.12681959569454193' m31='-0.05258646234869957'
            m02='0.3569653034210205' m12='0.16097411513328552' m22='0.9201430678367615' m32='8.8827543258667'
            m03='0.0' m13='0.0' m23='0.0' m33='1.0'/>
        <transform name='ship sail  2'
            m00='0.9153153896331787' m10='0.15110693871974945' m20='-0.3733152151107788' m30='-5.853961944580078'
            m01='-0.11770373582839966' m11='0.9868424534797668' m21='0.11085181683301926' m31='1.8078190088272095'
            m02='0.385153591632843' m12='-0.05752377212047577' m22='0.921057939529419' m32='9.18680191040039'
            m03='0.0' m13='0.0' m23='0.0' m33='1.0'/>
        <transform name='ship sail 3'
            m00='0.9865016937255859' m10='0.16050021350383759' m20='-0.032464344054460526' m30='-5.97227144241333'
            m01='0.15846484899520874' m11='-0.9856741428375244' m21='-0.05775732547044754' m31='-0.05258646234869957'
            m02='-0.04126957058906555' m12='0.05183335766196251' m22='-0.9978029131889343' m32='8.8827543258667'
            m03='0.0' m13='0.0' m23='0.0' m33='1.0'/>
        <transform name='ship sail 4'
            m00='0.9961469769477844' m10='0.08367056399583817' m20='-0.0262736976146698' m30='-5.626331806182861'
            m01='0.08327514678239822' m11='-0.9964014887809753' m21='-0.015802418813109398' m31='-2.177093029022217'
            m02='-0.027501586824655533' m12='0.013553719967603683' m22='-0.9995301365852356' m32='8.994475364685059'
            m03='0.0' m13='0.0' m23='0.0' m33='1.0'/>
    </frame>
    <frame index="3">
        <transform name='ship'
            m00='0.027977170422673225' m10='-0.9928436279296875' m20='0.11609801650047302' m30='0.5090197324752808'
            m01='-0.11609819531440735' m11='-0.11858485639095306' m21='-0.986133337020874' m31='0.06373582035303116'
            m02='0.992843747138977' m12='0.0141105642542243' m22='-0.1185850203037262' m32='0.8409090638160706'
            m03='0.0' m13='0.0' m23='0.0' m33='1.0'/>
        <transform name='ship bottom'
            m00='-1.1471274774521589e-07' m10='-1.0' m20='1.4901161193847656e-08' m30='-0.48382389545440674'
            m01='-0.11776315420866013' m11='0.0' m21='-0.9930418133735657' m31='-0.054849036037921906'
            m02='0.9930417537689209' m12='-2.7939677238464355e-09' m22='-0.11776313930749893' m32='0.8550196290016174'
            m03='0.0' m13='0.0' m23='0.0' m33='1.0'/>
        <transform name='ship column'
            m00='0.9944515824317932' m10='0.008323759771883488' m20='-0.10486562550067902' m30='-5.411092758178711'
            m01='-0.1047530472278595' m11='-0.012973815202713013' m21='-0.9944137930870056' m31='-0.054849036037921906'
            m02='-0.009637866169214249' m12='0.9998812675476074' m22='-0.012029871344566345' m32='0.8550196290016174'
            m03='0.0' m13='0.0' m23='0.0' m33='1.0'/>
        <transform name='ship sail base'
            m00='0.9844364523887634' m10='-0.13762180507183075' m20='-0.10929227620363235' m30='-5.379798412322998'
            m01='-0.10869701951742172' m11='0.011856110766530037' m21='-0.9940043687820435' m31='-0.10362592339515686'
            m02='0.13809232413768768' m12='0.9904139637947083' m22='-0.00328747252933681' m32='4.6142144203186035'
            m03='0.0' m13='0.0' m23='0.0' m33='1.0'/>
        <transform name='ship sail  1'
            m00='0.9235628843307495' m10='0.05979085713624954' m20='-0.3787562847137451' m30='-5.9729156494140625'
            m01='-0.11538566648960114' m11='0.9853209257125854' m21='-0.12581373751163483' m31='-0.05252889543771744'
            m02='0.36567386984825134' m12='0.1598999947309494' m22='0.9169049263000488' m32='8.88266372680664'
            m03='0.0' m13='0.0' m23='0.0' m33='1.0'/>
        <transform name='ship sail  2'
            m00='0.914690375328064' m10='0.1519504338502884' m20='-0.3745024800300598' m30='-5.859982967376709'
            m01='-0.11668721586465836' m11='0.986459493637085' m21='0.11524698138237' m31='1.808540940284729'
            m02='0.3869433104991913' m12='-0.06171564385294914' m22='0.9200358390808105' m32='9.18468189239502'
            m03='0.0' m13='0.0' m23='0.0' m33='1.0'/>
        <transform name='ship sail 3'
            m00='0.9865991473197937' m10='0.16037161648273468' m20='-0.03004523739218712' m30='-5.9729156494140625'
            m01='0.15846888720989227' m11='-0.9856831431388855' m21='-0.057591672986745834' m31='-0.05252889543771744'
            m02='-0.03885139524936676' m12='0.05205877870321274' m22='-0.9978881478309631' m32='8.88266372680664'
            m03='0.0' m13='0.0' m23='0.0' m33='1.0'/>
        <transform name='ship sail 4'
            m00='0.9964112043380737' m10='0.08362478762865067' m20='-0.013087227940559387' m30='-5.62725305557251'
            m01='0.08344520628452301' m11='-0.9964180588722229' m21='-0.01371915452182293' m31='-2.1770548820495605'
            m02='-0.014187844470143318' m12='0.012577986344695091' m22='-0.9998202919960022' m32='8.99487018585205'
            m03='0.0' m13='0.0' m23='0.0' m33='1.0'/>
    </frame>
    <frame index="4">
        <transform name='ship'
            m00='0.027977170422673225' m10='-0.9928436279296875' m20='0.11609801650047302' m30='0.5090197324752808'
            m01='-0.11609819531440735' m11='-0.11858485639095306' m21='-0.986133337020874' m31='0.06373582035303116'
            m02='0.992843747138977' m12='0.0141105642542243' m22='-0.1185850203037262' m32='0.8409090638160706'
            m03='0.0' m13='0.0' m23='0.0' m33='1.0'/>
        <transform name='ship bottom'
            m00='-1.1471274774521589e-07' m10='-1.0' m20='1.4901161193847656e-08' m30='-0.48382389545440674'
            m01='-0.11776315420866013' m11='0.0' m21='-0.9930418133735657' m31='-0.054849036037921906'
            m02='0.9930417537689209' m12='-2.7939677238464355e-09' m22='-0.11776313930749893' m32='0.8550196290016174'
            m03='0.0' m13='0.0' m23='0.0' m33='1.0'/>
        <transform name='ship column'
            m00='0.9944515824317932' m10='0.008323759771883488' m20='-0.10486562550067902' m30='-5.411092758178711'
            m01='-0.1047530472278595' m11='-0.012973815202713013' m21='-0.9944137930870056' m31='-0.054849036037921906'
            m02='-0.009637866169214249' m12='0.9998812675476074' m22='-0.012029871344566345' m32='0.8550196290016174'
            m03='0.0' m13='0.0' m23='0.0' m33='1.0'/>
        <transform name='ship sail base'
            m00='0.9844100475311279' m10='-0.13781696557998657' m20='-0.10928447544574738' m30='-5.379798412322998'
            m01='-0.10868764668703079' m11='0.011871527880430222' m21='-0.9940052032470703' m31='-0.10362592339515686'
            m02='0.13828803598880768' m12='0.9903866052627563' m22='-0.0032925312407314777' m32='4.6142144203186035'
            m03='0.0' m13='0.0' m23='0.0' m33='1.0'/>
        <transform name='ship sail  1'
            m00='0.9193249940872192' m10='0.05586302652955055' m20='-0.3895133137702942' m30='-5.973756790161133'
            m01='-0.11267364770174026' m11='0.9857950806617737' m21='-0.12455081939697266' m31='-0.05246245115995407'
            m02='0.3770224452018738' m12='0.1583905965089798' m22='0.9125603437423706' m32='8.882545471191406'
            m03='0.0' m13='0.0' m23='0.0' m33='1.0'/>
        <transform name='ship sail  2'
            m00='0.9140356183052063' m10='0.15292790532112122' m20='-0.3757014572620392' m30='-5.8682427406311035'
            m01='-0.11526070535182953' m11='0.9859490394592285' m21='0.12091176956892014' m31='1.8095029592514038'
            m02='0.3889131546020508' m12='-0.06721401959657669' m22='0.9188190698623657' m32='9.181713104248047'
            m03='0.0' m13='0.0' m23='0.0' m33='1.0'/>
        <transform name='ship sail 3'
            m00='0.9867307543754578' m10='0.16012224555015564' m20='-0.02688973769545555' m30='-5.973756790161133'
            m01='0.1583928018808365' m11='-0.9857080578804016' m21='-0.057374339550733566' m31='-0.05246245115995407'
            m02='-0.035692550241947174' m12='0.052354004234075546' m22='-0.9979906678199768' m32='8.882545471191406'
            m03='0.0' m13='0.0' m23='0.0' m33='1.0'/>
        <transform name='ship sail 4'
            m00='0.9964980483055115' m10='0.08351266384124756' m20='0.0041170306503772736' m30='-5.628631591796875'
            m01='0.08355352282524109' m11='-0.9964426755905151' m21='-0.011000920087099075' m31='-2.177042007446289'
            m02='0.003183465451002121' m12='0.0113065205514431' m22='-0.9999310970306396' m32='8.99538803100586'
            m03='0.0' m13='0.0' m23='0.0' m33='1.0'/>
    </frame>
    <frame index="5">
        <transform name='ship'
            m00='0.027977170422673225' m10='-0.9928436279296875' m20='0.11609801650047302' m30='0.5090197324752808'
            m01='-0.11609819531440735' m11='-0.11858485639095306' m21='-0.986133337020874' m31='0.06373582035303116'
            m02='0.992843747138977' m12='0.0141105642542243' m22='-0.1185850203037262' m32='0.8409090638160706'
            m03='0.0' m13='0.0' m23='0.0' m33='1.0'/>
        <transform name='ship bottom'
            m00='-1.1471274774521589e-07' m10='-1.0' m20='1.4901161193847656e-08' m30='-0.48382389545440674'
            m01='-0.11776315420866013' m11='0.0' m21='-0.9930418133735657' m31='-0.054849036037921906'
            m02='0.9930417537689209' m12='-2.7939677238464355e-09' m22='-0.11776313930749893' m32='0.8550196290016174'
            m03='0.0' m13='0.0' m23='0.0' m33='1.0'/>
        <transform name='ship column'
            m00='0.9944515824317932' m10='0.008323759771883488' m20='-0.10486562550067902' m30='-5.411092758178711'
            m01='-0.1047530472278595' m11='-0.012973815202713013' m21='-0.9944137930870056' m31='-0.054849036037921906'
            m02='-0.009637866169214249' m12='0.9998812675476074' m22='-0.012029871344566345' m32='0.8550196290016174'
            m03='0.0' m13='0.0' m23='0.0' m33='1.0'/>
        <transform name='ship sail base'
            m00='0.9843789339065552' m10='-0.1380496770143509' m20='-0.10927162319421768' m30='-5.379798412322998'
            m01='-0.10867328941822052' m11='0.011887110769748688' m21='-0.9940066337585449' m31='-0.10362592339515686'
            m02='0.13852107524871826' m12='0.990354061126709' m22='-0.003300868906080723' m32='4.6142144203186035'
            m03='0.0' m13='0.0' m23='0.0' m33='1.0'/>
        <transform name='ship sail  1'
            m00='0.91410893201828' m10='0.050890885293483734' m20='-0.4022621214389801' m30='-5.974760055541992'
            m01='-0.10909566283226013' m11='0.9863767027854919' m21='-0.12312299758195877' m31='-0.0523952953517437'
            m02='0.3905160427093506' m12='0.1564328968524933' m22='0.9072078466415405' m32='8.882406234741211'
            m03='0.0' m13='0.0' m23='0.0' m33='1.0'/>
        <transform name='ship sail  2'
            m00='0.913478434085846' m10='0.1539255678653717' m20='-0.37664794921875' m30='-5.878637790679932'
            m01='-0.1134314239025116' m11='0.9853218197822571' m21='0.1275702714920044' m31='1.8106685876846313'
            m02='0.3907557427883148' m12='-0.07380901277065277' m22='0.9175304770469666' m32='9.177875518798828'
            m03='0.0' m13='0.0' m23='0.0' m33='1.0'/>
        <transform name='ship sail 3'
            m00='0.9868925213813782' m10='0.15971192717552185' m20='-0.023131145164370537' m30='-5.974760055541992'
            m01='0.1581893116235733' m11='-0.9857558012008667' m21='-0.05711422488093376' m31='-0.0523952953517437'
            m02='-0.03192371129989624' m12='0.05270661786198616' m22='-0.9980998039245605' m32='8.882406234741211'
            m03='0.0' m13='0.0' m23='0.0' m33='1.0'/>
        <transform name='ship sail 4'
            m00='0.9962197542190552' m10='0.08330858498811722' m20='0.024607740342617035' m30='-5.630519390106201'
            m01='0.08352189511060715' m11='-0.9964758157730103' m21='-0.007768132723867893' m31='-2.1770780086517334'
            m02='0.023873649537563324' m12='0.009794185869395733' m22='-0.9996671080589294' m32='8.99600887298584'
            m03='0.0' m13='0.0' m23='0.0' m33='1.0'/>
    </frame>
    <frame index="6">
        <transform name='ship'
            m00='0.027977170422673225' m10='-0.9928436279296875' m20='0.11609801650047302' m30='0.5090197324752808'
            m01='-0.11609819531440735' m11='-0.11858485639095306' m21='-0.986133337020874' m31='0.06373582035303116'
            m02='0.992843747138977' m12='0.0141105642542243' m22='-0.1185850203037262' m32='0.8409090638160706'
            m03='0.0' m13='0.0' m23='0.0' m33='1.0'/>
        <transform name='ship bottom'
            m00='-1.1471274774521589e-07' m10='-1.0' m20='1.4901161193847656e-08' m30='-0.48382389545440674'
            m01='-0.11776315420866013' m11='0.0' m21='-0.9930418133735657' m31='-0.054849036037921906'
            m02='0.9930417537689209' m12='-2.7939677238464355e-09' m22='-0.11776313930749893' m32='0.8550196290016174'
            m03='0.0' m13='0.0' m23='0.0' m33='1.0'/>
        <transform name='ship column'
            m00='0.9944515824317932' m10='0.008323759771883488' m20='-0.10486562550067902' m30='-5.411092758178711'
            m01='-0.1047530472278595' m11='-0.012973815202713013' m21='-0.9944137930870056' m31='-0.054849036037921906'
            m02='-0.009637866169214249' m12='0.9998812675476074' m22='-0.012029871344566345' m32='0.8550196290016174'
            m03='0.0' m13='0.0' m23='0.0' m33='1.0'/>
        <transform name='ship sail base'
            m00='0.9843442440032959' m10='-0.13831177353858948' m20='-0.1092524453997612' m30='-5.379798412322998'
            m01='-0.10865285992622375' m11='0.011900963261723518' m21='-0.9940086603164673' m31='-0.10362592339515686'
            m02='0.13878318667411804' m12='0.9903173446655273' m22='-0.003313303692266345' m32='4.6142144203186035'
            m03='0.0' m13='0.0' m23='0.0' m33='1.0'/>
        <transform name='ship sail  1'
            m00='0.9080179929733276' m10='0.04491265490651131' m20='-0.41651663184165955' m30='-5.975889205932617'
            m01='-0.10461276024580002' m11='0.9870479106903076' m21='-0.12162618339061737' m31='-0.05233559384942055'
            m02='0.40565919876098633' m12='0.15401174128055573' m22='0.9009556770324707' m32='8.882247924804688'
            m03='0.0' m13='0.0' m23='0.0' m33='1.0'/>
        <transform name='ship sail  2'
            m00='0.9131486415863037' m10='0.15482208132743835' m20='-0.37708035111427307' m30='-5.891058444976807'
            m01='-0.11120729148387909' m11='0.9845919013023376' m21='0.1349520981311798' m31='1.8119961023330688'
            m02='0.3921637237071991' m12='-0.08129720389842987' m22='0.9162960648536682' m32='9.173144340515137'
            m03='0.0' m13='0.0' m23='0.0' m33='1.0'/>
        <transform name='ship sail 3'
            m00='0.9870811700820923' m10='0.1591004878282547' m20='-0.018902864307165146' m30='-5.975889205932617'
            m01='0.15781119465827942' m11='-0.9858333468437195' m21='-0.05682070180773735' m31='-0.05233559384942055'
            m02='-0.02767549827694893' m12='0.05310369282960892' m22='-0.9982056617736816' m32='8.882247924804688'
            m03='0.0' m13='0.0' m23='0.0' m33='1.0'/>
        <transform name='ship sail 4'
            m00='0.9954109191894531' m10='0.08298484981060028' m20='0.04764680564403534' m30='-5.6329665184021'
            m01='0.08327565342187881' m11='-0.9965180158615112' m21='-0.0041472772136330605' m31='-2.177185297012329'
            m02='0.047136545181274414' m12='0.008096194826066494' m22='-0.9988559484481812' m32='8.99670696258545'
            m03='0.0' m13='0.0' m23='0.0' m33='1.0'/>
    </frame>
    <frame index="7">
        <transform name='ship'
            m00='0.027977170422673225' m10='-0.9928436279296875' m20='0.11609801650047302' m30='0.5090197324752808'
            m01='-0.11609819531440735' m11='-0.11858485639095306' m21='-0.986133337020874' m31='0.06373582035303116'
            m02='0.992843747138977' m12='0.0141105642542243' m22='-0.1185850203037262' m32='0.8409090638160706'
            m03='0.0' m13='0.0' m23='0.0' m33='1.0'/>
        <transform name='ship bottom'
            m00='-1.1471274774521589e-07' m10='-1.0' m20='1.4901161193847656e-08' m30='-0.48382389545440674'
            m01='-0.11776315420866013' m11='0.0' m21='-0.9930418133735657' m31='-0.054849036037921906'
            m02='0.9930417537689209' m12='-2.7939677238464355e-09' m22='-0.11776313930749893' m32='0.8550196290016174'
            m03='0.0' m13='0.0' m23='0.0' m33='1.0'/>
        <transform name='ship column'
            m00='0.9944515824317932' m10='0.008323759771883488' m20='-0.10486562550067902' m30='-5.411092758178711'
            m01='-0.1047530472278595' m11='-0.012973815202713013' m21='-0.9944137930870056' m31='-0.054849036037921906'
            m02='-0.009637866169214249' m12='0.9998812675476074' m22='-0.012029871344566345' m32='0.8550196290016174'
            m03='0.0' m13='0.0' m23='0.0' m33='1.0'/>
        <transform name='ship sail base'
            m00='0.9843073487281799' m10='-0.13859513401985168' m20='-0.10922567546367645' m30='-5.379798412322998'
            m01='-0.10862535238265991' m11='0.011911189183592796' m21='-0.9940115809440613' m31='-0.10362592339515686'
            m02='0.13906602561473846' m12='0.9902776479721069' m22='-0.003330651903524995' m32='4.6142144203186035'
            m03='0.0' m13='0.0' m23='0.0' m33='1.0'/>
        <transform name='ship sail  1'
            m00='0.9011720418930054' m10='0.03796698898077011' m20='-0.43179547786712646' m30='-5.977110385894775'
            m01='-0.09918971359729767' m11='0.9877873063087463' m21='-0.12015802413225174' m31='-0.052291519939899445'
            m02='0.42195993661880493' m12='0.15111273527145386' m22='0.8939323425292969' m32='8.882076263427734'
            m03='0.0' m13='0.0' m23='0.0' m33='1.0'/>
        <transform name='ship sail  2'
            m00='0.9131768345832825' m10='0.15548333525657654' m20='-0.37673965096473694' m30='-5.905398368835449'
            m01='-0.10859338939189911' m11='0.9837771654129028' m21='0.14279358088970184' m31='1.8134368658065796'
            m02='0.3928297758102417' m12='-0.08948437869548798' m22='0.9152472019195557' m32='9.167497634887695'
            m03='0.0' m13='0.0' m23='0.0' m33='1.0'/>
        <transform name='ship sail 3'
            m00='0.9872951507568359' m10='0.1582479029893875' m20='-0.014338361099362373' m30='-5.977110385894775'
            m01='0.1572112888097763' m11='-0.9859475493431091' m21='-0.05650365725159645' m31='-0.052291519939899445'
            m02='-0.023078694939613342' m12='0.05353175103664398' m22='-0.9982995986938477' m32='8.882076263427734'
            m03='0.0' m13='0.0' m23='0.0' m33='1.0'/>
        <transform name='ship sail 4'
            m00='0.9939501285552979' m10='0.08250977098941803' m20='0.0724906250834465' m30='-5.636025428771973'
            m01='0.08274707943201065' m11='-0.9965707659721375' m21='-0.00027109310030937195' m31='-2.1773874759674072'
            m02='0.07221944630146027' m12='0.006267973221838474' m22='-0.9973692297935486' m32='8.997457504272461'
            m03='0.0' m13='0.0' m23='0.0' m33='1.0'/>
    </frame>
    <frame index="8">
        <transform name='ship'
            m00='0.027977170422673225' m10='-0.9928436279296875' m20='0.11609801650047302' m30='0.5090197324752808'
            m01='-0.11609819531440735' m11='-0.11858485639095306' m21='-0.986133337020874' m31='0.06373582035303116'
            m02='0.992843747138977' m12='0.0141105642542243' m22='-0.1185850203037262' m32='0.8409090638160706'
            m03='0.0' m13='0.0' m23='0.0' m33='1.0'/>
        <transform name='ship bottom'
            m00='-1.1471274774521589e-07' m10='-1.0' m20='1.4901161193847656e-08' m30='-0.48382389545440674'
            m01='-0.11776315420866013' m11='0.0' m21='-0.9930418133735657' m31='-0.054849036037921906'
            m02='0.9930417537689209' m12='-2.7939677238464355e-09' m22='-0.11776313930749893' m32='0.8550196290016174'
            m03='0.0' m13='0.0' m23='0.0' m33='1.0'/>
        <transform name='ship column'
            m00='0.9944515824317932' m10='0.008323759771883488' m20='-0.10486562550067902' m30='-5.411092758178711'
            m01='-0.1047530472278595' m11='-0.012973815202713013' m21='-0.9944137930870056' m31='-0.054849036037921906'
            m02='-0.009637866169214249' m12='0.9998812675476074' m22='-0.012029871344566345' m32='0.8550196290016174'
            m03='0.0' m13='0.0' m23='0.0' m33='1.0'/>
        <transform name='ship sail base'
            m00='0.9842694997787476' m10='-0.1388915777206421' m20='-0.10919005423784256' m30='-5.379798412322998'
            m01='-0.10858972370624542' m11='0.011915890499949455' m21='-0.9940153956413269' m31='-0.10362592339515686'
            m02='0.13936133682727814' m12='0.9902359247207642' m22='-0.0033537300769239664' m32='4.6142144203186035'
            m03='0.0' m13='0.0' m23='0.0' m33='1.0'/>
        <transform name='ship sail  1'
            m00='0.8937147259712219' m10='0.030091913416981697' m20='-0.4476250112056732' m30='-5.97838830947876'
            m01='-0.09279575943946838' m11='0.9885706901550293' m21='-0.11881587654352188' m31='-0.05227125808596611'
            m02='0.438933402299881' m12='0.14772523939609528' m22='0.886292576789856' m32='8.88189697265625'
            m03='0.0' m13='0.0' m23='0.0' m33='1.0'/>
        <transform name='ship sail  2'
            m00='0.9136943221092224' m10='0.1557590365409851' m20='-0.375368595123291' m30='-5.921550750732422'
            m01='-0.10558848828077316' m11='0.9829033017158508' m21='0.15083962678909302' m31='1.8149367570877075'
            m02='0.39244547486305237' m12='-0.09818663448095322' m22='0.9145193696022034' m32='9.160920143127441'
            m03='0.0' m13='0.0' m23='0.0' m33='1.0'/>
        <transform name='ship sail 3'
            m00='0.9875338673591614' m10='0.15711426734924316' m20='-0.009571118280291557' m30='-5.97838830947876'
            m01='0.15634246170520782' m11='-0.9861044883728027' m21='-0.05617339536547661' m31='-0.05227125808596611'
            m02='-0.01826397515833378' m12='0.053976885974407196' m22='-0.9983752965927124' m32='8.88189697265625'
            m03='0.0' m13='0.0' m23='0.0' m33='1.0'/>
        <transform name='ship sail 4'
            m00='0.9917758703231812' m10='0.08184626698493958' m20='0.09839347749948502' m30='-5.63974666595459'
            m01='0.08187808841466904' m11='-0.9966355562210083' m21='0.0037221629172563553' m31='-2.1777055263519287'
            m02='0.09836690127849579' m12='0.004364857450127602' m22='-0.9951407313346863' m32='8.998237609863281'
            m03='0.0' m13='0.0' m23='0.0' m33='1.0'/>
    </frame>
    <frame index="9">
        <transform name='ship'
            m00='0.027977170422673225' m10='-0.9928436279296875' m20='0.11609801650047302' m30='0.5090197324752808'
            m01='-0.11609819531440735' m11='-0.11858485639095306' m21='-0.986133337020874' m31='0.06373582035303116'
            m02='0.992843747138977' m12='0.0141105642542243' m22='-0.1185850203037262' m32='0.8409090638160706'
            m03='0.0' m13='0.0' m23='0.0' m33='1.0'/>
        <transform name='ship bottom'
            m00='-1.1471274774521589e-07' m10='-1.0' m20='1.4901161193847656e-08' m30='-0.48382389545440674'
            m01='-0.11776315420866013' m11='0.0' m21='-0.9930418133735657' m31='-0.054849036037921906'
            m02='0.9930417537689209' m12='-2.7939677238464355e-09' m22='-0.11776313930749893' m32='0.8550196290016174'
            m03='0.0' m13='0.0' m23='0.0' m33='1.0'/>
        <transform name='ship column'
            m00='0.9944515824317932' m10='0.008323759771883488' m20='-0.10486562550067902' m30='-5.411092758178711'
            m01='-0.1047530472278595' m11='-0.012973815202713013' m21='-0.9944137930870056' m31='-0.054849036037921906'
            m02='-0.009637866169214249' m12='0.9998812675476074' m22='-0.012029871344566345' m32='0.8550196290016174'
            m03='0.0' m13='0.0' m23='0.0' m33='1.0'/>
        <transform name='ship sail base'
            m00='0.9842320084571838' m10='-0.13919302821159363' m20='-0.10914430022239685' m30='-5.379798412322998'
            m01='-0.10854494571685791' m11='0.011913171038031578' m21='-0.9940203428268433' m31='-0.10362592339515686'
            m02='0.1396608203649521' m12='0.9901936650276184' m22='-0.003383353352546692' m32='4.6142144203186035'
            m03='0.0' m13='0.0' m23='0.0' m33='1.0'/>
        <transform name='ship sail  1'
            m00='0.8858176469802856' m10='0.02132342755794525' m20='-0.4635430872440338' m30='-5.979687213897705'
            m01='-0.08540498465299606' m11='0.9893706440925598' m21='-0.11769446730613708' m31='-0.05228298157453537'
            m02='0.4561062157154083' m12='0.14384473860263824' m22='0.878223180770874' m32='8.8817138671875'
            m03='0.0' m13='0.0' m23='0.0' m33='1.0'/>
        <transform name='ship sail  2'
            m00='0.9148290753364563' m10='0.15548068284988403' m20='-0.372710645198822' m30='-5.939411640167236'
            m01='-0.10218190401792526' m11='0.9820016622543335' m21='0.15884526073932648' m31='1.8164360523223877'
            m02='0.3906998038291931' m12='-0.1072319895029068' m22='0.9142510294914246' m32='9.153407096862793'
            m03='0.0' m13='0.0' m23='0.0' m33='1.0'/>
        <transform name='ship sail 3'
            m00='0.9877991676330566' m10='0.15565985441207886' m20='-0.004734644666314125' m30='-5.979687213897705'
            m01='0.15515762567520142' m11='-0.986310601234436' m21='-0.0558406338095665' m31='-0.05228298157453537'
            m02='-0.01336219348013401' m12='0.05442483350634575' m22='-0.9984286427497864' m32='8.8817138671875'
            m03='0.0' m13='0.0' m23='0.0' m33='1.0'/>
        <transform name='ship sail 4'
            m00='0.9888973832130432' m10='0.08095081150531769' m20='0.12461286038160324' m30='-5.6441802978515625'
            m01='0.08062170445919037' m11='-0.9967153072357178' m21='0.007690410129725933' m31='-2.178161382675171'
            m02='0.12482590228319168' m12='0.002441602759063244' m22='-0.9921758770942688' m32='8.99902057647705'
            m03='0.0' m13='0.0' m23='0.0' m33='1.0'/>
    </frame>
    <frame index="10">
        <transform name='ship'
            m00='0.027977170422673225' m10='-0.9928436279296875' m20='0.11609801650047302' m30='0.5090197324752808'
            m01='-0.11609819531440735' m11='-0.11858485639095306' m21='-0.986133337020874' m31='0.06373582035303116'
            m02='0.992843747138977' m12='0.0141105642542243' m22='-0.1185850203037262' m32='0.8409090638160706'
            m03='0.0' m13='0.0' m23='0.0' m33='1.0'/>
        <transform name='ship bottom'
            m00='-1.1471274774521589e-07' m10='-1.0' m20='1.4901161193847656e-08' m30='-0.48382389545440674'
            m01='-0.11776315420866013' m11='0.0' m21='-0.9930418133735657' m31='-0.054849036037921906'
            m02='0.9930417537689209' m12='-2.7939677238464355e-09' m22='-0.11776313930749893' m32='0.8550196290016174'
            m03='0.0' m13='0.0' m23='0.0' m33='1.0'/>
        <transform name='ship column'
            m00='0.9944515824317932' m10='0.008323759771883488' m20='-0.10486562550067902' m30='-5.411092758178711'
            m01='-0.1047530472278595' m11='-0.012973815202713013' m21='-0.9944137930870056' m31='-0.054849036037921906'
            m02='-0.009637866169214249' m12='0.9998812675476074' m22='-0.012029871344566345' m32='0.8550196290016174'
            m03='0.0' m13='0.0' m23='0.0' m33='1.0'/>
        <transform name='ship sail base'
            m00='0.984196126461029' m10='-0.13949128985404968' m20='-0.10908715426921844' m30='-5.379798412322998'
            m01='-0.10848996043205261' m11='0.011901131831109524' m21='-0.9940264225006104' m31='-0.10362592339515686'
            m02='0.13995616137981415' m12='0.9901518225669861' m22='-0.003420337103307247' m32='4.6142144203186035'
            m03='0.0' m13='0.0' m23='0.0' m33='1.0'/>
        <transform name='ship sail  1'
            m00='0.8776815533638' m10='0.011694185435771942' m20='-0.4791015386581421' m30='-5.980972766876221'
            m01='-0.0769960880279541' m11='0.9901566505432129' m21='-0.1168832927942276' m31='-0.05233486741781235'
            m02='0.4730185270309448' m12='0.1394752562046051' m22='0.8699426054954529' m32='8.881534576416016'
            m03='0.0' m13='0.0' m23='0.0' m33='1.0'/>
        <transform name='ship sail  2'
            m00='0.9167026281356812' m10='0.15446142852306366' m20='-0.3685077428817749' m30='-5.9588847160339355'
            m01='-0.09835096448659897' m11='0.9811111092567444' m21='0.16657792031764984' m31='1.8178685903549194'
            m02='0.3872767984867096' m12='-0.11645928770303726' m22='0.9145784974098206' m32='9.144974708557129'
            m03='0.0' m13='0.0' m23='0.0' m33='1.0'/>
        <transform name='ship sail 3'
            m00='0.9880948662757874' m10='0.15384499728679657' m20='3.7476420402526855e-05' m30='-5.980972766876221'
            m01='0.15360981225967407' m11='-0.9865710735321045' m21='-0.055516257882118225' m31='-0.05233486741781235'
            m02='-0.008504141122102737' m12='0.05486121401190758' m22='-0.9984579682350159' m32='8.881534576416016'
            m03='0.0' m13='0.0' m23='0.0' m33='1.0'/>
        <transform name='ship sail 4'
            m00='0.985399067401886' m10='0.07977297902107239' m20='0.1504150778055191' m30='-5.649377822875977'
            m01='0.07894306629896164' m11='-0.996813178062439' m21='0.011490117758512497' m31='-2.17877459526062'
            m02='0.15085211396217346' m12='0.0005520163103938103' m22='-0.9885563254356384' m32='8.999781608581543'
            m03='0.0' m13='0.0' m23='0.0' m33='1.0'/>
    </frame>
    <frame index="11">
        <transform name='ship'
            m00='0.027977170422673225' m10='-0.9928436279296875' m20='0.11609801650047302' m30='0.5090197324752808'
