<?xml version="1.0" encoding="UTF-8" standalone="yes"?>

<!DOCTYPE skeleton [
	<!ELEMENT skeleton   (bones, init_pose)>
	<!ELEMENT bones      (bone+)>
	<!ELEMENT init_pose  (transform+)>
	<!ELEMENT bone        EMPTY>
	<!ELEMENT transform   EMPTY>
	<!ATTLIST transform name CDATA #REQUIRED>
	<!ATTLIST transform m00 CDATA #REQUIRED>
	<!ATTLIST transform m01 CDATA #REQUIRED>
	<!ATTLIST transform m02 CDATA #REQUIRED>
	<!ATTLIST transform m03 CDATA #REQUIRED>
	<!ATTLIST transform m10 CDATA #REQUIRED>
	<!ATTLIST transform m11 CDATA #REQUIRED>
	<!ATTLIST transform m12 CDATA #REQUIRED>
	<!ATTLIST transform m13 CDATA #REQUIRED>
	<!ATTLIST transform m20 CDATA #REQUIRED>
	<!ATTLIST transform m21 CDATA #REQUIRED>
	<!ATTLIST transform m22 CDATA #REQUIRED>
	<!ATTLIST transform m23 CDATA #REQUIRED>
	<!ATTLIST transform m30 CDATA #REQUIRED>
	<!ATTLIST transform m31 CDATA #REQUIRED>
	<!ATTLIST transform m32 CDATA #REQUIRED>
	<!ATTLIST transform m33 CDATA #REQUIRED>
	<!ATTLIST bone name CDATA #REQUIRED>
	<!ATTLIST bone parent CDATA #REQUIRED>
]>

<skeleton>
	<bones>
		<bone name="Head" parent="Neck"/>
		<bone name="L Calf" parent="L Thigh"/>
		<bone name="L Clavicle" parent="Neck"/>
		<bone name="L Finger0" parent="L Hand"/>
		<bone name="L Finger01" parent="L Finger0"/>
		<bone name="L Finger1" parent="L Hand"/>
		<bone name="L Finger11" parent="L Finger1"/>
		<bone name="L Foot" parent="L Calf"/>
		<bone name="L ForeTwist" parent="L UpperArm"/>
		<bone name="L Forearm" parent="L UpperArm"/>
		<bone name="L Hand" parent="L Forearm"/>
		<bone name="L Thigh" parent="Spine"/>
		<bone name="L Toe0" parent="L Foot"/>
		<bone name="L UpperArm" parent="L Clavicle"/>
		<bone name="Neck" parent="Spine2"/>
		<bone name="Pelvis" parent=""/>
		<bone name="Ponytail1" parent="Head"/>
		<bone name="Ponytail11" parent="Ponytail1"/>
		<bone name="Ponytail12" parent="Ponytail11"/>
		<bone name="Prop1" parent=""/>
		<bone name="Prop2" parent=""/>
		<bone name="Prop3" parent="Spine"/>
		<bone name="R Calf" parent="R Thigh"/>
		<bone name="R Clavicle" parent="Neck"/>
		<bone name="R Finger0" parent="R Hand"/>
		<bone name="R Finger01" parent="R Finger0"/>
		<bone name="R Finger1" parent="R Hand"/>
		<bone name="R Finger11" parent="R Finger1"/>
		<bone name="R Foot" parent="R Calf"/>
		<bone name="R ForeTwist" parent="R UpperArm"/>
		<bone name="R Forearm" parent="R UpperArm"/>
		<bone name="R Hand" parent="R Forearm"/>
		<bone name="R Thigh" parent="Spine"/>
		<bone name="R Toe0" parent="R Foot"/>
		<bone name="R UpperArm" parent="R Clavicle"/>
		<bone name="Spine" parent="Pelvis"/>
		<bone name="Spine1" parent="Spine"/>
		<bone name="Spine2" parent="Spine1"/>
		<bone name="Tail" parent="Spine"/>
		<bone name="Tail1" parent="Tail"/>
		<bone name="Tail2" parent="Tail1"/>
	</bones>
	<init_pose>
		<transform name="Head" m00="-1.43051e-06" m01="0" m02="1" m03="0" m10="1" m11="-1.4249e-06" m12="1.43051e-06" m13="0" m20="1.4249e-06" m21="1" m22="0" m23="0" m30="-0.0369534" m31="-1.27827e-07" m32="2.43041" m33="1"/>
		<transform name="L Calf" m00="-0.0178488" m01="0.0872952" m02="-0.996023" m03="0" m10="0.999834" m11="-0.00197031" m12="-0.0180898" m13="0" m20="-0.00354163" m21="-0.99618" m22="-0.0872456" m23="0" m30="-0.0557019" m31="0.212478" m32="0.871672" m33="1"/>
		<transform name="L Clavicle" m00="-1.3487e-06" m01="1" m02="0" m03="0" m10="-1" m11="-1.3487e-06" m12="0" m13="0" m20="0" m21="0" m22="1" m23="0" m30="-0.0502967" m31="0.0936727" m32="2.24212" m33="1"/>
		<transform name="L Finger0" m00="0.831142" m01="0.461197" m02="-0.310643" m03="0" m10="-0.469181" m11="0.281809" m12="-0.836931" m13="0" m20="-0.298448" m21="0.841357" m22="0.450608" m23="0" m30="0.210217" m31="1.38291" m32="2.17338" m33="1"/>
		<transform name="L Finger01" m00="0.799347" m01="0.478318" m02="-0.363669" m03="0" m10="-0.521509" m11="0.251656" m12="-0.81529" m13="0" m20="-0.298448" m21="0.841357" m22="0.450608" m23="0" m30="0.3792" m31="1.47668" m32="2.11022" m33="1"/>
		<transform name="L Finger1" m00="0.0219438" m01="0.98028" m02="-0.196392" m03="0" m10="-0.0630068" m11="-0.194693" m12="-0.978839" m13="0" m20="-0.997772" m21="0.0338534" m22="0.0574919" m23="0" m30="-0.0134517" m31="1.61674" m32="2.22706" m33="1"/>
		<transform name="L Finger11" m00="-0.00460947" m01="0.824671" m02="-0.565594" m03="0" m10="-0.0665593" m11="-0.564599" m12="-0.822677" m13="0" m20="-0.997772" m21="0.0338534" m22="0.0574919" m23="0" m30="-0.00854123" m31="1.8361" m32="2.18312" m33="1"/>
		<transform name="L Foot" m00="0" m01="0" m02="-1" m03="0" m10="0.995399" m11="0.0958169" m12="0" m13="0" m20="0.0958169" m21="-0.995399" m22="0" m23="0" m30="-0.0671729" m31="0.268581" m32="0.231549" m33="1"/>
		<transform name="L ForeTwist" m00="0.033315" m01="0.999392" m02="-0.0102981" m03="0" m10="-0.997085" m11="0.0325269" m12="-0.0690226" m13="0" m20="-0.0686456" m21="0.0125676" m22="0.997562" m23="0" m30="-0.0447325" m31="0.67837" m32="2.23673" m33="1"/>
		<transform name="L Forearm" m00="0.033315" m01="0.999392" m02="-0.0102981" m03="0" m10="-0.990692" m11="0.0316609" m12="-0.132386" m13="0" m20="-0.13198" m21="0.0146127" m22="0.991145" m23="0" m30="-0.0447325" m31="0.67837" m32="2.23673" m33="1"/>
		<transform name="L Hand" m00="0.033315" m01="0.999392" m02="-0.0102981" m03="0" m10="-0.0586002" m11="-0.00833288" m12="-0.998247" m13="0" m20="-0.997726" m21="0.0338601" m22="0.0582869" m23="0" m30="-0.0279501" m31="1.18181" m32="2.23155" m33="1"/>
		<transform name="L Thigh" m00="-0.00824408" m01="0.0872723" m02="-0.99615" m03="0" m10="0.99996" m11="-0.00280874" m12="-0.00852168" m13="0" m20="-0.00354163" m21="-0.99618" m22="-0.0872456" m23="0" m30="-0.0502967" m31="0.155259" m32="1.52479" m33="1"/>
		<transform name="L Toe0" m00="0.991343" m01="0.0954264" m02="-0.090186" m03="0" m10="0.0897711" m11="0.00864131" m12="0.995925" m13="0" m20="0.0958169" m21="-0.995399" m22="0" m23="0" m30="0.360838" m31="0.309781" m32="0.00358492" m33="1"/>
		<transform name="L UpperArm" m00="0.0133789" m01="0.999826" m02="-0.0129592" m03="0" m10="-0.991162" m11="0.01155" m12="-0.132152" m13="0" m20="-0.13198" m21="0.0146127" m22="0.991145" m23="0" m30="-0.0502969" m31="0.262532" m32="2.24212" m33="1"/>
		<transform name="Neck" m00="0.0714839" m01="0" m02="0.997442" m03="0" m10="0.997442" m11="-1.4221e-06" m12="-0.0714839" m13="0" m20="1.41781e-06" m21="1" m22="0" m23="0" m30="-0.0504465" m31="-1.29565e-07" m32="2.24214" m33="1"/>
		<transform name="Pelvis" m00="0" m01="-1.43051e-06" m02="1" m03="0" m10="1" m11="2.7355e-06" m12="0" m13="0" m20="-2.7355e-06" m21="1" m22="1.43051e-06" m23="0" m30="-0.0502965" m31="0" m32="1.52479" m33="1"/>
		<transform name="Ponytail1" m00="-0.675342" m01="-8.46358e-07" m02="-0.737505" m03="0" m10="-0.737505" m11="-3.82731e-06" m12="0.675342" m13="0" m20="-3.39424e-06" m21="1" m22="1.96055e-06" m23="0" m30="-0.122917" m31="-4.62572e-07" m32="2.93192" m33="1"/>
		<transform name="Ponytail11" m00="-0.572371" m01="-7.00271e-07" m02="-0.819995" m03="0" m10="-0.819995" m11="-3.92956e-06" m12="0.572371" m13="0" m20="-3.62304e-06" m21="1" m22="1.67495e-06" m23="0" m30="-0.365946" m31="-7.67106e-07" m32="2.6661" m33="1"/>
		<transform name="Ponytail12" m00="-0.459438" m01="-5.41993e-07" m02="-0.88821" m03="0" m10="-0.88821" m11="-4.01169e-06" m12="0.459438" m13="0" m20="-3.81224e-06" m21="1" m22="1.36172e-06" m23="0" m30="-0.571865" m31="-1.019e-06" m32="2.3706" m33="1"/>
		<transform name="Prop1" m00="1" m01="-6.06244e-05" m02="-0.000871798" m03="0" m10="-0.000873894" m11="-0.0739785" m12="-0.997259" m13="0" m20="-4.03607e-06" m21="0.99726" m22="-0.0739786" m23="0" m30="-0.21904" m31="-1.25476" m32="1.86723" m33="1"/>
		<transform name="Prop2" m00="0.0112878" m01="0.277483" m02="-0.960664" m03="0" m10="-0.133013" m11="-0.951771" m12="-0.276477" m13="0" m20="-0.99105" m21="0.130901" m22="0.0261654" m23="0" m30="0.914798" m31="-1.67923" m32="2.05509" m33="1"/>
		<transform name="Prop3" m00="-0.616179" m01="-0.524675" m02="-0.5874" m03="0" m10="-0.346034" m11="0.850311" m12="-0.396524" m13="0" m20="0.707519" m21="-0.0410699" m22="-0.705499" m23="0" m30="0.096705" m31="3.57628e-07" m32="1.5592" m33="1"/>
		<transform name="R Calf" m00="-0.0178486" m01="-0.0872951" m02="-0.996023" m03="0" m10="0.999834" m11="0.00197319" m12="-0.0180898" m13="0" m20="0.00354449" m21="-0.99618" m22="0.0872454" m23="0" m30="-0.0557013" m31="-0.212478" m32="0.871672" m33="1"/>
		<transform name="R Clavicle" m00="1.3487e-06" m01="-1" m02="-1.31134e-07" m03="0" m10="-1" m11="-1.3487e-06" m12="0" m13="0" m20="0" m21="1.31134e-07" m22="-1" m23="0" m30="-0.0502964" m31="-0.093673" m32="2.24212" m33="1"/>
		<transform name="R Finger0" m00="0.831144" m01="-0.461195" m02="-0.310643" m03="0" m10="-0.46918" m11="-0.28181" m12="-0.836931" m13="0" m20="0.298446" m21="0.841358" m22="-0.450608" m23="0" m30="0.210221" m31="-1.38291" m32="2.17338" m33="1"/>
		<transform name="R Finger01" m00="0.799349" m01="-0.478316" m02="-0.363669" m03="0" m10="-0.521509" m11="-0.251657" m12="-0.81529" m13="0" m20="0.298446" m21="0.841358" m22="-0.450608" m23="0" m30="0.379204" m31="-1.47668" m32="2.11022" m33="1"/>
		<transform name="R Finger1" m00="0.0219466" m01="-0.98028" m02="-0.196392" m03="0" m10="-0.0630073" m11="0.194693" m12="-0.978839" m13="0" m20="0.997772" m21="0.0338563" m22="-0.0574919" m23="0" m30="-0.0134471" m31="-1.61674" m32="2.22706" m33="1"/>
		<transform name="R Finger11" m00="-0.0046071" m01="-0.824671" m02="-0.565595" m03="0" m10="-0.0665609" m11="0.564599" m12="-0.822677" m13="0" m20="0.997772" m21="0.0338563" m22="-0.0574919" m23="0" m30="-0.008536" m31="-1.8361" m32="2.18312" m33="1"/>
		<transform name="R Foot" m00="0" m01="0" m02="-1" m03="0" m10="0.995399" m11="-0.0958142" m12="0" m13="0" m20="-0.0958142" m21="-0.995399" m22="0" m23="0" m30="-0.0671722" m31="-0.268581" m32="0.231549" m33="1"/>
		<transform name="R ForeTwist" m00="0.0333179" m01="-0.999392" m02="-0.0102983" m03="0" m10="-0.997085" m11="-0.0325297" m12="-0.0690225" m13="0" m20="0.0686455" m21="0.012568" m22="-0.997562" m23="0" m30="-0.0447306" m31="-0.67837" m32="2.23673" m33="1"/>
		<transform name="R Forearm" m00="0.0333179" m01="-0.999392" m02="-0.0102983" m03="0" m10="-0.990692" m11="-0.0316637" m12="-0.132386" m13="0" m20="0.13198" m21="0.0146133" m22="-0.991145" m23="0" m30="-0.0447306" m31="-0.67837" m32="2.23673" m33="1"/>
		<transform name="R Hand" m00="0.0333179" m01="-0.999392" m02="-0.0102983" m03="0" m10="-0.0586002" m11="0.00833289" m12="-0.998247" m13="0" m20="0.997725" m21="0.033863" m22="-0.0582869" m23="0" m30="-0.0279467" m31="-1.18181" m32="2.23155" m33="1"/>
		<transform name="R Thigh" m00="-0.00824383" m01="-0.0872721" m02="-0.99615" m03="0" m10="0.99996" m11="0.00281161" m12="-0.00852168" m13="0" m20="0.00354449" m21="-0.99618" m22="0.0872454" m23="0" m30="-0.0502963" m31="-0.155259" m32="1.52479" m33="1"/>
		<transform name="R Toe0" m00="0.991343" m01="-0.0954238" m02="-0.0901859" m03="0" m10="0.089771" m11="-0.00864123" m12="0.995925" m13="0" m20="-0.0958142" m21="-0.995399" m22="-1.3492e-07" m23="0" m30="0.360839" m31="-0.30978" m32="0.00358489" m33="1"/>
		<transform name="R UpperArm" m00="0.0133817" m01="-0.999826" m02="-0.0129594" m03="0" m10="-0.991162" m11="-0.0115529" m12="-0.132152" m13="0" m20="0.13198" m21="0.0146133" m22="-0.991145" m23="0" m30="-0.0502962" m31="-0.262532" m32="2.24212" m33="1"/>
		<transform name="Spine" m00="0.000796231" m01="0" m02="1" m03="0" m10="1" m11="-1.42483e-06" m12="-0.000796231" m13="0" m20="1.4249e-06" m21="1" m22="0" m23="0" m30="-0.0504467" m31="0" m32="1.67643" m33="1"/>
		<transform name="Spine1" m00="0.000796231" m01="0" m02="1" m03="0" m10="1" m11="-1.42483e-06" m12="-0.000796231" m13="0" m20="1.4249e-06" m21="1" m22="0" m23="0" m30="-0.0504467" m31="0" m32="1.86499" m33="1"/>
		<transform name="Spine2" m00="0.000796231" m01="0" m02="1" m03="0" m10="1" m11="-1.42483e-06" m12="-0.000796231" m13="0" m20="1.4249e-06" m21="1" m22="0" m23="0" m30="-0.0504467" m31="0" m32="2.05356" m33="1"/>
		<transform name="Tail" m00="-0.503355" m01="-6.03334e-07" m02="-0.86408" m03="0" m10="-0.86408" m11="-3.98299e-06" m12="0.503355" m13="0" m20="-3.74531e-06" m21="1" m22="1.48353e-06" m23="0" m30="-0.205666" m31="-1.94765e-07" m32="1.51073" m33="1"/>
		<transform name="Tail1" m00="-0.319416" m01="-3.47952e-07" m02="-0.947615" m03="0" m10="-0.947615" m11="-4.07957e-06" m12="0.319416" m13="0" m20="-3.977e-06" m21="1" m22="9.73354e-07" m23="0" m30="-0.379564" m31="-4.03158e-07" m32="1.21167" m33="1"/>
		<transform name="Tail2" m00="-0.12244" m01="0" m02="-0.992476" m03="0" m10="-0.992476" m11="-4.12286e-06" m12="0.12244" m13="0" m20="-4.10143e-06" m21="1" m22="4.27023e-07" m23="0" m30="-0.489808" m31="-5.23177e-07" m32="0.883761" m33="1"/>
	</init_pose>
</skeleton>