<?xml version="1.0" encoding="UTF-8" standalone="yes"?>

<!DOCTYPE animation [
	<!ELEMENT animation  (frame+)>
	<!ELEMENT frame      (transform+)>
	<!ELEMENT transform   EMPTY>
	<!ATTLIST frame index CDATA #REQUIRED>
	<!ATTLIST transform name CDATA #REQUIRED>
	<!ATTLIST transform m00 CDATA #REQUIRED>
	<!ATTLIST transform m01 CDATA #REQUIRED>
	<!ATTLIST transform m02 CDATA #REQUIRED>
	<!ATTLIST transform m03 CDATA #REQUIRED>
	<!ATTLIST transform m10 CDATA #REQUIRED>
	<!ATTLIST transform m11 CDATA #REQUIRED>
	<!ATTLIST transform m12 CDATA #REQUIRED>
	<!ATTLIST transform m13 CDATA #REQUIRED>
	<!ATTLIST transform m20 CDATA #REQUIRED>
	<!ATTLIST transform m21 CDATA #REQUIRED>
	<!ATTLIST transform m22 CDATA #REQUIRED>
	<!ATTLIST transform m23 CDATA #REQUIRED>
	<!ATTLIST transform m30 CDATA #REQUIRED>
	<!ATTLIST transform m31 CDATA #REQUIRED>
	<!ATTLIST transform m32 CDATA #REQUIRED>
	<!ATTLIST transform m33 CDATA #REQUIRED>
]>

<animation>
	<frame index="0">
		<transform name="Head" m00="0.188551" m01="0.417688" m02="0.888811" m03="0" m10="0.977617" m11="-0.16586" m12="-0.129446" m13="0" m20="0.0933499" m21="0.893324" m22="-0.439612" m23="0" m30="0.391251" m31="-0.0678596" m32="1.9834" m33="1"/>
		<transform name="L Calf" m00="-0.614555" m01="-0.0668636" m02="-0.786035" m03="0" m10="0.104237" m11="0.980782" m12="-0.164926" m13="0" m20="0.781957" m21="-0.18329" m22="-0.595775" m23="0" m30="-0.220135" m31="0.328134" m32="0.851213" m33="1"/>
		<transform name="L Clavicle" m00="-0.76772" m01="0.631381" m02="-0.109377" m03="0" m10="-0.634897" m11="-0.726416" m12="0.263106" m13="0" m20="0.0866667" m21="0.271435" m22="0.958547" m23="0" m30="0.232162" m31="-0.133961" m32="1.86205" m33="1"/>
		<transform name="L Finger0" m00="0.245977" m01="0.274036" m02="-0.929731" m03="0" m10="-0.946126" m11="-0.140503" m12="-0.291728" m13="0" m20="-0.210574" m21="0.9514" m22="0.224712" m23="0" m30="-0.371885" m31="0.644653" m32="1.29606" m33="1"/>
		<transform name="L Finger01" m00="-0.177874" m01="0.18874" m02="-0.965783" m03="0" m10="-0.961259" m11="-0.243339" m12="0.129486" m13="0" m20="-0.210574" m21="0.9514" m22="0.224712" m23="0" m30="-0.321874" m31="0.700369" m32="1.10703" m33="1"/>
		<transform name="L Finger1" m00="-0.438338" m01="0.613457" m02="-0.656909" m03="0" m10="0.104311" m11="-0.691206" m12="-0.715089" m13="0" m20="-0.892737" m21="-0.381974" m22="0.238992" m23="0" m30="-0.624489" m31="0.82861" m32="1.39574" m33="1"/>
		<transform name="L Finger11" m00="-0.214317" m01="-0.106594" m02="-0.97093" m03="0" m10="0.396345" m11="-0.918005" m12="0.013297" m13="0" m20="-0.892737" m21="-0.381974" m22="0.238992" m23="0" m30="-0.722577" m31="0.965885" m32="1.24874" m33="1"/>
		<transform name="L Foot" m00="-0.171345" m01="-0.225736" m02="-0.959002" m03="0" m10="0.509922" m11="0.812555" m12="-0.282373" m13="0" m20="0.842983" m21="-0.537399" m22="-0.0241193" m23="0" m30="-0.615097" m31="0.285162" m32="0.346045" m33="1"/>
		<transform name="L ForeTwist" m00="-0.421649" m01="0.686858" m02="-0.591977" m03="0" m10="-0.903606" m11="-0.263891" m12="0.337427" m13="0" m20="0.0755476" m21="0.67719" m22="0.731919" m23="0" m30="-0.29461" m31="0.0700995" m32="1.76763" m33="1"/>
		<transform name="L Forearm" m00="-0.421649" m01="0.686858" m02="-0.591977" m03="0" m10="-0.906582" m11="-0.306441" m12="0.290177" m13="0" m20="0.0179042" m21="0.659029" m22="0.751904" m23="0" m30="-0.29461" m31="0.0700995" m32="1.76763" m33="1"/>
		<transform name="L Hand" m00="-0.269936" m01="0.947874" m02="-0.169321" m03="0" m10="-0.375768" m11="-0.265607" m12="-0.887835" m13="0" m20="-0.886529" m21="-0.176033" m22="0.427878" m23="0" m30="-0.507016" m31="0.416104" m32="1.46942" m33="1"/>
		<transform name="L Thigh" m00="-0.37081" m01="0.631492" m02="-0.680968" m03="0" m10="0.501042" m11="0.753407" m12="0.425834" m13="0" m20="0.781957" m21="-0.18329" m22="-0.595775" m23="0" m30="0.0229831" m31="-0.085898" m32="1.29768" m33="1"/>
		<transform name="L Toe0" m00="0.533785" m01="0.841193" m02="-0.0864134" m03="0" m10="0.0667273" m11="0.0599705" m12="0.995967" m13="0" m20="0.842983" m21="-0.537399" m22="-0.0241192" m23="0" m30="-0.434896" m31="0.583092" m32="0.00600929" m33="1"/>
		<transform name="L UpperArm" m00="-0.954859" m01="0.234296" m02="-0.182618" m03="0" m10="-0.296519" m11="-0.714693" m12="0.633475" m13="0" m20="0.0179042" m21="0.659029" m22="0.751904" m23="0" m30="0.102526" m31="-0.0273466" m32="1.84358" m33="1"/>
		<transform name="Neck" m00="0.462186" m01="0.663844" m02="0.587958" m03="0" m10="0.443837" m11="0.400833" m12="-0.801462" m13="0" m20="-0.767719" m21="0.631382" m22="-0.109379" m23="0" m30="0.30401" m31="-0.193165" m32="1.87242" m33="1"/>
		<transform name="Pelvis" m00="0.670518" m01="-0.235885" m02="0.703394" m03="0" m10="0.741285" m11="0.17462" m12="-0.648078" m13="0" m20="0.0300455" m21="0.955963" m22="0.291943" m23="0" m30="0.0183182" m31="-0.23432" m32="1.25236" m33="1"/>
		<transform name="Ponytail1" m00="-0.873448" m01="-0.348438" m02="-0.340116" m03="0" m10="-0.431582" m11="0.230597" m12="0.872102" m13="0" m20="-0.225444" m21="0.908524" m22="-0.351795" m23="0" m30="0.401726" m31="0.155923" m32="2.44023" m33="1"/>
		<transform name="Ponytail11" m00="-0.799589" m01="-0.555013" m02="-0.229386" m03="0" m10="-0.308375" m11="0.0516907" m12="0.949859" m13="0" m20="-0.515327" m21="0.830234" m22="-0.212484" m23="0" m30="0.08719" m31="0.0303976" m32="2.31744" m33="1"/>
		<transform name="Ponytail12" m00="-0.656278" m01="-0.739154" m02="-0.151494" m03="0" m10="-0.127988" m11="-0.0888162" m12="0.987791" m13="0" m20="-0.743585" m21="0.667655" m22="-0.0363148" m23="0" m30="-0.200793" m31="-0.169498" m32="2.23453" m33="1"/>
		<transform name="Prop1" m00="0" m01="0" m02="0" m03="0" m10="0" m11="0" m12="0" m13="0" m20="0" m21="0" m22="0" m23="0" m30="0.607593" m31="-0.50202" m32="1.33275" m33="1"/>
		<transform name="Prop2" m00="-0.972362" m01="0.0154041" m02="-0.232972" m03="0" m10="0.167104" m11="0.74279" m12="-0.648336" m13="0" m20="0.163062" m21="-0.669347" m22="-0.724835" m23="0" m30="0.85734" m31="0.482592" m32="1.94714" m33="1"/>
		<transform name="Prop3" m00="-0.866391" m01="-0.470608" m02="-0.167015" m03="0" m10="-0.496837" m11="0.845978" m12="0.193584" m13="0" m20="0.0501888" m21="0.250699" m22="-0.966763" m23="0" m30="0.150361" m31="-0.216767" m32="1.18129" m33="1"/>
		<transform name="R Calf" m00="-0.56234" m01="-0.113503" m02="-0.819079" m03="0" m10="0.826591" m11="-0.104502" m12="-0.553016" m13="0" m20="-0.0228268" m21="-0.988026" m22="0.152586" m23="0" m30="0.484567" m31="-0.462974" m32="0.757957" m33="1"/>
		<transform name="R Clavicle" m00="0.76772" m01="-0.631381" m02="0.109377" m03="0" m10="-0.634897" m11="-0.726416" m12="0.263106" m13="0" m20="-0.0866668" m21="-0.271435" m22="-0.958547" m23="0" m30="0.375992" m31="-0.252248" m32="1.88254" m33="1"/>
		<transform name="R Finger0" m00="-0.828689" m01="0.495524" m02="-0.260251" m03="0" m10="0.054916" m11="-0.390749" m12="-0.918858" m13="0" m20="-0.557009" m21="-0.775739" m22="0.296597" m23="0" m30="0.979382" m31="-0.1776" m32="1.56311" m33="1"/>
		<transform name="R Finger01" m00="-0.244718" m01="-0.187966" m02="-0.9512" m03="0" m10="0.793633" m11="-0.60241" m12="-0.0851384" m13="0" m20="-0.557009" m21="-0.775739" m22="0.296597" m23="0" m30="0.810897" m31="-0.076853" m32="1.5102" m33="1"/>
		<transform name="R Finger1" m00="-0.647545" m01="0.556" m02="-0.521104" m03="0" m10="-0.760202" m11="-0.518638" m12="0.391289" m13="0" m20="-0.0527083" m21="0.649521" m22="0.758514" m23="0" m30="1.16614" m31="-0.131877" m32="1.29738" m33="1"/>
		<transform name="R Finger11" m00="-0.876861" m01="-0.393566" m02="0.276082" m03="0" m10="0.477846" m11="-0.650559" m12="0.590284" m13="0" m20="-0.0527083" m21="0.649521" m22="0.758514" m23="0" m30="1.02123" m31="-0.00745933" m32="1.18077" m33="1"/>
		<transform name="R Foot" m00="1.32436e-06" m01="2.39666e-07" m02="-1" m03="0" m10="0.995144" m11="-0.0984291" m12="1.29554e-06" m13="0" m20="-0.0984291" m21="-0.995144" m22="-3.5483e-07" m23="0" m30="0.123163" m31="-0.53592" m32="0.231552" m33="1"/>
		<transform name="R ForeTwist" m00="0.852899" m01="0.402839" m02="-0.33209" m03="0" m10="0.107988" m11="-0.758464" m12="-0.642706" m13="0" m20="-0.510785" m21="0.512302" m22="-0.690395" m23="0" m30="0.566075" m31="-0.687787" m32="1.65376" m33="1"/>
		<transform name="R Forearm" m00="0.852899" m01="0.402839" m02="-0.33209" m03="0" m10="0.142952" m11="-0.791984" m12="-0.59357" m13="0" m20="-0.502123" m21="0.458783" m22="-0.733069" m23="0" m30="0.566075" m31="-0.687787" m32="1.65376" m33="1"/>
		<transform name="R Hand" m00="0.391588" m01="0.811093" m02="-0.434497" m03="0" m10="-0.882595" m11="0.197581" m12="-0.4266" m13="0" m20="-0.260164" m21="0.550536" m22="0.793236" m23="0" m30="0.995722" m31="-0.484857" m32="1.48647" m33="1"/>
		<transform name="R Thigh" m00="0.71825" m01="-0.122373" m02="-0.684939" m03="0" m10="0.69541" m11="0.0939602" m12="0.712444" m13="0" m20="-0.0228268" m21="-0.988026" m22="0.152586" m23="0" m30="0.0136534" m31="-0.382742" m32="1.20703" m33="1"/>
		<transform name="R Toe0" m00="0.991089" m01="-0.098028" m02="-0.0901846" m03="0" m10="0.0897467" m11="-0.0088772" m12="0.995925" m13="0" m20="-0.0984291" m21="-0.995144" m22="-3.98541e-07" m23="0" m30="0.551064" m31="-0.578243" m32="0.00358776" m33="1"/>
		<transform name="R UpperArm" m00="0.145336" m01="-0.790855" m02="-0.594496" m03="0" m10="-0.852496" m11="-0.405051" m12="0.330429" m13="0" m20="-0.502123" m21="0.458783" m22="-0.733069" m23="0" m30="0.505628" m31="-0.358862" m32="1.90101" m33="1"/>
		<transform name="Spine" m00="0.54686" m01="-0.0194568" m02="0.836998" m03="0" m10="0.78567" m11="0.357324" m12="-0.505018" m13="0" m20="-0.289253" m21="0.933778" m22="0.210693" m23="0" m30="0.119876" m31="-0.270142" m32="1.35909" m33="1"/>
		<transform name="Spine1" m00="0.343921" m01="0.157008" m02="0.925779" m03="0" m10="0.748858" m11="0.548954" m12="-0.371296" m13="0" m20="-0.566506" m21="0.820974" m22="0.0712203" m23="0" m30="0.222883" m31="-0.273894" m32="1.51698" m33="1"/>
		<transform name="Spine2" m00="0.0871723" m01="0.272013" m02="0.958337" m03="0" m10="0.63483" m11="0.726198" m12="-0.263869" m13="0" m20="-0.767718" m21="0.631383" m22="-0.109378" m23="0" m30="0.287639" m31="-0.244397" m32="1.69159" m33="1"/>
		<transform name="Tail" m00="-0.905613" m01="0.0867162" m02="-0.415145" m03="0" m10="-0.424097" m11="-0.191167" m12="0.88521" m13="0" m20="-0.00259981" m21="0.97772" m22="0.209899" m23="0" m30="-0.10625" m31="-0.258154" m32="1.34316" m33="1"/>
		<transform name="Tail1" m00="-0.694821" m01="0.0844754" m02="-0.714205" m03="0" m10="-0.719178" m11="-0.0855681" m12="0.689538" m13="0" m20="-0.00286416" m21="0.992745" m22="0.120207" m23="0" m30="-0.419393" m31="-0.228127" m32="1.19934" m33="1"/>
		<transform name="Tail2" m00="-0.472156" m01="0.039281" m02="-0.880639" m03="0" m10="-0.881246" m11="0.00362868" m12="0.472644" m13="0" m20="0.0217614" m21="0.999222" m22="0.0329029" m23="0" m30="-0.659557" m31="-0.1989" m32="0.952091" m33="1"/>
	</frame>
	<frame index="1">
		<transform name="Head" m00="0.178252" m01="0.420098" m02="0.8898" m03="0" m10="0.980327" m11="-0.153721" m12="-0.123811" m13="0" m20="0.0847677" m21="0.894364" m22="-0.439235" m23="0" m30="0.4104" m31="-0.0456538" m32="1.94555" m33="1"/>
		<transform name="L Calf" m00="-0.607997" m01="-0.123189" m02="-0.784324" m03="0" m10="0.0695558" m11="0.975826" m12="-0.207185" m13="0" m20="0.790887" m21="-0.180522" m22="-0.58473" m23="0" m30="-0.250291" m31="0.363356" m32="0.834143" m33="1"/>
		<transform name="L Clavicle" m00="-0.722701" m01="0.689412" m02="-0.0491342" m03="0" m10="-0.662509" m11="-0.670732" m12="0.333467" m13="0" m20="0.196941" m21="0.273549" m22="0.94148" m23="0" m30="0.23597" m31="-0.100112" m32="1.84061" m33="1"/>
		<transform name="L Finger0" m00="0.281853" m01="0.20413" m02="-0.937491" m03="0" m10="-0.949253" m11="-0.0827998" m12="-0.303418" m13="0" m20="-0.139561" m21="0.975436" m22="0.170434" m23="0" m30="-0.301767" m31="0.690842" m32="1.21581" m33="1"/>
		<transform name="L Finger01" m00="-0.12399" m01="0.153549" m02="-0.980331" m03="0" m10="-0.98242" m11="-0.157948" m12="0.0995145" m13="0" m20="-0.139561" m21="0.975436" m22="0.170434" m23="0" m30="-0.244462" m31="0.732345" m32="1.0252" m33="1"/>
		<transform name="L Finger1" m00="-0.397473" m01="0.622378" m02="-0.674285" m03="0" m10="0.0404332" m11="-0.722232" m12="-0.690468" m13="0" m20="-0.916722" m21="-0.301706" m22="0.261903" m23="0" m30="-0.539748" m31="0.898082" m32="1.30526" m33="1"/>
		<transform name="L Finger11" m00="-0.242136" m01="-0.101866" m02="-0.96488" m03="0" m10="0.317789" m11="-0.947943" m12="0.0203288" m13="0" m20="-0.916722" m21="-0.301706" m22="0.261903" m23="0" m30="-0.628692" m31="1.03735" m32="1.15437" m33="1"/>
		<transform name="L Foot" m00="-0.130431" m01="-0.20016" m02="-0.971043" m03="0" m10="0.548561" m11="0.801269" m12="-0.238848" m13="0" m20="0.825874" m21="-0.563829" m22="0.00528977" m23="0" m30="-0.641037" m31="0.284185" m32="0.330074" m33="1"/>
		<transform name="L ForeTwist" m00="-0.367401" m01="0.666463" m02="-0.648725" m03="0" m10="-0.922827" m11="-0.174388" m12="0.343481" m13="0" m20="0.115787" m21="0.724856" m22="0.6791" m23="0" m30="-0.267056" m31="0.147231" m32="1.72895" m33="1"/>
		<transform name="L Forearm" m00="-0.367401" m01="0.666463" m02="-0.648725" m03="0" m10="-0.928459" m11="-0.22187" m12="0.29789" m13="0" m20="0.0546002" m21="0.711759" m22="0.700298" m23="0" m30="-0.267056" m31="0.147231" m32="1.72895" m33="1"/>
		<transform name="L Hand" m00="-0.201324" m01="0.953883" m02="-0.222655" m03="0" m10="-0.399259" m11="-0.287482" m12="-0.870601" m13="0" m20="-0.894461" m21="-0.0863759" m22="0.438723" m23="0" m30="-0.452134" m31="0.482961" m32="1.40215" m33="1"/>
		<transform name="L Thigh" m00="-0.355939" m01="0.641554" m02="-0.679497" m03="0" m10="0.4978" m11="0.745534" m12="0.443141" m13="0" m20="0.790887" m21="-0.180522" m22="-0.58473" m23="0" m30="-0.0169223" m31="-0.0572724" m32="1.27965" m33="1"/>
		<transform name="L Toe0" m00="0.533785" m01="0.841193" m02="-0.0864132" m03="0" m10="0.0667272" m11="0.0599704" m12="0.995967" m13="0" m20="0.842983" m21="-0.537399" m22="-0.0241191" m23="0" m30="-0.434896" m31="0.583093" m32="0.00600894" m33="1"/>
		<transform name="L UpperArm" m00="-0.916042" m01="0.314801" m02="-0.248532" m03="0" m10="-0.39735" m11="-0.627933" m12="0.669189" m13="0" m20="0.0546002" m21="0.711759" m22="0.700298" m23="0" m30="0.113936" m31="0.0163015" m32="1.83231" m33="1"/>
		<transform name="Neck" m00="0.565769" m01="0.630923" m02="0.530888" m03="0" m10="0.397003" m11="0.355873" m12="-0.846017" m13="0" m20="-0.7227" m21="0.689413" m22="-0.0491365" m23="0" m30="0.303608" m31="-0.164745" m32="1.84534" m33="1"/>
		<transform name="Pelvis" m00="0.668793" m01="-0.221826" m02="0.709584" m03="0" m10="0.743317" m11="0.181539" m12="-0.643835" m13="0" m20="0.014002" m21="0.958038" m22="0.286299" m23="0" m30="-0.0190963" m31="-0.206016" m32="1.2352" m33="1"/>
		<transform name="Ponytail1" m00="-0.928273" m01="-0.22833" m02="-0.293555" m03="0" m10="-0.349542" m11="0.266102" m12="0.898338" m13="0" m20="-0.127002" m21="0.936512" m22="-0.326826" m23="0" m30="0.415451" m31="0.178282" m32="2.40238" m33="1"/>
		<transform name="Ponytail11" m00="-0.900256" m01="-0.405686" m02="-0.157978" m03="0" m10="-0.229343" m11="0.133485" m12="0.964149" m13="0" m20="-0.370054" m21="0.904213" m22="-0.213213" m23="0" m30="0.0811443" m31="0.0959968" m32="2.29636" m33="1"/>
		<transform name="Ponytail12" m00="-0.754585" m01="-0.598824" m02="-0.26835" m03="0" m10="-0.262595" m11="-0.0992111" m12="0.959792" m13="0" m20="-0.60137" m21="0.794712" m22="-0.0823852" m23="0" m30="-0.243061" m31="-0.0501067" m32="2.23918" m33="1"/>
		<transform name="Prop1" m00="0" m01="0" m02="0" m03="0" m10="0" m11="0" m12="0" m13="0" m20="0" m21="0" m22="0" m23="0" m30="0.631835" m31="-0.554058" m32="1.34982" m33="1"/>
		<transform name="Prop2" m00="-0.951884" m01="0.0738498" m02="-0.297426" m03="0" m10="0.260103" m11="0.707913" m12="-0.656663" m13="0" m20="0.162057" m21="-0.702428" m22="-0.69306" m23="0" m30="0.918947" m31="0.458987" m32="1.92894" m33="1"/>
		<transform name="Prop3" m00="-0.860854" m01="-0.491373" m02="-0.132226" m03="0" m10="-0.508089" m11="0.844266" m12="0.170472" m13="0" m20="0.0278686" m21="0.213935" m22="-0.97645" m23="0" m30="0.113185" m31="-0.186963" m32="1.16497" m33="1"/>
		<transform name="R Calf" m00="-0.53748" m01="-0.114099" m02="-0.835522" m03="0" m10="0.840789" m11="-0.148553" m12="-0.520582" m13="0" m20="-0.0647211" m21="-0.9823" m22="0.175778" m23="0" m30="0.468591" m31="-0.462591" m32="0.768524" m33="1"/>
		<transform name="R Clavicle" m00="0.722701" m01="-0.689412" m02="0.0491341" m03="0" m10="-0.662509" m11="-0.670732" m12="0.333467" m13="0" m20="-0.196941" m21="-0.273549" m22="-0.94148" m23="0" m30="0.371365" m31="-0.22927" m32="1.84982" m33="1"/>
		<transform name="R Finger0" m00="-0.773468" m01="0.541918" m02="-0.328743" m03="0" m10="0.0864049" m11="-0.423666" m12="-0.901688" m13="0" m20="-0.627918" m21="-0.725832" m22="0.280868" m23="0" m30="1.01888" m31="-0.220283" m32="1.57281" m33="1"/>
		<transform name="R Finger01" m00="-0.195581" m01="-0.20214" m02="-0.959629" m03="0" m10="0.753303" m11="-0.657501" m12="-0.0150319" m13="0" m20="-0.627918" m21="-0.725832" m22="0.280868" m23="0" m30="0.861627" m31="-0.110103" m32="1.50597" m33="1"/>
		<transform name="R Finger1" m00="-0.572126" m01="0.581292" m02="-0.578595" m03="0" m10="-0.818268" m11="-0.452517" m12="0.354493" m13="0" m20="-0.05576" m21="0.67626" m22="0.734549" m23="0" m30="1.22509" m31="-0.196163" m32="1.31888" m33="1"/>
		<transform name="R Finger11" m00="-0.918222" m01="-0.323663" m02="0.228276" m03="0" m10="0.39212" m11="-0.661751" m12="0.639005" m13="0" m20="-0.05576" m21="0.67626" m22="0.734549" m23="0" m30="1.09707" m31="-0.0660853" m32="1.1894" m33="1"/>
		<transform name="R Foot" m00="1.25757e-06" m01="1.76599e-07" m02="-1" m03="0" m10="0.995144" m11="-0.0984291" m12="1.31487e-06" m13="0" m20="-0.0984291" m21="-0.995144" m22="-3.38456e-07" m23="0" m30="0.123163" m31="-0.53592" m32="0.231552" m33="1"/>
		<transform name="R ForeTwist" m00="0.90503" m01="0.326943" m02="-0.272081" m03="0" m10="0.114852" m11="-0.803748" m12="-0.583779" m13="0" m20="-0.409548" m21="0.497089" m22="-0.764966" m23="0" m30="0.562646" m31="-0.694997" m32="1.64325" m33="1"/>
		<transform name="R Forearm" m00="0.90503" m01="0.326943" m02="-0.272081" m03="0" m10="0.151445" m11="-0.845437" m12="-0.512153" m13="0" m20="-0.397473" m21="0.422309" m22="-0.81466" m23="0" m30="0.562646" m31="-0.694997" m32="1.64325" m33="1"/>
		<transform name="R Hand" m00="0.474596" m01="0.767794" m02="-0.430407" m03="0" m10="-0.837303" m11="0.243011" m12="-0.489765" m13="0" m20="-0.271445" m21="0.592821" m22="0.758209" m23="0" m30="1.01855" m31="-0.5303" m32="1.50619" m33="1"/>
		<transform name="R Thigh" m00="0.747148" m01="-0.164466" m02="-0.643988" m03="0" m10="0.661499" m11="0.0896525" m12="0.744568" m13="0" m20="-0.0647211" m21="-0.9823" m22="0.175778" m23="0" m30="-0.0212702" m31="-0.35476" m32="1.19075" m33="1"/>
		<transform name="R Toe0" m00="0.991089" m01="-0.098028" m02="-0.0901846" m03="0" m10="0.0897467" m11="-0.00887714" m12="0.995925" m13="0" m20="-0.0984291" m21="-0.995144" m22="-3.82168e-07" m23="0" m30="0.551065" m31="-0.578244" m32="0.00358777" m33="1"/>
		<transform name="R UpperArm" m00="0.166493" m01="-0.839876" m02="-0.516612" m03="0" m10="-0.902383" m11="-0.340974" m12="0.263517" m13="0" m20="-0.397473" m21="0.422309" m22="-0.81466" m23="0" m30="0.4934" m31="-0.345684" m32="1.85811" m33="1"/>
		<transform name="Spine" m00="0.570269" m01="-0.0229716" m02="0.821137" m03="0" m10="0.775916" m11="0.343277" m12="-0.52926" m13="0" m20="-0.269719" m21="0.938953" m22="0.213584" m23="0" m30="0.0822018" m31="-0.239705" m32="1.34288" m33="1"/>
		<transform name="Spine1" m00="0.407862" m01="0.147642" m02="0.901028" m03="0" m10="0.748236" m11="0.511494" m12="-0.422512" m13="0" m20="-0.523251" m21="0.846508" m22="0.0981477" m23="0" m30="0.189623" m31="-0.244113" m32="1.49778" m33="1"/>
		<transform name="Spine2" m00="0.197468" m01="0.274083" m02="0.941215" m03="0" m10="0.662354" m11="0.670512" m12="-0.334217" m13="0" m20="-0.722699" m21="0.689414" m22="-0.049135" m23="0" m30="0.266432" m31="-0.216374" m32="1.66773" m33="1"/>
		<transform name="Tail" m00="-0.904317" m01="0.0753214" m02="-0.420164" m03="0" m10="-0.42636" m11="-0.207104" m12="0.880525" m13="0" m20="-0.0206954" m21="0.975415" m22="0.219402" m23="0" m30="-0.143956" m31="-0.231119" m32="1.32526" m33="1"/>
		<transform name="Tail1" m00="-0.692523" m01="0.0841376" m02="-0.716473" m03="0" m10="-0.720833" m11="-0.119931" m12="0.682654" m13="0" m20="-0.0284906" m21="0.98921" m22="0.143704" m23="0" m30="-0.45665" m31="-0.205025" m32="1.1797" m33="1"/>
		<transform name="Tail2" m00="-0.468824" m01="0.0531252" m02="-0.881693" m03="0" m10="-0.883166" m11="-0.0450317" m12="0.466893" m13="0" m20="-0.0149003" m21="0.997572" m22="0.0680303" m23="0" m30="-0.696019" m31="-0.175901" m32="0.93167" m33="1"/>
	</frame>
	<frame index="2">
		<transform name="Head" m00="0.168052" m01="0.422605" m02="0.890598" m03="0" m10="0.982843" m11="-0.1415" m12="-0.118314" m13="0" m20="0.07602" m21="0.8952" m22="-0.439133" m23="0" m30="0.427938" m31="-0.0274737" m32="1.90266" m33="1"/>
		<transform name="L Calf" m00="-0.597496" m01="-0.17919" m02="-0.781594" m03="0" m10="0.0377293" m11="0.96735" m12="-0.250619" m13="0" m20="0.800984" m21="-0.179233" m22="-0.571227" m23="0" m30="-0.278769" m31="0.398142" m32="0.816328" m33="1"/>
		<transform name="L Clavicle" m00="-0.666521" m01="0.745467" m02="0.00542072" m03="0" m10="-0.679468" m11="-0.610471" m12="0.406999" m13="0" m20="0.306714" m21="0.26759" m22="0.913412" m23="0" m30="0.240532" m31="-0.0687426" m32="1.8156" m33="1"/>
		<transform name="L Finger0" m00="0.315096" m01="0.128676" m02="-0.940296" m03="0" m10="-0.947183" m11="-0.0196445" m12="-0.320092" m13="0" m20="-0.05966" m21="0.991492" m22="0.11569" m23="0" m30="-0.221231" m31="0.726257" m32="1.12953" m33="1"/>
		<transform name="L Finger01" m00="-0.0683583" m01="0.111567" m02="-0.991403" m03="0" m10="-0.995875" m11="-0.0670554" m12="0.0611206" m13="0" m20="-0.05966" m21="0.991492" m22="0.11569" m23="0" m30="-0.157167" m31="0.752419" m32="0.938352" m33="1"/>
		<transform name="L Finger1" m00="-0.349478" m01="0.632271" m02="-0.691447" m03="0" m10="-0.0304256" m11="-0.74525" m12="-0.66609" m13="0" m20="-0.93645" m21="-0.211746" m22="0.279686" m23="0" m30="-0.441243" m31="0.956671" m32="1.20755" m33="1"/>
		<transform name="L Finger11" m00="-0.26672" m01="-0.0880996" m02="-0.959739" m03="0" m10="0.227861" m11="-0.973346" m12="0.0260241" m13="0" m20="-0.93645" m21="-0.211746" m22="0.279686" m23="0" m30="-0.519447" m31="1.09816" m32="1.05282" m33="1"/>
		<transform name="L Foot" m00="-0.0927977" m01="-0.175762" m02="-0.980049" m03="0" m10="0.579144" m11="0.791135" m12="-0.19672" m13="0" m20="0.809927" m21="-0.585844" m22="0.028376" m23="0" m30="-0.662767" m31="0.28298" m32="0.314013" m33="1"/>
		<transform name="L ForeTwist" m00="-0.310499" m01="0.639541" m02="-0.703262" m03="0" m10="-0.93602" m11="-0.0767401" m12="0.343477" m13="0" m20="0.165699" m21="0.764917" m22="0.622451" m23="0" m30="-0.230309" m31="0.21972" m32="1.68171" m33="1"/>
		<transform name="L Forearm" m00="-0.310499" m01="0.639541" m02="-0.703262" m03="0" m10="-0.945146" m11="-0.12876" m12="0.3002" m13="0" m20="0.101438" m21="0.757897" m22="0.644439" m23="0" m30="-0.230309" m31="0.21972" m32="1.68171" m33="1"/>
		<transform name="L Hand" m00="-0.125279" m01="0.953107" m02="-0.275486" m03="0" m10="-0.426224" m11="-0.302448" m12="-0.85256" m13="0" m20="-0.895901" m21="0.0106107" m22="0.444128" m23="0" m30="-0.386723" m31="0.541888" m32="1.32744" m33="1"/>
		<transform name="L Thigh" m00="-0.33868" m01="0.651132" m02="-0.679208" m03="0" m10="0.49368" m11="0.737498" m12="0.460844" m13="0" m20="0.800984" m21="-0.179233" m22="-0.571227" m23="0" m30="-0.0567164" m31="-0.0287669" m32="1.26164" m33="1"/>
		<transform name="L Toe0" m00="0.533785" m01="0.841193" m02="-0.0864132" m03="0" m10="0.0667271" m11="0.0599704" m12="0.995967" m13="0" m20="0.842983" m21="-0.537399" m22="-0.0241191" m23="0" m30="-0.434896" m31="0.583092" m32="0.00600991" m33="1"/>
		<transform name="L UpperArm" m00="-0.861468" m01="0.39091" m02="-0.324133" m03="0" m10="-0.497577" m11="-0.522285" m12="0.692557" m13="0" m20="0.101438" m21="0.757897" m22="0.644439" m23="0" m30="0.127984" m31="0.0571361" m32="1.81652" m33="1"/>
		<transform name="Neck" m00="0.662343" m01="0.588832" m02="0.463226" m03="0" m10="0.34213" m11="0.312338" m12="-0.886224" m13="0" m20="-0.66652" m21="0.745468" m22="0.0054183" m23="0" m30="0.302916" m31="-0.13862" m32="1.81523" m33="1"/>
		<transform name="Pelvis" m00="0.666825" m01="-0.207795" m02="0.715658" m03="0" m10="0.745212" m11="0.188494" m12="-0.639632" m13="0" m20="-0.00198506" m21="0.959839" m22="0.280544" m23="0" m30="-0.0564082" m31="-0.17779" m32="1.21809" m33="1"/>
		<transform name="Ponytail1" m00="-0.967173" m01="-0.0923471" m02="-0.236745" m03="0" m10="-0.253614" m11="0.292057" m12="0.922162" m13="0" m20="-0.0160159" m21="0.951932" m22="-0.30589" m23="0" m30="0.427627" m31="0.196659" m32="2.35941" m33="1"/>
		<transform name="Ponytail11" m00="-0.971328" m01="-0.227081" m02="-0.0704047" m03="0" m10="-0.118318" m11="0.204858" m12="0.971614" m13="0" m20="-0.206212" m21="0.952086" m22="-0.225852" m23="0" m30="0.079276" m31="0.163336" m32="2.27386" m33="1"/>
		<transform name="Ponytail12" m00="-0.813495" m01="-0.443089" m02="-0.376694" m03="0" m10="-0.399876" m11="-0.0441636" m12="0.915505" m13="0" m20="-0.422286" m21="0.895389" m22="-0.141254" m23="0" m30="-0.270491" m31="0.0815518" m32="2.24823" m33="1"/>
		<transform name="Prop1" m00="0" m01="0" m02="0" m03="0" m10="0" m11="0" m12="0" m13="0" m20="0" m21="0" m22="0" m23="0" m30="0.643758" m31="-0.604963" m32="1.37498" m33="1"/>
		<transform name="Prop2" m00="-0.920767" m01="0.130223" m02="-0.367736" m03="0" m10="0.354981" m11="0.670622" m12="-0.651348" m13="0" m20="0.161791" m21="-0.730279" m22="-0.663714" m23="0" m30="0.968575" m31="0.430196" m32="1.92638" m33="1"/>
		<transform name="Prop3" m00="-0.854537" m01="-0.510592" m02="-0.0951985" m03="0" m10="-0.519363" m11="0.841914" m12="0.146433" m13="0" m20="0.00538153" m21="0.174575" m22="-0.984629" m23="0" m30="0.0760843" m31="-0.157232" m32="1.14869" m33="1"/>
		<transform name="R Calf" m00="-0.508334" m01="-0.115269" m02="-0.85341" m03="0" m10="0.85442" m11="-0.191254" m12="-0.483103" m13="0" m20="-0.107531" m21="-0.974749" m22="0.195709" m23="0" m30="0.449859" m31="-0.461839" m32="0.780021" m33="1"/>
		<transform name="R Clavicle" m00="0.666521" m01="-0.745467" m02="-0.0054208" m03="0" m10="-0.679468" m11="-0.610471" m12="0.406999" m13="0" m20="-0.306714" m21="-0.26759" m22="-0.913412" m23="0" m30="0.365402" m31="-0.208403" m32="1.81459" m33="1"/>
		<transform name="R Finger0" m00="-0.708404" m01="0.584084" m02="-0.396244" m03="0" m10="0.120822" m11="-0.452765" m12="-0.883406" m13="0" m20="-0.695389" m21="-0.673683" m22="0.25017" m23="0" m30="1.04612" m31="-0.263666" m32="1.59356" m33="1"/>
		<transform name="R Finger01" m00="-0.140194" m01="-0.214257" m02="-0.966664" m03="0" m10="0.704826" m11="-0.70728" m12="0.0545456" m13="0" m20="-0.695389" m21="-0.673683" m22="0.25017" m23="0" m30="0.902093" m31="-0.144914" m32="1.513" m33="1"/>
		<transform name="R Finger1" m00="-0.487491" m01="0.602936" m02="-0.631523" m03="0" m10="-0.871008" m11="-0.38619" m12="0.303648" m13="0" m20="-0.0608075" m21="0.698087" m22="0.713426" m23="0" m30="1.27111" m31="-0.260468" m32="1.35491" m33="1"/>
		<transform name="R Finger11" m00="-0.952481" m01="-0.254306" m02="0.167656" m03="0" m10="0.298467" m11="-0.66933" m12="0.680379" m13="0" m20="-0.0608075" m21="0.698087" m22="0.713426" m23="0" m30="1.16202" m31="-0.125548" m32="1.21359" m33="1"/>
		<transform name="R Foot" m00="1.34074e-06" m01="2.24393e-07" m02="-1" m03="0" m10="0.995144" m11="-0.0984291" m12="1.28833e-06" m13="0" m20="-0.0984291" m21="-0.995144" m22="-3.45824e-07" m23="0" m30="0.123163" m31="-0.53592" m32="0.231552" m33="1"/>
		<transform name="R ForeTwist" m00="0.947352" m01="0.252254" m02="-0.19721" m03="0" m10="0.115539" m11="-0.843723" m12="-0.524197" m13="0" m20="-0.298621" m21="0.473814" m22="-0.828448" m23="0" m30="0.551727" m31="-0.701705" m32="1.63329" m33="1"/>
		<transform name="R Forearm" m00="0.947352" m01="0.252254" m02="-0.19721" m03="0" m10="0.148342" m11="-0.891594" m12="-0.42785" m13="0" m20="-0.283758" m21="0.37607" m22="-0.882073" m23="0" m30="0.551727" m31="-0.701705" m32="1.63329" m33="1"/>
		<transform name="R Hand" m00="0.556427" m01="0.721899" m02="-0.411401" m03="0" m10="-0.781247" m11="0.285958" m12="-0.55487" m13="0" m20="-0.282917" m21="0.63015" m22="0.723096" m23="0" m30="1.02895" m31="-0.574632" m32="1.53394" m33="1"/>
		<transform name="R Thigh" m00="0.771702" m01="-0.205944" m02="-0.601717" m03="0" m10="0.626828" m11="0.0863256" m12="0.774361" m13="0" m20="-0.107531" m21="-0.974749" m22="0.195709" m23="0" m30="-0.0561" m31="-0.326814" m32="1.17453" m33="1"/>
		<transform name="R Toe0" m00="0.991089" m01="-0.098028" m02="-0.0901847" m03="0" m10="0.0897467" m11="-0.00887719" m12="0.995925" m13="0" m20="-0.0984291" m21="-0.995144" m22="-3.89535e-07" m23="0" m30="0.551064" m31="-0.578244" m32="0.00358779" m33="1"/>
		<transform name="R UpperArm" m00="0.177386" m01="-0.88342" m02="-0.433708" m03="0" m10="-0.942346" m11="-0.279536" m12="0.183968" m13="0" m20="-0.283758" m21="0.37607" m22="-0.882073" m23="0" m30="0.47795" m31="-0.334281" m32="1.81367" m33="1"/>
		<transform name="Spine" m00="0.593496" m01="-0.0271047" m02="0.804381" m03="0" m10="0.76527" m11="0.328517" m12="-0.553569" m13="0" m20="-0.249248" m21="0.944109" m22="0.215716" m23="0" m30="0.0445929" m31="-0.209349" m32="1.32669" m33="1"/>
		<transform name="Spine1" m00="0.470592" m01="0.135232" m02="0.871926" m03="0" m10="0.742934" m11="0.472386" m12="-0.474238" m13="0" m20="-0.476018" m21="0.870956" m22="0.121832" m23="0" m30="0.156394" m31="-0.214531" m32="1.47844" m33="1"/>
		<transform name="Spine2" m00="0.307255" m01="0.268076" m02="0.913088" m03="0" m10="0.679226" m11="0.610256" m12="-0.407727" m13="0" m20="-0.666519" m21="0.745468" m22="0.00541963" m23="0" m30="0.24503" m31="-0.189123" m32="1.64292" m33="1"/>
		<transform name="Tail" m00="-0.902891" m01="0.0641539" m02="-0.425056" m03="0" m10="-0.428101" m11="-0.223793" m12="0.875583" m13="0" m20="-0.0389522" m21="0.972523" m22="0.229525" m23="0" m30="-0.181535" m31="-0.204166" m32="1.30741" m33="1"/>
		<transform name="Tail1" m00="-0.69045" m01="0.0844472" m02="-0.718434" m03="0" m10="-0.721302" m11="-0.155597" m12="0.674917" m13="0" m20="-0.0547913" m21="0.984204" m22="0.168344" m23="0" m30="-0.493735" m31="-0.181926" m32="1.16016" m33="1"/>
		<transform name="Tail2" m00="-0.466236" m01="0.0681386" m02="-0.882033" m03="0" m10="-0.883073" m11="-0.0955471" m12="0.459405" m13="0" m20="-0.0529724" m21="0.99309" m22="0.104719" m23="0" m30="-0.732387" m31="-0.152681" m32="0.911455" m33="1"/>
	</frame>
	<frame index="3">
		<transform name="Head" m00="0.157977" m01="0.425167" m02="0.891222" m03="0" m10="0.985157" m11="-0.129246" m12="-0.11297" m13="0" m20="0.0671559" m21="0.89584" m22="-0.439274" m23="0" m30="0.442778" m31="-0.0134016" m32="1.85516" m33="1"/>
		<transform name="L Calf" m00="-0.582596" m01="-0.241742" m02="-0.775978" m03="0" m10="0.0054081" m11="0.953568" m12="-0.301128" m13="0" m20="0.812744" m21="-0.179633" m22="-0.554238" m23="0" m30="-0.301967" m31="0.436651" m32="0.80044" m33="1"/>
		<transform name="L Clavicle" m00="-0.600148" m01="0.798155" m02="0.0526468" m03="0" m10="-0.684744" m11="-0.546663" m12="0.481961" m13="0" m20="0.413459" m21="0.253198" m22="0.87461" m23="0" m30="0.245169" m31="-0.0401328" m32="1.78704" m33="1"/>
		<transform name="L Finger0" m00="0.344443" m01="0.0496411" m02="-0.937494" m03="0" m10="-0.938384" m11="0.0481695" m12="-0.34222" m13="0" m20="0.0281703" m21="0.997605" m22="0.0631741" m23="0" m30="-0.131885" m31="0.749187" m32="1.03965" m33="1"/>
		<transform name="L Finger01" m00="-0.0124242" m01="0.0635437" m02="-0.997902" m03="0" m10="-0.999526" m11="0.0273264" m12="0.0141844" m13="0" m20="0.0281703" m21="0.997605" m22="0.0631741" m23="0" m30="-0.061855" m31="0.759279" m32="0.849043" m33="1"/>
		<transform name="L Finger1" m00="-0.293494" m01="0.6428" m02="-0.70758" m03="0" m10="-0.106572" m11="-0.757563" m12="-0.644004" m13="0" m20="-0.950002" m21="-0.113603" m22="0.290845" m23="0" m30="-0.330431" m31="1.00183" m32="1.10548" m33="1"/>
		<transform name="L Finger11" m00="-0.285099" m01="-0.0642745" m02="-0.956341" m03="0" m10="0.127337" m11="-0.991445" m12="0.0286728" m13="0" m20="-0.950002" m21="-0.113603" m22="0.290845" m23="0" m30="-0.396107" m31="1.14567" m32="0.947139" m33="1"/>
		<transform name="L Foot" m00="-0.0665791" m01="-0.156908" m02="-0.985367" m03="0" m10="0.596925" m11="0.785074" m12="-0.165346" m13="0" m20="0.79953" m21="-0.599198" m22="0.0413925" m23="0" m30="-0.67639" m31="0.281288" m32="0.301735" m33="1"/>
		<transform name="L ForeTwist" m00="-0.251915" m01="0.606978" m02="-0.753735" m03="0" m10="-0.94134" m11="0.0270218" m12="0.336377" m13="0" m20="0.224541" m21="0.794259" m22="0.564566" m23="0" m30="-0.18502" m31="0.284978" m32="1.62678" m33="1"/>
		<transform name="L Forearm" m00="-0.251915" m01="0.606978" m02="-0.753735" m03="0" m10="-0.954792" m11="-0.0288609" m12="0.295871" m13="0" m20="0.157834" m21="0.794194" m22="0.586808" m23="0" m30="-0.18502" m31="0.284978" m32="1.62678" m33="1"/>
		<transform name="L Hand" m00="-0.0425313" m01="0.944619" m02="-0.325403" m03="0" m10="-0.455407" m11="-0.308224" m12="-0.835226" m13="0" m20="-0.889267" m21="0.112667" m22="0.443295" m23="0" m30="-0.311922" m31="0.590743" m32="1.24709" m33="1"/>
		<transform name="L Thigh" m00="-0.313705" m01="0.666691" m02="-0.676101" m03="0" m10="0.490956" m11="0.723364" m12="0.485497" m13="0" m20="0.812744" m21="-0.179633" m22="-0.554238" m23="0" m30="-0.0962894" m31="-0.000458962" m32="1.24372" m33="1"/>
		<transform name="L Toe0" m00="0.533785" m01="0.841193" m02="-0.0864133" m03="0" m10="0.0667273" m11="0.0599705" m12="0.995967" m13="0" m20="0.842983" m21="-0.537399" m22="-0.0241191" m23="0" m30="-0.434896" m31="0.583092" m32="0.00600914" m33="1"/>
		<transform name="L UpperArm" m00="-0.790672" m01="0.457636" m02="-0.406703" m03="0" m10="-0.591546" m11="-0.399781" m12="0.700177" m13="0" m20="0.157834" m21="0.794194" m22="0.586808" m23="0" m30="0.143829" m31="0.0946428" m32="1.79593" m33="1"/>
		<transform name="Neck" m00="0.74929" m01="0.537928" m02="0.386262" m03="0" m10="0.279979" m11="0.27126" m12="-0.920886" m13="0" m20="-0.600147" m21="0.798155" m22="0.0526443" m23="0" m30="0.301345" m31="-0.114939" m32="1.78225" m33="1"/>
		<transform name="Pelvis" m00="0.664622" m01="-0.193835" m02="0.7216" m03="0" m10="0.746966" m11="0.195462" m12="-0.635481" m13="0" m20="-0.0178671" m21="0.961365" m22="0.274696" m23="0" m30="-0.0935154" m31="-0.149719" m32="1.20107" m33="1"/>
		<transform name="Ponytail1" m00="-0.983205" m01="0.0407614" m02="-0.177893" m03="0" m10="-0.157398" m11="0.303985" m12="0.939585" m13="0" m20="0.0923755" m21="0.951805" m22="-0.292464" m23="0" m30="0.437185" m31="0.210957" m32="2.31176" m33="1"/>
		<transform name="Ponytail11" m00="-0.998719" m01="-0.0466639" m02="0.0195917" m03="0" m10="0.0072213" m11="0.251758" m12="0.967763" m13="0" m20="-0.050092" m21="0.966665" m22="-0.251098" m23="0" m30="0.0830236" m31="0.225568" m32="2.2474" m33="1"/>
		<transform name="Ponytail12" m00="-0.828487" m01="-0.310007" m02="-0.466375" m03="0" m10="-0.507344" m11="0.0629144" m12="0.859444" m13="0" m20="-0.237092" m21="0.94865" m22="-0.209404" m23="0" m30="-0.276579" m31="0.208741" m32="2.25421" m33="1"/>
		<transform name="Prop1" m00="0" m01="0" m02="0" m03="0" m10="0" m11="0" m12="0" m13="0" m20="0" m21="0" m22="0" m23="0" m30="0.64153" m31="-0.653104" m32="1.40706" m33="1"/>
		<transform name="Prop2" m00="-0.878273" m01="0.183004" m02="-0.441754" m03="0" m10="0.449323" m11="0.631848" m12="-0.631567" m13="0" m20="0.163543" m21="-0.753178" m22="-0.637163" m23="0" m30="1.00219" m31="0.398413" m32="1.93905" m33="1"/>
		<transform name="Prop3" m00="-0.847416" m01="-0.52792" m02="-0.0564554" m03="0" m10="-0.530662" m11="0.838804" m12="0.121683" m13="0" m20="-0.0168837" m21="0.133075" m22="-0.990962" m23="0" m30="0.0391593" m31="-0.127656" m32="1.13248" m33="1"/>
		<transform name="R Calf" m00="-0.474992" m01="-0.117287" m02="-0.872139" m03="0" m10="0.866962" m11="-0.232277" m12="-0.440935" m13="0" m20="-0.150862" m21="-0.965552" m22="0.212013" m23="0" m30="0.428431" m31="-0.460543" m32="0.792057" m33="1"/>
		<transform name="R Clavicle" m00="0.600148" m01="-0.798155" m02="-0.0526468" m03="0" m10="-0.684744" m11="-0.546663" m12="0.481961" m13="0" m20="-0.413459" m21="-0.253198" m22="-0.87461" m23="0" m30="0.357604" m31="-0.189664" m32="1.77718" m33="1"/>
		<transform name="R Finger0" m00="-0.63417" m01="0.621143" m02="-0.460446" m03="0" m10="0.15872" m11="-0.478248" m12="-0.863763" m13="0" m20="-0.756727" m21="-0.620854" m22="0.204703" m23="0" m30="1.05851" m31="-0.305906" m32="1.62443" m33="1"/>
		<transform name="R Finger01" m00="-0.0782794" m01="-0.224822" m02="-0.97125" m03="0" m10="0.649027" m11="-0.750996" m12="0.121529" m13="0" m20="-0.756727" m21="-0.620854" m22="0.204703" m23="0" m30="0.929573" m31="-0.179619" m32="1.53082" m33="1"/>
		<transform name="R Finger1" m00="-0.394758" m01="0.620402" m02="-0.677693" m03="0" m10="-0.916178" m11="-0.321325" m12="0.239517" m13="0" m20="-0.0691629" m21="0.715438" m22="0.695244" m23="0" m30="1.30118" m31="-0.322603" m32="1.40439" m33="1"/>
		<transform name="R Finger11" m00="-0.977669" m01="-0.187238" m02="0.0954177" m03="0" m10="0.198441" m11="-0.67312" m12="0.712412" m13="0" m20="-0.0691629" m21="0.715438" m22="0.695244" m23="0" m30="1.21284" m31="-0.183773" m32="1.25274" m33="1"/>
		<transform name="R Foot" m00="1.28554e-06" m01="2.50121e-07" m02="-1" m03="0" m10="0.995144" m11="-0.0984292" m12="1.31891e-06" m13="0" m20="-0.0984291" m21="-0.995144" m22="-3.76595e-07" m23="0" m30="0.123163" m31="-0.53592" m32="0.231552" m33="1"/>
		<transform name="R ForeTwist" m00="0.977444" m01="0.180778" m02="-0.10919" m03="0" m10="0.110411" m11="-0.878137" m12="-0.465494" m13="0" m20="-0.180035" m21="0.442939" m22="-0.87829" m23="0" m30="0.532714" m31="-0.707311" m32="1.62355" m33="1"/>
		<transform name="R Forearm" m00="0.977444" m01="0.180778" m02="-0.10919" m03="0" m10="0.133568" m11="-0.929628" m12="-0.343441" m13="0" m20="-0.163592" m21="0.32111" m22="-0.932805" m23="0" m30="0.532714" m31="-0.707311" m32="1.62355" m33="1"/>
		<transform name="R Hand" m00="0.63438" m01="0.674742" m02="-0.377207" m03="0" m10="-0.714342" m11="0.325208" m12="-0.619641" m13="0" m20="-0.295427" m21="0.662543" m22="0.688302" m23="0" m30="1.0251" m31="-0.616244" m32="1.56855" m33="1"/>
		<transform name="R Thigh" m00="0.791854" m01="-0.24642" m02="-0.558788" m03="0" m10="0.591783" m11="0.0835835" m12="0.801752" m13="0" m20="-0.150862" m21="-0.965552" m22="0.212013" m23="0" m30="-0.0907413" m31="-0.29898" m32="1.15842" m33="1"/>
		<transform name="R Toe0" m00="0.991089" m01="-0.098028" m02="-0.0901846" m03="0" m10="0.0897467" m11="-0.00887722" m12="0.995925" m13="0" m20="-0.0984291" m21="-0.995144" m22="-4.20306e-07" m23="0" m30="0.551065" m31="-0.578244" m32="0.00358777" m33="1"/>
		<transform name="R UpperArm" m00="0.177369" m01="-0.920562" m02="-0.348002" m03="0" m10="-0.970452" m11="-0.222381" m12="0.093642" m13="0" m20="-0.163592" m21="0.32111" m22="-0.932805" m23="0" m30="0.458945" m31="-0.324439" m32="1.76829" m33="1"/>
