<?xml version="1.0" encoding="UTF-8" standalone="yes"?>

<!DOCTYPE animation [
	<!ELEMENT animation  (frame+)>
	<!ELEMENT frame      (transform+)>
	<!ELEMENT transform   EMPTY>
	<!ATTLIST frame index CDATA #REQUIRED>
	<!ATTLIST transform name CDATA #REQUIRED>
	<!ATTLIST transform m00 CDATA #REQUIRED>
	<!ATTLIST transform m01 CDATA #REQUIRED>
	<!ATTLIST transform m02 CDATA #REQUIRED>
	<!ATTLIST transform m03 CDATA #REQUIRED>
	<!ATTLIST transform m10 CDATA #REQUIRED>
	<!ATTLIST transform m11 CDATA #REQUIRED>
	<!ATTLIST transform m12 CDATA #REQUIRED>
	<!ATTLIST transform m13 CDATA #REQUIRED>
	<!ATTLIST transform m20 CDATA #REQUIRED>
	<!ATTLIST transform m21 CDATA #REQUIRED>
	<!ATTLIST transform m22 CDATA #REQUIRED>
	<!ATTLIST transform m23 CDATA #REQUIRED>
	<!ATTLIST transform m30 CDATA #REQUIRED>
	<!ATTLIST transform m31 CDATA #REQUIRED>
	<!ATTLIST transform m32 CDATA #REQUIRED>
	<!ATTLIST transform m33 CDATA #REQUIRED>
]>

<animation>
	<frame index="0">
		<transform name="Head" m00="0.307012" m01="0.286677" m02="0.907502" m03="0" m10="0.944694" m11="0.0237396" m12="-0.327093" m13="0" m20="-0.115314" m21="0.957733" m22="-0.263533" m23="0" m30="0.531244" m31="-0.174356" m32="1.89209" m33="1"/>
		<transform name="L Calf" m00="-0.997337" m01="-0.0623605" m02="0.037823" m03="0" m10="-0.0635725" m11="0.489102" m12="-0.869907" m13="0" m20="0.0357484" m21="-0.869994" m22="-0.491764" m23="0" m30="-0.249175" m31="0.260235" m32="0.686522" m33="1"/>
		<transform name="L Clavicle" m00="-0.0640097" m01="0.995053" m02="0.0759752" m03="0" m10="-0.991708" m11="-0.0719261" m12="0.1065" m13="0" m20="0.111438" m21="-0.0685281" m22="0.991406" m23="0" m30="0.392626" m31="-0.0794233" m32="1.7649" m33="1"/>
		<transform name="L Finger0" m00="0.563388" m01="-0.825138" m02="-0.0417309" m03="0" m10="0.327515" m11="0.269422" m12="-0.905619" m13="0" m20="0.758504" m21="0.496547" m22="0.422034" m23="0" m30="1.19432" m31="0.173446" m32="1.2266" m33="1"/>
		<transform name="L Finger01" m00="0.602432" m01="-0.781231" m02="-0.163562" m03="0" m10="0.24849" m11="0.378309" m12="-0.891703" m13="0" m20="0.758504" m21="0.496547" m22="0.422034" m23="0" m30="1.30887" m31="0.00568368" m32="1.21811" m33="1"/>
		<transform name="L Finger1" m00="0.88118" m01="-0.0704324" m02="-0.467505" m03="0" m10="-0.454079" m11="-0.40145" m12="-0.795393" m13="0" m20="-0.131658" m21="0.913169" m22="-0.385732" m23="0" m30="1.40767" m31="0.422525" m32="1.23174" m33="1"/>
		<transform name="L Finger11" m00="0.264823" m01="-0.342576" m02="-0.901393" m03="0" m10="-0.955267" m11="-0.220827" m12="-0.196725" m13="0" m20="-0.131658" m21="0.913169" m22="-0.385732" m23="0" m30="1.60486" m31="0.406764" m32="1.12712" m33="1"/>
		<transform name="L Foot" m00="-0.981101" m01="-0.176886" m02="-0.0784342" m03="0" m10="0.0676594" m11="0.0661527" m12="-0.995513" m13="0" m20="0.18128" m21="-0.982006" m22="-0.0529345" m23="0" m30="-0.890142" m31="0.220157" m32="0.710831" m33="1"/>
		<transform name="L ForeTwist" m00="0.738756" m01="0.154456" m02="-0.656036" m03="0" m10="-0.280415" m11="0.955575" m12="-0.090793" m13="0" m20="0.612868" m21="0.251036" m22="0.749249" m23="0" m30="0.603657" m31="0.321324" m32="1.5139" m33="1"/>
		<transform name="L Forearm" m00="0.738756" m01="0.154456" m02="-0.656036" m03="0" m10="-0.291346" m11="0.950926" m12="-0.104197" m13="0" m20="0.607748" m21="0.268109" m22="0.747502" m23="0" m30="0.603657" m31="0.321324" m32="1.5139" m33="1"/>
		<transform name="L Hand" m00="0.992362" m01="0.0537561" m02="0.111032" m03="0" m10="0.121131" m11="-0.254301" m12="-0.959509" m13="0" m20="-0.0233438" m21="0.96563" m22="-0.25887" m23="0" m30="0.975805" m31="0.399131" m32="1.18342" m33="1"/>
		<transform name="L Thigh" m00="-0.416958" m01="0.434218" m02="-0.798499" m03="0" m10="0.908222" m11="0.23359" m12="-0.347229" m13="0" m20="0.0357484" m21="-0.869994" m22="-0.491764" m23="0" m30="0.0242001" m31="-0.0244561" m32="1.21005" m33="1"/>
		<transform name="L Toe0" m00="0.188849" m01="0.0875856" m02="-0.978092" m03="0" m10="0.965129" m11="0.167313" m12="0.201329" m13="0" m20="0.181281" m21="-0.982006" m22="-0.0529345" m23="0" m30="-1.08471" m31="0.208279" m32="0.264891" m33="1"/>
		<transform name="L UpperArm" m00="0.533381" m01="0.559551" m02="-0.634355" m03="0" m10="-0.588342" m11="0.784232" m12="0.197061" m13="0" m20="0.607748" m21="0.268109" m22="0.747502" m23="0" m30="0.381818" m31="0.0886003" m32="1.77773" m33="1"/>
		<transform name="Neck" m00="0.703173" m01="-0.00905034" m02="0.710962" m03="0" m10="0.708132" m11="0.0989293" m12="-0.699115" m13="0" m20="-0.0640078" m21="0.995053" m22="0.0759733" m23="0" m30="0.398516" m31="-0.172648" m32="1.75789" m33="1"/>
		<transform name="Pelvis" m00="0.6977" m01="-0.00218015" m02="0.716387" m03="0" m10="0.455873" m11="0.77275" m12="-0.44163" m13="0" m20="-0.552625" m21="0.634707" m22="0.540141" m23="0" m30="0.11" m31="-0.123" m32="1.12619" m33="1"/>
		<transform name="Ponytail1" m00="-0.91718" m01="-0.169103" m02="-0.360811" m03="0" m10="-0.374421" m11="0.0559136" m12="0.925572" m13="0" m20="-0.136342" m21="0.984011" m22="-0.114598" m23="0" m30="0.603973" m31="-0.0325909" m32="2.37531" m33="1"/>
		<transform name="Ponytail11" m00="-0.917752" m01="-0.132041" m02="-0.374562" m03="0" m10="-0.364815" m11="-0.0924927" m12="0.926475" m13="0" m20="-0.156977" m21="0.98692" m22="0.0367148" m23="0" m30="0.273701" m31="-0.0934768" m32="2.24508" m33="1"/>
		<transform name="Ponytail12" m00="-0.91921" m01="-0.0933486" m02="-0.382543" m03="0" m10="-0.352281" m11="-0.239095" m12="0.904838" m13="0" m20="-0.175929" m21="0.966499" m22="0.186894" m23="0" m30="-0.0567812" m31="-0.140971" m32="2.1099" m33="1"/>
		<transform name="Prop1" m00="0.0004553" m01="0.000772711" m02="-0.000442289" m03="0" m10="-0.000655303" m11="-4.54568e-05" m12="-0.000753997" m13="0" m20="-0.000602727" m21="0.000633128" m22="0.000485663" m23="0" m30="0.0152482" m31="-0.136561" m32="1.00842" m33="1"/>
		<transform name="Prop2" m00="-0.314084" m01="0.883751" m02="-0.346895" m03="0" m10="0.554326" m11="0.467341" m12="0.688705" m13="0" m20="0.770762" m21="0.0240181" m22="-0.636671" m23="0" m30="-0.00849407" m31="-0.611274" m32="2.78448" m33="1"/>
		<transform name="Prop3" m00="-0.494358" m01="-0.845094" m02="-0.203533" m03="0" m10="-0.774728" m11="0.322163" m12="0.544066" m13="0" m20="-0.394216" m21="0.426647" m22="-0.813982" m23="0" m30="0.201022" m31="-0.00947965" m32="1.08592" m33="1"/>
		<transform name="R Calf" m00="-0.791348" m01="0.159863" m02="-0.590095" m03="0" m10="0.596669" m11="-0.00841246" m12="-0.802444" m13="0" m20="-0.133245" m21="-0.987103" m22="-0.0887278" m23="0" m30="0.694849" m31="-0.250777" m32="0.618111" m33="1"/>
		<transform name="R Clavicle" m00="0.0640097" m01="-0.995053" m02="-0.0759753" m03="0" m10="-0.991708" m11="-0.0719261" m12="0.1065" m13="0" m20="-0.111438" m21="0.0685282" m22="-0.991406" m23="0" m30="0.404618" m31="-0.265842" m32="1.75067" m33="1"/>
		<transform name="R Finger0" m00="-0.268124" m01="0.951913" m02="0.148224" m03="0" m10="0.847686" m11="0.30622" m12="-0.433195" m13="0" m20="-0.457753" m21="0.00949747" m22="-0.889028" m23="0" m30="0.451841" m31="-0.731579" m32="2.17469" m33="1"/>
		<transform name="R Finger01" m00="0.695986" m01="0.626045" m02="-0.351669" m03="0" m10="0.553232" m11="-0.779729" m12="-0.293184" m13="0" m20="-0.457753" m21="0.00949747" m22="-0.889028" m23="0" m30="0.397328" m31="-0.538041" m32="2.20483" m33="1"/>
		<transform name="R Finger1" m00="0.0405447" m01="0.969237" m02="0.242766" m03="0" m10="-0.672196" m11="0.206222" m12="-0.711073" m13="0" m20="-0.739262" m21="-0.134356" m22="0.659878" m23="0" m30="0.769182" m31="-0.721132" m32="2.25697" m33="1"/>
		<transform name="R Finger11" m00="-0.649587" m01="0.400645" m02="-0.646158" m03="0" m10="-0.177561" m11="-0.906329" m12="-0.383457" m13="0" m20="-0.739262" m21="-0.134356" m22="0.659878" m23="0" m30="0.778255" m31="-0.504243" m32="2.31129" m33="1"/>
		<transform name="R Foot" m00="-0.0205422" m01="0.0105054" m02="-0.999734" m03="0" m10="0.998392" m11="-0.0526361" m12="-0.0210677" m13="0" m20="-0.0528435" m21="-0.998559" m22="-0.00940721" m23="0" m30="0.186266" m31="-0.148037" m32="0.23887" m33="1"/>
		<transform name="R ForeTwist" m00="0.462633" m01="-0.179308" m02="0.868228" m03="0" m10="0.460592" m11="-0.788179" m12="-0.408202" m13="0" m20="0.757513" m21="0.588746" m22="-0.282049" m23="0" m30="0.325597" m31="-0.719519" m32="1.4492" m33="1"/>
		<transform name="R Forearm" m00="0.462633" m01="-0.179308" m02="0.868228" m03="0" m10="0.0638303" m11="-0.970055" m12="-0.23435" m13="0" m20="0.884249" m21="0.163837" m22="-0.437334" m23="0" m30="0.325597" m31="-0.719519" m32="1.4492" m33="1"/>
		<transform name="R Hand" m00="0.483777" m01="0.203848" m02="0.851121" m03="0" m10="-0.123333" m11="0.978671" m12="-0.164294" m13="0" m20="-0.866458" m21="-0.0254896" m22="0.498599" m23="0" m30="0.558647" m31="-0.809845" m32="1.88657" m33="1"/>
		<transform name="R Thigh" m00="0.761163" m01="-0.0445869" m02="-0.647026" m03="0" m10="0.634726" m11="-0.153749" m12="0.757288" m13="0" m20="-0.133245" m21="-0.987103" m22="-0.0887278" m23="0" m30="0.1958" m31="-0.221544" m32="1.04233" m33="1"/>
		<transform name="R Toe0" m00="0.994819" m01="-0.0460708" m02="-0.090621" m03="0" m10="0.0899649" m11="-0.0161239" m12="0.995814" m13="0" m20="-0.0473392" m21="-0.998808" m22="-0.0118956" m23="0" m30="0.610881" m31="-0.168275" m32="0.0019072" m33="1"/>
		<transform name="R UpperArm" m00="-0.215985" m01="-0.686813" m02="-0.694001" m03="0" m10="-0.41407" m11="0.708128" m12="-0.571928" m13="0" m20="0.884249" m21="0.163837" m22="-0.437334" m23="0" m30="0.415427" m31="-0.433866" m32="1.73784" m33="1"/>
		<transform name="Spine" m00="0.531282" m01="-0.084633" m02="0.842957" m03="0" m10="0.713456" m11="0.581259" m12="-0.391304" m13="0" m20="-0.456859" m21="0.809305" m22="0.369195" m23="0" m30="0.215691" m31="-0.123418" m32="1.23488" m33="1"/>
		<transform name="Spine1" m00="0.328119" m01="-0.107566" m02="0.938492" m03="0" m10="0.899921" m11="0.337644" m12="-0.275934" m13="0" m20="-0.287195" m21="0.935108" m22="0.207589" m23="0" m30="0.315737" m31="-0.139427" m32="1.39387" m33="1"/>
		<transform name="Spine2" m00="0.112228" m01="-0.0684708" m02="0.991321" m03="0" m10="0.991619" m11="0.0719779" m12="-0.10729" m13="0" m20="-0.064007" m21="0.995053" m22="0.0759749" m23="0" m30="0.37746" m31="-0.159722" m32="1.57086" m33="1"/>
		<transform name="Tail" m00="-0.789244" m01="-0.510726" m02="-0.340958" m03="0" m10="0.0985368" m11="-0.653369" m12="0.7506" m13="0" m20="-0.606122" m21="0.55881" m22="0.565993" m23="0" m30="0.0293209" m31="-0.243035" m32="1.18473" m33="1"/>
		<transform name="Tail1" m00="-0.836966" m01="-0.394159" m02="-0.379641" m03="0" m10="-0.0240055" m11="-0.666608" m12="0.745022" m13="0" m20="-0.546728" m21="0.632672" m22="0.548466" m23="0" m30="-0.24375" m31="-0.419562" m32="1.06655" m33="1"/>
		<transform name="Tail2" m00="-0.873463" m01="-0.331979" m02="-0.356163" m03="0" m10="-0.0742624" m11="-0.632111" m12="0.771312" m13="0" m20="-0.481194" m21="0.700162" m22="0.527472" m23="0" m30="-0.533318" m31="-0.555766" m32="0.934985" m33="1"/>
	</frame>
	<frame index="1">
		<transform name="Head" m00="0.32532" m01="0.299645" m02="0.896872" m03="0" m10="0.934076" m11="0.0458134" m12="-0.354122" m13="0" m20="-0.147199" m21="0.95295" m22="-0.264987" m23="0" m30="0.594966" m31="-0.183906" m32="1.87849" m33="1"/>
		<transform name="L Calf" m00="-0.992003" m01="-0.101405" m02="0.0751503" m03="0" m10="-0.117443" m11="0.523493" m12="-0.843897" m13="0" m20="0.0462345" m21="-0.845974" m22="-0.531216" m23="0" m30="-0.19689" m31="0.291445" m32="0.708098" m33="1"/>
		<transform name="L Clavicle" m00="-0.081032" m01="0.990684" m02="0.109445" m03="0" m10="-0.98162" m11="-0.0983584" m12="0.163547" m13="0" m20="0.172788" m21="-0.094181" m22="0.980446" m23="0" m30="0.446852" m31="-0.0886801" m32="1.76274" m33="1"/>
		<transform name="L Finger0" m00="0.636394" m01="-0.762327" m02="-0.11773" m03="0" m10="0.25817" m11="0.354324" m12="-0.898778" m13="0" m20="0.726878" m21="0.541582" m22="0.4223" m23="0" m30="1.21782" m31="0.266917" m32="1.20376" m33="1"/>
		<transform name="L Finger01" m00="0.66537" m01="-0.707649" m02="-0.237728" m03="0" m10="0.170091" m11="0.453785" m12="-0.874727" m13="0" m20="0.726878" m21="0.541582" m22="0.4223" m23="0" m30="1.34721" m31="0.111925" m32="1.17982" m33="1"/>
		<transform name="L Finger1" m00="0.861281" m01="0.0443796" m02="-0.506188" m03="0" m10="-0.450328" m11="-0.394779" m12="-0.800846" m13="0" m20="-0.235373" m21="0.917704" m22="-0.32003" m23="0" m30="1.40663" m31="0.53483" m32="1.21641" m33="1"/>
		<transform name="L Finger11" m00="0.254298" m01="-0.259659" m02="-0.931616" m03="0" m10="-0.938047" m11="-0.300661" m12="-0.172254" m13="0" m20="-0.235373" m21="0.917704" m22="-0.32003" m23="0" m30="1.59936" m31="0.544761" m32="1.10314" m33="1"/>
		<transform name="L Foot" m00="-0.977181" m01="-0.189164" m02="-0.0966092" m03="0" m10="0.0789426" m11="0.0988144" m12="-0.99197" m13="0" m20="0.197191" m21="-0.976961" m22="-0.0816266" m23="0" m30="-0.834429" m31="0.226275" m32="0.756395" m33="1"/>
		<transform name="L ForeTwist" m00="0.692768" m01="0.26483" m02="-0.670774" m03="0" m10="-0.373278" m11="0.927518" m12="-0.0193217" m13="0" m20="0.617038" m21="0.263771" m22="0.74141" m23="0" m30="0.628156" m31="0.339024" m32="1.5221" m33="1"/>
		<transform name="L Forearm" m00="0.692768" m01="0.26483" m02="-0.670774" m03="0" m10="-0.384265" m11="0.922647" m12="-0.0325918" m13="0" m20="0.610256" m21="0.280333" m22="0.740946" m23="0" m30="0.628156" m31="0.339024" m32="1.5221" m33="1"/>
		<transform name="L Hand" m00="0.986896" m01="0.143382" m02="0.0740131" m03="0" m10="0.0998818" m11="-0.182594" m12="-0.978102" m13="0" m20="-0.126728" m21="0.972677" m22="-0.194522" m23="0" m30="0.977137" m31="0.472432" m32="1.1842" m33="1"/>
		<transform name="L Thigh" m00="-0.372691" m01="0.478779" m02="-0.794904" m03="0" m10="0.926803" m11="0.234731" m12="-0.29315" m13="0" m20="0.0462345" m21="-0.845974" m22="-0.531216" m23="0" m30="0.0474612" m31="-0.0224616" m32="1.22927" m33="1"/>
		<transform name="L Toe0" m00="0.161646" m01="0.114522" m02="-0.980181" m03="0" m10="0.966947" m11="0.180089" m12="0.180505" m13="0" m20="0.197191" m21="-0.976961" m22="-0.0816265" m23="0" m30="-1.02325" m31="0.225641" m32="0.307836" m33="1"/>
		<transform name="L UpperArm" m00="0.468819" m01="0.626139" m02="-0.623024" m03="0" m10="-0.638589" m11="0.727574" m12="0.250679" m13="0" m20="0.610256" m21="0.280333" m22="0.740946" m23="0" m30="0.433169" m31="0.0786058" m32="1.78122" m33="1"/>
		<transform name="Neck" m00="0.744997" m01="-0.0127441" m02="0.666946" m03="0" m10="0.662128" m11="0.135578" m12="-0.737024" m13="0" m20="-0.0810302" m21="0.990685" m22="0.109443" m23="0" m30="0.454343" m31="-0.181501" m32="1.7526" m33="1"/>
		<transform name="Pelvis" m00="0.737958" m01="-0.00696905" m02="0.674811" m03="0" m10="0.433488" m11="0.771265" m12="-0.466088" m13="0" m20="-0.51721" m21="0.636476" m22="0.572182" m23="0" m30="0.127763" m31="-0.12128" m32="1.14043" m33="1"/>
		<transform name="Ponytail1" m00="-0.923113" m01="-0.181973" m02="-0.338745" m03="0" m10="-0.353429" m11="0.054457" m12="0.933875" m13="0" m20="-0.151493" m21="0.981794" m22="-0.114585" m23="0" m30="0.677789" m31="-0.0375367" m32="2.3587" m33="1"/>
		<transform name="Ponytail11" m00="-0.923369" m01="-0.131749" m02="-0.360599" m03="0" m10="-0.35085" m11="-0.091747" m12="0.931926" m13="0" m20="-0.155864" m21="0.987028" m22="0.0384922" m23="0" m30="0.345376" m31="-0.103059" m32="2.23642" m33="1"/>
		<transform name="Ponytail12" m00="-0.923897" m01="-0.0787583" m02="-0.374448" m03="0" m10="-0.347676" m11="-0.23589" m12="0.907456" m13="0" m20="-0.159798" m21="0.968583" m22="0.190556" m23="0" m30="0.0128693" m31="-0.150449" m32="2.10627" m33="1"/>
		<transform name="Prop1" m00="0.000432878" m01="0.000771231" m02="-0.000466712" m03="0" m10="-0.000698051" m11="-4.08106e-05" m12="-0.000714884" m13="0" m20="-0.000570387" m21="0.000635246" m22="0.000520693" m23="0" m30="0.0262878" m31="-0.134153" m32="1.02832" m33="1"/>
		<transform name="Prop2" m00="-0.362086" m01="0.868833" m02="-0.337674" m03="0" m10="0.535302" m11="0.490377" m12="0.687737" m13="0" m20="0.763116" m21="0.0682624" m22="-0.642647" m23="0" m30="0.0746267" m31="-0.65356" m32="2.77816" m33="1"/>
		<transform name="Prop3" m00="-0.656359" m01="-0.744852" m02="-0.119952" m03="0" m10="-0.682044" m11="0.517856" m12="0.516374" m13="0" m20="-0.322504" m21="0.420739" m22="-0.847921" m23="0" m30="0.216879" m31="-0.00814285" m32="1.09514" m33="1"/>
		<transform name="R Calf" m00="-0.846328" m01="0.157704" m02="-0.508781" m03="0" m10="0.514031" m11="-0.00860584" m12="-0.857728" m13="0" m20="-0.139645" m21="-0.987449" m22="-0.0737811" m23="0" m30="0.653207" m31="-0.247141" m32="0.570992" m33="1"/>
		<transform name="R Clavicle" m00="0.081032" m01="-0.990684" m02="-0.109445" m03="0" m10="-0.98162" m11="-0.0983584" m12="0.163547" m13="0" m20="-0.172788" m21="0.0941811" m22="-0.980446" m23="0" m30="0.462033" m31="-0.274281" m32="1.74224" m33="1"/>
		<transform name="R Finger0" m00="-0.315531" m01="0.935743" m02="0.15756" m03="0" m10="0.827116" m11="0.352597" m12="-0.43767" m13="0" m20="-0.465102" m21="-0.00777743" m22="-0.885223" m23="0" m30="0.535397" m31="-0.745621" m32="2.1638" m33="1"/>
		<transform name="R Finger01" m00="0.659839" m01="0.663586" m02="-0.352514" m03="0" m10="0.590163" m11="-0.748059" m12="-0.303503" m13="0" m20="-0.465102" m21="-0.00777743" m22="-0.885223" m23="0" m30="0.471245" m31="-0.555371" m32="2.19583" m33="1"/>
		<transform name="R Finger1" m00="-0.00737895" m01="0.968283" m02="0.249747" m03="0" m10="-0.687885" m11="0.176356" m12="-0.704068" m13="0" m20="-0.725782" m21="-0.176992" m22="0.664766" m23="0" m30="0.852461" m31="-0.719414" m32="2.2436" m33="1"/>
		<transform name="R Finger11" m00="-0.674773" m01="0.371218" m02="-0.637871" m03="0" m10="-0.133875" m11="-0.911521" m12="-0.388853" m13="0" m20="-0.725782" m21="-0.176992" m22="0.664766" m23="0" m30="0.85081" m31="-0.502739" m32="2.29948" m33="1"/>
		<transform name="R Foot" m00="-0.0326756" m01="0.0100829" m02="-0.999415" m03="0" m10="0.997785" m11="-0.0576393" m12="-0.0332038" m13="0" m20="-0.0579403" m21="-0.998287" m22="-0.0081772" m23="0" m30="0.109289" m31="-0.145788" m32="0.244009" m33="1"/>
		<transform name="R ForeTwist" m00="0.463668" m01="-0.162941" m02="0.870897" m03="0" m10="0.508009" m11="-0.756433" m12="-0.41199" m13="0" m20="0.725906" m21="0.63345" m22="-0.267959" m23="0" m30="0.41009" m31="-0.734139" m32="1.43553" m33="1"/>
		<transform name="R Forearm" m00="0.463668" m01="-0.162941" m02="0.870897" m03="0" m10="0.124328" m11="-0.961253" m12="-0.246038" m13="0" m20="0.877243" m21="0.222357" m22="-0.425444" m23="0" m30="0.41009" m31="-0.734139" m32="1.43553" m33="1"/>
		<transform name="R Hand" m00="0.479785" m01="0.222446" m02="0.848719" m03="0" m10="-0.174946" m11="0.972157" m12="-0.155901" m13="0" m20="-0.859768" m21="-0.0736813" m22="0.505342" m23="0" m30="0.643663" m31="-0.816221" m32="1.87424" m33="1"/>
		<transform name="R Thigh" m00="0.678943" m01="-0.041245" m02="-0.733031" m03="0" m10="0.720788" m11="-0.152458" m12="0.676181" m13="0" m20="-0.139645" m21="-0.987449" m22="-0.0737811" m23="0" m30="0.208064" m31="-0.220099" m32="1.0516" m33="1"/>
		<transform name="R Toe0" m00="0.99467" m01="-0.0491955" m02="-0.0906125" m03="0" m10="0.0899416" m11="-0.0156892" m12="0.995823" m13="0" m20="-0.0504116" m21="-0.998666" m22="-0.0111809" m23="0" m30="0.530877" m31="-0.168274" m32="0.00190052" m33="1"/>
		<transform name="R UpperArm" m00="-0.157789" m01="-0.703452" m02="-0.693007" m03="0" m10="-0.453374" m11="0.675065" m12="-0.582012" m13="0" m20="0.877243" m21="0.222357" m22="-0.425444" m23="0" m30="0.475716" m31="-0.441566" m32="1.72376" m33="1"/>
		<transform name="Spine" m00="0.581522" m01="-0.0944616" m02="0.808028" m03="0" m10="0.686383" m11="0.59014" m12="-0.424986" m13="0" m20="-0.436705" m21="0.801755" m22="0.408016" m23="0" m30="0.239562" m31="-0.122425" m32="1.24282" m33="1"/>
		<transform name="Spine1" m00="0.385943" m01="-0.124254" m02="0.914117" m03="0" m10="0.87732" m11="0.355807" m12="-0.322043" m13="0" m20="-0.285234" m21="0.926263" m22="0.246331" m23="0" m30="0.349085" m31="-0.140291" m32="1.39524" m33="1"/>
		<transform name="Spine2" m00="0.17357" m01="-0.0941027" m02="0.980315" m03="0" m10="0.981482" m11="0.0984307" m12="-0.164328" m13="0" m20="-0.0810293" m21="0.990685" m22="0.109445" m23="0" m30="0.421714" m31="-0.163736" m32="1.56763" m33="1"/>
		<transform name="Tail" m00="-0.791417" m01="-0.542579" m02="-0.281543" m03="0" m10="0.160559" m11="-0.628924" m12="0.760707" m13="0" m20="-0.589813" m21="0.556832" m22="0.584857" m23="0" m30="0.0499891" m31="-0.241024" m32="1.20335" m33="1"/>
		<transform name="Tail1" m00="-0.82987" m01="-0.45511" m02="-0.322785" m03="0" m10="0.0420411" m11="-0.627873" m12="0.77718" m13="0" m20="-0.55637" m21="0.631388" m22="0.540186" m23="0" m30="-0.223852" m31="-0.428583" m32="1.10573" m33="1"/>
		<transform name="Tail2" m00="-0.85546" m01="-0.421283" m02="-0.30118" m03="0" m10="-0.00409982" m11="-0.576048" m12="0.817406" m13="0" m20="-0.517853" m21="0.700493" m22="0.491058" m23="0" m30="-0.510984" m31="-0.585891" m32="0.993818" m33="1"/>
	</frame>
	<frame index="2">
		<transform name="Head" m00="0.34246" m01="0.317638" m02="0.88421" m03="0" m10="0.923126" m11="0.0613485" m12="-0.379571" m13="0" m20="-0.174811" m21="0.946226" m22="-0.27221" m23="0" m30="0.659546" m31="-0.189404" m32="1.86155" m33="1"/>
		<transform name="L Calf" m00="-0.985136" m01="-0.128728" m02="0.113736" m03="0" m10="-0.166001" m11="0.543209" m12="-0.823023" m13="0" m20="0.0441638" m21="-0.82967" m22="-0.556504" m23="0" m30="-0.13914" m31="0.322753" m32="0.727963" m33="1"/>
		<transform name="L Clavicle" m00="-0.0896606" m01="0.98583" m02="0.141776" m03="0" m10="-0.96729" m11="-0.120108" m12="0.223435" m13="0" m20="0.237298" m21="-0.117105" m22="0.964353" m23="0" m30="0.502751" m31="-0.0937857" m32="1.75822" m33="1"/>
		<transform name="L Finger0" m00="0.686296" m01="-0.703108" m02="-0.186107" m03="0" m10="0.186133" m11="0.417146" m12="-0.889575" m13="0" m20="0.703101" m21="0.575871" m22="0.417158" m23="0" m30="1.23768" m31="0.341539" m32="1.18058" m33="1"/>
		<transform name="L Finger01" m00="0.705216" m01="-0.639942" m02="-0.305195" m03="0" m10="0.0912035" m11="0.50877" m12="-0.856058" m13="0" m20="0.703101" m21="0.575871" m22="0.417158" m23="0" m30="1.37721" m31="0.198587" m32="1.14274" m33="1"/>
		<transform name="L Finger1" m00="0.829522" m01="0.13562" m02="-0.541757" m03="0" m10="-0.457989" m11="-0.389934" m12="-0.798873" m13="0" m20="-0.319593" m21="0.910801" m22="-0.261346" m23="0" m30="1.40596" m31="0.622497" m32="1.19871" m33="1"/>
		<transform name="L Finger11" m00="0.226084" m01="-0.194549" m02="-0.954482" m03="0" m10="-0.920188" m11="-0.364132" m12="-0.143741" m13="0" m20="-0.319593" m21="0.910801" m22="-0.261346" m23="0" m30="1.59158" m31="0.652845" m32="1.07748" m33="1"/>
		<transform name="L Foot" m00="-0.976051" m01="-0.188304" m02="-0.108932" m03="0" m10="0.0878228" m11="0.117045" m12="-0.989236" m13="0" m20="0.199027" m21="-0.975111" m22="-0.0977048" m23="0" m30="-0.772267" m31="0.240022" m32="0.801059" m33="1"/>
		<transform name="L ForeTwist" m00="0.642578" m01="0.348027" m02="-0.682621" m03="0" m10="-0.442087" m11="0.896049" m12="0.0406868" m13="0" m20="0.625822" m21="0.275633" m22="0.729639" m23="0" m30="0.657707" m31="0.352954" m32="1.52624" m33="1"/>
		<transform name="L Forearm" m00="0.642578" m01="0.348027" m02="-0.682621" m03="0" m10="-0.45346" m11="0.890857" m12="0.0273339" m13="0" m20="0.617631" m21="0.291977" m22="0.730262" m23="0" m30="0.657707" m31="0.352954" m32="1.52624" m33="1"/>
		<transform name="L Hand" m00="0.975557" m01="0.216513" m02="0.0375453" m03="0" m10="0.0662437" m11="-0.126855" m12="-0.989707" m13="0" m20="-0.209522" m21="0.968003" m22="-0.138097" m23="0" m30="0.981405" m31="0.528272" m32="1.18237" m33="1"/>
		<transform name="L Thigh" m00="-0.322967" m01="0.515279" m02="-0.793839" m03="0" m10="0.945379" m11="0.214791" m12="-0.245199" m13="0" m20="0.0441638" m21="-0.82967" m22="-0.556504" m23="0" m30="0.07261" m31="-0.0150843" m32="1.24844" m33="1"/>
		<transform name="L Toe0" m00="0.118304" m01="0.122877" m02="-0.985345" m03="0" m10="0.972827" m11="0.184552" m12="0.139816" m13="0" m20="0.199027" m21="-0.975111" m22="-0.0977048" m23="0" m30="-0.957009" m31="0.247424" m32="0.350866" m33="1"/>
		<transform name="L UpperArm" m00="0.408972" m01="0.673879" m02="-0.615328" m03="0" m10="-0.67177" m11="0.678702" m12="0.296798" m13="0" m20="0.617631" m21="0.291977" m22="0.730262" m23="0" m30="0.487611" m31="0.0726805" m32="1.78216" m33="1"/>
		<transform name="Neck" m00="0.786663" m01="-0.0172071" m02="0.617143" m03="0" m10="0.610838" m11="0.166861" m12="-0.773974" m13="0" m20="-0.0896589" m21="0.98583" m22="0.141774" m23="0" m30="0.511058" m31="-0.186156" m32="1.74506" m33="1"/>
		<transform name="Pelvis" m00="0.777989" m01="-0.0126846" m02="0.62815" m03="0" m10="0.417347" m11="0.757774" m12="-0.501598" m13="0" m20="-0.469633" m21="0.652394" m22="0.594833" m23="0" m30="0.145525" m31="-0.116374" m32="1.15608" m33="1"/>
		<transform name="Ponytail1" m00="-0.928913" m01="-0.195514" m02="-0.314474" m03="0" m10="-0.332092" m11="0.0641657" m12="0.941062" m13="0" m20="-0.163813" m21="0.978599" m22="-0.124533" m23="0" m30="0.751905" m31="-0.0353493" m32="2.3376" m33="1"/>
		<transform name="Ponytail11" m00="-0.930053" m01="-0.134917" m02="-0.341759" m03="0" m10="-0.334055" m11="-0.0768273" m12="0.939417" m13="0" m20="-0.152999" m21="0.987874" m22="0.0263838" m23="0" m30="0.417398" m31="-0.105753" m32="2.22405" m33="1"/>
		<transform name="Ponytail12" m00="-0.930468" m01="-0.0708506" m02="-0.359458" m03="0" m10="-0.337519" m11="-0.215881" m12="0.916229" m13="0" m20="-0.142516" m21="0.973846" m22="0.176957" m23="0" m30="0.082481" m31="-0.15429" m32="2.10068" m33="1"/>
		<transform name="Prop1" m00="0.000416698" m01="0.000757743" m02="-0.000502184" m03="0" m10="-0.000741478" m11="-3.62765e-05" m12="-0.000669995" m13="0" m20="-0.000525902" m21="0.000651544" m22="0.000546734" m23="0" m30="0.0371094" m31="-0.128681" m32="1.0506" m33="1"/>
		<transform name="Prop2" m00="-0.400052" m01="0.850093" m02="-0.34249" m03="0" m10="0.520944" m11="0.518377" m12="0.678162" m13="0" m20="0.75404" m21="0.092882" m22="-0.650228" m23="0" m30="0.157229" m31="-0.668096" m32="2.77348" m33="1"/>
		<transform name="Prop3" m00="-0.809622" m01="-0.586637" m02="-0.0192422" m03="0" m10="-0.530517" m11="0.717358" m12="0.451608" m13="0" m20="-0.251126" m21="0.37584" m22="-0.892009" m23="0" m30="0.233646" m31="-0.00541696" m32="1.10396" m33="1"/>
		<transform name="R Calf" m00="-0.882963" m01="0.163135" m02="-0.440186" m03="0" m10="0.443103" m11="-0.0200548" m12="-0.896246" m13="0" m20="-0.155037" m21="-0.9864" m22="-0.0545777" m23="0" m30="0.599176" m31="-0.248021" m32="0.53083" m33="1"/>
		<transform name="R Clavicle" m00="0.0896606" m01="-0.98583" m02="-0.141776" m03="0" m10="-0.96729" m11="-0.120108" m12="0.223435" m13="0" m20="-0.237298" m21="0.117105" m22="-0.964353" m23="0" m30="0.519549" m31="-0.278477" m32="1.73166" m33="1"/>
		<transform name="R Finger0" m00="-0.35191" m01="0.923668" m02="0.151645" m03="0" m10="0.808226" m11="0.381566" m12="-0.448528" m13="0" m20="-0.472154" m21="-0.0352777" m22="-0.88081" m23="0" m30="0.61595" m31="-0.747386" m32="2.15581" m33="1"/>
		<transform name="R Finger01" m00="0.629201" m01="0.686331" m02="-0.364769" m03="0" m10="0.617395" m11="-0.726433" m12="-0.301857" m13="0" m20="-0.472154" m21="-0.0352777" m22="-0.88081" m23="0" m30="0.544401" m31="-0.55959" m32="2.18665" m33="1"/>
		<transform name="R Finger1" m00="-0.0445383" m01="0.969579" m02="0.240693" m03="0" m10="-0.700639" m11="0.141428" m12="-0.699359" m13="0" m20="-0.712125" m21="-0.199787" m22="0.673026" m23="0" m30="0.932374" m31="-0.707562" m32="2.23245" m33="1"/>
		<transform name="R Finger11" m00="-0.694877" m01="0.337298" m02="-0.635119" m03="0" m10="-0.100122" m11="-0.919954" m12="-0.379026" m13="0" m20="-0.712125" m21="-0.199787" m22="0.673026" m23="0" m30="0.922408" m31="-0.490597" m32="2.28631" m33="1"/>
		<transform name="R Foot" m00="-0.0419577" m01="0.0101558" m02="-0.999068" m03="0" m10="0.99706" m11="-0.0637471" m12="-0.0425214" m13="0" m20="-0.0641195" m21="-0.997914" m22="-0.00745134" m23="0" m30="0.0317145" m31="-0.143178" m32="0.247932" m33="1"/>
		<transform name="R ForeTwist" m00="0.46323" m01="-0.138043" m02="0.875421" m03="0" m10="0.545891" m11="-0.733715" m12="-0.404557" m13="0" m20="0.698156" m21="0.665287" m22="-0.264522" m23="0" m30="0.491098" m31="-0.74682" m32="1.42496" m33="1"/>
		<transform name="R Forearm" m00="0.46323" m01="-0.138043" m02="0.875421" m03="0" m10="0.17508" m11="-0.954073" m12="-0.243089" m13="0" m20="0.868772" m21="0.265875" m22="-0.417786" m23="0" m30="0.491098" m31="-0.74682" m32="1.42496" m33="1"/>
		<transform name="R Hand" m00="0.477778" m01="0.249998" m02="0.842157" m03="0" m10="-0.215678" m11="0.962692" m12="-0.16342" m13="0" m20="-0.851593" m21="-0.103557" m22="0.513872" m23="0" m30="0.72445" m31="-0.816359" m32="1.86595" m33="1"/>
		<transform name="R Thigh" m00="0.58071" m01="-0.0463005" m02="-0.812793" m03="0" m10="0.799212" m11="-0.157706" m12="0.57999" m13="0" m20="-0.155037" m21="-0.9864" m22="-0.0545777" m23="0" m30="0.218439" m31="-0.217664" m32="1.06373" m33="1"/>
		<transform name="R Toe0" m00="0.994364" m01="-0.0550799" m02="-0.0905901" m03="0" m10="0.0899008" m11="-0.0148702" m12="0.99584" m13="0" m20="-0.0561979" m21="-0.998371" m22="-0.00983466" m23="0" m30="0.450874" m31="-0.168273" m32="0.00189619" m33="1"/>
		<transform name="R UpperArm" m00="-0.104808" m01="-0.725822" m02="-0.679851" m03="0" m10="-0.483994" m11="0.634423" m12="-0.602708" m13="0" m20="0.868772" m21="0.265875" m22="-0.417786" m23="0" m30="0.534689" m31="-0.444943" m32="1.70772" m33="1"/>
		<transform name="Spine" m00="0.632012" m01="-0.103323" m02="0.768039" m03="0" m10="0.661465" m11="0.588284" m12="-0.465173" m13="0" m20="-0.403763" m21="0.802026" m22="0.440147" m23="0" m30="0.263398" m31="-0.118386" m32="1.2514" m33="1"/>
		<transform name="Spine1" m00="0.445246" m01="-0.138547" m02="0.884625" m03="0" m10="0.853174" m11="0.365485" m12="-0.372175" m13="0" m20="-0.271753" m21="0.920449" m22="0.280935" m23="0" m30="0.382446" m31="-0.137924" m32="1.39629" m33="1"/>
		<transform name="Spine2" m00="0.238068" m01="-0.117009" m02="0.964174" m03="0" m10="0.967101" m11="0.120198" m12="-0.224204" m13="0" m20="-0.089658" m21="0.98583" m22="0.141775" m23="0" m30="0.466259" m31="-0.164067" m32="1.56313" m33="1"/>
		<transform name="Tail" m00="-0.793845" m01="-0.570495" m02="-0.210585" m03="0" m10="0.220427" m11="-0.592683" m12="0.774687" m13="0" m20="-0.566765" m21="0.568562" m22="0.59625" m23="0" m30="0.0696892" m31="-0.233949" m32="1.22518" m33="1"/>
		<transform name="Tail1" m00="-0.818572" m01="-0.515903" m02="-0.252555" m03="0" m10="0.108955" m11="-0.571156" m12="0.813579" m13="0" m20="-0.563975" m21="0.638456" m22="0.523742" m23="0" m30="-0.20501" m31="-0.431182" m32="1.15209" m33="1"/>
		<transform name="Tail2" m00="-0.82775" m01="-0.512573" m02="-0.228252" m03="0" m10="0.0681543" m11="-0.495632" m12="0.865854" m13="0" m20="-0.556943" m21="0.701154" m22="0.445194" m23="0" m30="-0.488253" m31="-0.609547" m32="1.06447" m33="1"/>
	</frame>
	<frame index="3">
		<transform name="Head" m00="0.358023" m01="0.334695" m02="0.871665" m03="0" m10="0.912631" m11="0.0718217" m12="-0.402426" m13="0" m20="-0.197294" m21="0.939586" m22="-0.279739" m23="0" m30="0.718579" m31="-0.19369" m32="1.84438" m33="1"/>
		<transform name="L Calf" m00="-0.980558" m01="-0.140942" m02="0.136536" m03="0" m10="-0.192379" m11="0.553249" m12="-0.810497" m13="0" m20="0.0386947" m21="-0.821006" m22="-0.569607" m23="0" m30="-0.0687865" m31="0.352857" m32="0.74147" m33="1"/>
		<transform name="L Clavicle" m00="-0.0903331" m01="0.980618" m02="0.173863" m03="0" m10="-0.950898" m11="-0.136818" m12="0.277623" m13="0" m20="0.296029" m21="-0.140248" m22="0.944827" m23="0" m30="0.554945" m31="-0.0970901" m32="1.7533" m33="1"/>
		<transform name="L Finger0" m00="0.718578" m01="-0.651355" m02="-0.243682" m03="0" m10="0.121322" m11="0.462434" m12="-0.878314" m13="0" m20="0.684782" m21="0.601574" m22="0.411318" m23="0" m30="1.25718" m31="0.397621" m32="1.1624" m33="1"/>
		<transform name="L Finger01" m00="0.728449" m01="-0.581226" m02="-0.362682" m03="0" m10="0.0208893" m11="0.547982" m12="-0.836229" m13="0" m20="0.684782" m21="0.601574" m22="0.411318" m23="0" m30="1.40328" m31="0.265191" m32="1.11286" m33="1"/>
		<transform name="L Finger1" m00="0.795096" m01="0.20533" m02="-0.570668" m03="0" m10="-0.469484" m11="-0.38729" m12="-0.793468" m13="0" m20="-0.383936" m21="0.898803" m22="-0.211534" m23="0" m30="1.4091" m31="0.687437" m32="1.18501" m33="1"/>
		<transform name="L Finger11" m00="0.192157" m01="-0.146301" m02="-0.970398" m03="0" m10="-0.903144" m11="-0.413219" m12="-0.116541" m13="0" m20="-0.383936" m21="0.898803" m22="-0.211534" m23="0" m30="1.58702" m31="0.733384" m32="1.05731" m33="1"/>
		<transform name="L Foot" m00="-0.975479" m01="-0.173467" m02="-0.135463" m03="0" m10="0.113835" m11="0.129117" m12="-0.985074" m13="0" m20="0.188368" m21="-0.976339" m22="-0.106205" m23="0" m30="-0.69897" m31="0.262276" m32="0.829219" m33="1"/>
		<transform name="L ForeTwist" m00="0.598044" m01="0.408161" m02="-0.689745" m03="0" m10="-0.49074" m11="0.866901" m12="0.0874971" m13="0" m20="0.633654" m21="0.286159" m22="0.718746" m23="0" m30="0.689314" m31="0.362568" m32="1.52944" m33="1"/>
		<transform name="L Forearm" m00="0.598044" m01="0.408161" m02="-0.689745" m03="0" m10="-0.50272" m11="0.861294" m12="0.0737916" m13="0" m20="0.624192" m21="0.302618" m22="0.720282" m23="0" m30="0.689314" m31="0.362568" m32="1.52944" m33="1"/>
		<transform name="L Hand" m00="0.961694" m01="0.274038" m02="0.00694698" m03="0" m10="0.0314864" m11="-0.0852512" m12="-0.995862" m13="0" m20="-0.272311" m21="0.957933" m22="-0.090614" m23="0" m30="0.990578" m31="0.568178" m32="1.18198" m33="1"/>
		<transform name="L Thigh" m00="-0.255539" m01="0.542949" m02="-0.799941" m03="0" m10="0.966024" m11="0.17651" m12="-0.18879" m13="0" m20="0.0386947" m21="-0.821006" m22="-0.569607" m23="0" m30="0.0987554" m31="-0.00312283" m32="1.26594" m33="1"/>
		<transform name="L Toe0" m00="0.0918873" m01="0.125187" m02="-0.987869" m03="0" m10="0.97779" m11="0.176325" m12="0.113294" m13="0" m20="0.188369" m21="-0.976339" m22="-0.106204" m23="0" m30="-0.872397" m31="0.278251" m32="0.374768" m33="1"/>
		<transform name="L UpperArm" m00="0.359747" m01="0.707054" m02="-0.608815" m03="0" m10="-0.693517" m11="0.639137" m12="0.332472" m13="0" m20="0.624192" m21="0.302618" m22="0.720282" m23="0" m30="0.539692" m31="0.068496" m32="1.78265" m33="1"/>
		<transform name="Neck" m00="0.82252" m01="-0.0249704" m02="0.568189" m03="0" m10="0.561518" m11="0.194329" m12="-0.804322" m13="0" m20="-0.0903315" m21="0.980619" m22="0.173861" m23="0" m30="0.563323" m31="-0.188977" m32="1.73713" m33="1"/>
		<transform name="Pelvis" m00="0.812301" m01="-0.0216637" m02="0.582836" m03="0" m10="0.409158" m11="0.733317" m12="-0.542988" m13="0" m20="-0.415641" m21="0.679542" m22="0.604538" m23="0" m30="0.163287" m31="-0.108628" m32="1.17209" m33="1"/>
		<transform name="Ponytail1" m00="-0.934381" m01="-0.207658" m02="-0.2895" m03="0" m10="-0.311174" m11="0.0799538" m12="0.946984" m13="0" m20="-0.173502" m21="0.974928" m22="-0.139325" m23="0" m30="0.819644" m31="-0.0319845" m32="2.31611" m33="1"/>
		<transform name="Ponytail11" m00="-0.937591" m01="-0.1403" m02="-0.318181" m03="0" m10="-0.313927" m11="-0.0520772" m12="0.948018" m13="0" m20="-0.149577" m21="0.988739" m22="0.00478316" m23="0" m30="0.483161" m31="-0.10677" m32="2.21155" m33="1"/>
		<transform name="Ponytail12" m00="-0.939055" m01="-0.0694102" m02="-0.336687" m03="0" m10="-0.319823" m11="-0.18273" m12="0.92969" m13="0" m20="-0.126053" m21="0.98071" m22="0.149395" m23="0" m30="0.145524" m31="-0.157255" m32="2.09668" m33="1"/>
		<transform name="Prop1" m00="0.000408476" m01="0.000733292" m02="-0.000543534" m03="0" m10="-0.000779683" m11="-2.93089e-05" m12="-0.000625488" m13="0" m20="-0.000474596" m21="0.000679281" m22="0.000559764" m23="0" m30="0.0486512" m31="-0.120082" m32="1.0733" m33="1"/>
		<transform name="Prop2" m00="-0.428744" m01="0.831801" m02="-0.352543" m03="0" m10="0.510732" m11="0.545051" m12="0.664885" m13="0" m20="0.745206" m21="0.105011" m22="-0.658514" m23="0" m30="0.230952" m31="-0.66818" m32="2.77015" m33="1"/>
		<transform name="Prop3" m00="-0.91751" m01="-0.392" m02="0.0671633" m03="0" m10="-0.348072" m11="0.873159" m12="0.341232" m13="0" m20="-0.192407" m21="0.289706" m22="-0.937576" m23="0" m30="0.251385" m31="-0.00157453" m32="1.11232" m33="1"/>
		<transform name="R Calf" m00="-0.904963" m01="0.172709" m02="-0.388862" m03="0" m10="0.387801" m11="-0.041263" m12="-0.920819" m13="0" m20="-0.175079" m21="-0.984108" m22="-0.0296349" m23="0" m30="0.534829" m31="-0.251342" m32="0.500103" m33="1"/>
		<transform name="R Clavicle" m00="0.0903331" m01="-0.980618" m02="-0.173863" m03="0" m10="-0.950898" m11="-0.136818" m12="0.277623" m13="0" m20="-0.296029" m21="0.140248" m22="-0.944827" m23="0" m30="0.571869" m31="-0.280805" m32="1.72072" m33="1"/>
		<transform name="R Finger0" m00="-0.378598" m01="0.914931" m02="0.139876" m03="0" m10="0.792303" m11="0.398489" m12="-0.462021" m13="0" m20="-0.478456" m21="-0.0640962" m22="-0.875769" m23="0" m30="0.686521" m31="-0.743667" m32="2.14968" m33="1"/>
		<transform name="R Finger01" m00="0.604795" m01="0.699016" m02="-0.381575" m03="0" m10="0.636635" m11="-0.712227" m12="-0.295683" m13="0" m20="-0.478456" m21="-0.0640962" m22="-0.875769" m23="0" m30="0.609547" m31="-0.557649" m32="2.17812" m33="1"/>
		<transform name="R Finger1" m00="-0.0720117" m01="0.971612" m02="0.225354" m03="0" m10="-0.710647" m11="0.108555" m12="-0.695123" m13="0" m20="-0.699853" m21="-0.210204" m22="0.682656" m23="0" m30="1.00223" m31="-0.692999" m32="2.22277" m33="1"/>
		<transform name="R Finger11" m00="-0.710308" m01="0.305541" m02="-0.634119" m03="0" m10="-0.0752852" m11="-0.928686" m12="-0.363144" m13="0" m20="-0.699853" m21="-0.210204" m22="0.682656" m23="0" m30="0.98612" m31="-0.475579" m32="2.27319" m33="1"/>
		<transform name="R Foot" m00="-0.0472579" m01="0.0107407" m02="-0.998825" m03="0" m10="0.996351" m11="-0.0706422" m12="-0.0479004" m13="0" m20="-0.0710737" m21="-0.997444" m22="-0.00736297" m23="0" m30="-0.0467722" m31="-0.140346" m32="0.25019" m33="1"/>
		<transform name="R ForeTwist" m00="0.460237" m01="-0.112404" m02="0.880651" m03="0" m10="0.575133" m11="-0.717913" m12="-0.392203" m13="0" m20="0.676316" m21="0.686998" m22="-0.265763" m23="0" m30="0.56272" m31="-0.757456" m32="1.41637" m33="1"/>
		<transform name="R Forearm" m00="0.460237" m01="-0.112404" m02="0.880651" m03="0" m10="0.215114" m11="-0.948274" m12="-0.233456" m13="0" m20="0.861341" m21="0.296886" m22="-0.412251" m23="0" m30="0.56272" m31="-0.757456" m32="1.41637" m33="1"/>
		<transform name="R Hand" m00="0.477192" m01="0.278223" m02="0.833594" m03="0" m10="-0.246349" m11="0.952879" m12="-0.177013" m13="0" m20="-0.843564" m21="-0.120887" m22="0.523247" m23="0" m30="0.794564" m31="-0.814079" m32="1.85999" m33="1"/>
		<transform name="R Thigh" m00="0.468259" m01="-0.056753" m02="-0.881767" m03="0" m10="0.866072" m11="-0.168256" m12="0.470754" m13="0" m20="-0.175079" m21="-0.984108" m22="-0.0296349" m23="0" m30="0.227819" m31="-0.214133" m32="1.07823" m33="1"/>
