<?xml version="1.0" encoding="UTF-8" standalone="yes"?>

<!DOCTYPE animation [
	<!ELEMENT animation  (frame+)>
	<!ELEMENT frame      (transform+)>
	<!ELEMENT transform   EMPTY>
	<!ATTLIST frame index CDATA #REQUIRED>
	<!ATTLIST transform name CDATA #REQUIRED>
	<!ATTLIST transform m00 CDATA #REQUIRED>
	<!ATTLIST transform m01 CDATA #REQUIRED>
	<!ATTLIST transform m02 CDATA #REQUIRED>
	<!ATTLIST transform m03 CDATA #REQUIRED>
	<!ATTLIST transform m10 CDATA #REQUIRED>
	<!ATTLIST transform m11 CDATA #REQUIRED>
	<!ATTLIST transform m12 CDATA #REQUIRED>
	<!ATTLIST transform m13 CDATA #REQUIRED>
	<!ATTLIST transform m20 CDATA #REQUIRED>
	<!ATTLIST transform m21 CDATA #REQUIRED>
	<!ATTLIST transform m22 CDATA #REQUIRED>
	<!ATTLIST transform m23 CDATA #REQUIRED>
	<!ATTLIST transform m30 CDATA #REQUIRED>
	<!ATTLIST transform m31 CDATA #REQUIRED>
	<!ATTLIST transform m32 CDATA #REQUIRED>
	<!ATTLIST transform m33 CDATA #REQUIRED>
]>

<animation>
	<frame index="0">
		<transform name="peon Head" m00="0.12071" m01="0.0866681" m02="0.988897" m03="0" m10="0.95063" m11="-0.296987" m12="-0.0900104" m13="0" m20="0.285889" m21="0.95094" m22="-0.118239" m23="0" m30="0.1558" m31="-0.0603389" m32="1.1192" m33="1"/>
		<transform name="peon L Calf" m00="-0.817871" m01="0.0676356" m02="-0.571412" m03="0" m10="0.54913" m11="-0.204896" m12="-0.810231" m13="0" m20="-0.17188" m21="-0.976444" m22="0.130438" m23="0" m30="0.0772887" m31="0.105758" m32="0.194729" m33="1"/>
		<transform name="peon L Clavicle" m00="0.219222" m01="0.965652" m02="0.139488" m03="0" m10="-0.844738" m11="0.116313" m12="0.522387" m13="0" m20="0.48822" m21="-0.23235" m22="0.841222" m23="0" m30="0.105094" m31="-0.0295601" m32="1.04019" m33="1"/>
		<transform name="peon L Finger01" m00="0.485446" m01="-0.714325" m02="-0.504066" m03="0" m10="-0.828795" m11="-0.192487" m12="-0.525402" m13="0" m20="0.278282" m21="0.672821" m22="-0.685471" m23="0" m30="0.482779" m31="0.169185" m32="0.738411" m33="1"/>
		<transform name="peon L Finger1" m00="0.555662" m01="-0.175356" m02="-0.812705" m03="0" m10="-0.194758" m11="-0.97776" m12="0.0778099" m13="0" m20="-0.808275" m21="0.115045" m22="-0.577456" m23="0" m30="0.347944" m31="0.253425" m32="0.560671" m33="1"/>
		<transform name="peon L Finger11" m00="0.329193" m01="-0.724834" m02="-0.605184" m03="0" m10="-0.488183" m11="-0.67925" m12="0.547994" m13="0" m20="-0.808275" m21="0.115045" m22="-0.577456" m23="0" m30="0.389894" m31="0.240186" m32="0.499317" m33="1"/>
		<transform name="peon L Foot" m00="4.57627e-06" m01="0.000548924" m02="-1" m03="0" m10="0.981547" m11="0.19122" m12="0.000109449" m13="0" m20="0.19122" m21="-0.981547" m22="-0.000537912" m23="0" m30="-0.0248488" m31="0.114204" m32="0.12337" m33="1"/>
		<transform name="peon L Forearm" m00="0.44153" m01="0.231287" m02="-0.866924" m03="0" m10="-0.491428" m11="0.870732" m12="-0.0179849" m13="0" m20="0.750699" m21="0.433972" m22="0.498116" m23="0" m30="0.143097" m31="0.158515" m32="0.892997" m33="1"/>
		<transform name="peon L Hand" m00="0.586701" m01="0.240177" m02="-0.773367" m03="0" m10="0.0490764" m11="-0.963796" m12="-0.262086" m13="0" m20="-0.808315" m21="0.115812" m22="-0.577247" m23="0" m30="0.23965" m31="0.209092" m32="0.70342" m33="1"/>
		<transform name="peon L Thigh" m00="0.267299" m01="-0.173668" m02="-0.947835" m03="0" m10="0.94816" m11="-0.128048" m12="0.290853" m13="0" m20="-0.17188" m21="-0.976444" m22="0.130438" m23="0" m30="0.0206892" m31="0.142531" m32="0.39543" m33="1"/>
		<transform name="peon L Toe0" m00="0.981547" m01="0.19122" m02="0.00010939" m03="0" m10="-4.51776e-06" m11="-0.000548913" m12="1" m13="0" m20="0.19122" m21="-0.981547" m22="-0.000537912" m23="0" m30="0.0921541" m31="0.137063" m32="0.00526446" m33="1"/>
		<transform name="peon L UpperArm" m00="0.124299" m01="0.647738" m02="-0.751655" m03="0" m10="-0.648846" m11="0.626182" m12="0.432314" m13="0" m20="0.750699" m21="0.433972" m22="0.498116" m23="0" m30="0.117456" m31="0.0248956" m32="1.04805" m33="1"/>
		<transform name="peon Neck" m00="0.532247" m01="-0.238181" m02="0.812393" m03="0" m10="0.817712" m11="-0.103855" m12="-0.566181" m13="0" m20="0.219224" m21="0.965652" m22="0.139487" m23="0" m30="0.103367" m31="-0.0368752" m32="1.03917" m33="1"/>
		<transform name="peon Pelvis" m00="-0.000158119" m01="-0.0214029" m02="0.999771" m03="0" m10="0.956068" m11="-0.293081" m12="-0.00612299" m13="0" m20="0.293144" m21="0.955848" m22="0.0205089" m23="0" m30="-0.0226135" m31="0.00133583" m32="0.3924" m33="1"/>
		<transform name="peon Ponytail1" m00="0.14189" m01="0.8151" m02="-0.561675" m03="0" m10="-0.953788" m11="0.264404" m12="0.142755" m13="0" m20="0.264869" m21="0.515463" m22="0.814949" m23="0" m30="0.24743" m31="-0.00686588" m32="1.3734" m33="1"/>
		<transform name="peon Ponytail2" m00="-0.408388" m01="-0.872942" m02="-0.266816" m03="0" m10="-0.912564" m11="0.383681" m12="0.141481" m13="0" m20="-0.0211323" m21="0.301265" m22="-0.953306" m23="0" m30="0.22056" m31="-0.096241" m32="1.38451" m33="1"/>
		<transform name="peon Prop1" m00="0.868353" m01="0.445879" m02="-0.217152" m03="0" m10="-0.15567" m11="0.660771" m12="0.734267" m13="0" m20="0.470882" m21="-0.603799" m22="0.643193" m23="0" m30="0.0686252" m31="-0.33415" m32="0.504053" m33="1"/>
		<transform name="peon R Calf" m00="-0.536733" m01="0.279531" m02="-0.796103" m03="0" m10="0.807275" m11="-0.104297" m12="-0.580887" m13="0" m20="-0.245407" m21="-0.954455" m22="-0.169679" m23="0" m30="0.0784879" m31="-0.14951" m32="0.234805" m33="1"/>
		<transform name="peon R Clavicle" m00="-0.219222" m01="-0.965652" m02="-0.139489" m03="0" m10="-0.844738" m11="0.116313" m12="0.522387" m13="0" m20="-0.488219" m21="0.23235" m22="-0.841222" m23="0" m30="0.101769" m31="-0.0442067" m32="1.03807" m33="1"/>
		<transform name="peon R Foot" m00="0.109086" m01="-0.0791601" m02="-0.990875" m03="0" m10="0.834899" m11="-0.533703" m12="0.134552" m13="0" m20="-0.539484" m21="-0.841959" m22="0.00787125" m23="0" m30="0.0114595" m31="-0.114602" m32="0.135386" m33="1"/>
		<transform name="peon R Forearm" m00="0.16977" m01="-0.614916" m02="-0.770101" m03="0" m10="-0.904397" m11="-0.407629" m12="0.126111" m13="0" m20="-0.391464" m21="0.675067" m22="-0.625332" m23="0" m30="0.0508909" m31="-0.247952" m32="0.893153" m33="1"/>
		<transform name="peon R Hand" m00="0.128971" m01="-0.639759" m02="-0.757677" m03="0" m10="0.861123" m11="0.451155" m12="-0.234362" m13="0" m20="0.491765" m21="-0.622228" m22="0.609098" m23="0" m30="0.0880159" m31="-0.382421" m32="0.724749" m33="1"/>
		<transform name="peon R Thigh" m00="0.681968" m01="-0.0455767" m02="-0.72996" m03="0" m10="0.688981" m11="-0.294853" m12="0.662093" m13="0" m20="-0.245407" m21="-0.954455" m22="-0.169679" m23="0" m30="-0.0659162" m31="-0.139859" m32="0.389371" m33="1"/>
		<transform name="peon R Toe0" m00="0.834899" m01="-0.533703" m02="0.134552" m03="0" m10="-0.109086" m11="0.0791601" m12="0.990875" m13="0" m20="-0.539484" m21="-0.841959" m22="0.00787125" m23="0" m30="0.123866" m31="-0.18757" m32="0.0343836" m33="1"/>
		<transform name="peon R UpperArm" m00="-0.186708" m01="-0.7237" m02="-0.664378" m03="0" m10="-0.901053" m11="-0.143325" m12="0.409343" m13="0" m20="-0.391464" m21="0.675067" m22="-0.625332" m23="0" m30="0.0894062" m31="-0.0986624" m32="1.03021" m33="1"/>
		<transform name="peon Spine" m00="0.144024" m01="0.0255145" m02="0.989245" m03="0" m10="0.96136" m11="-0.240613" m12="-0.133759" m13="0" m20="0.234613" m21="0.970285" m22="-0.0591828" m23="0" m30="-0.0493026" m31="-0.00350136" m32="0.568708" m33="1"/>
		<transform name="peon Spine1" m00="0.266517" m01="0.0158197" m02="0.9637" m03="0" m10="0.947087" m11="-0.189859" m12="-0.258806" m13="0" m20="0.178873" m21="0.981684" m22="-0.0655834" m23="0" m30="-0.0254922" m31="0.000764095" m32="0.733148" m33="1"/>
		<transform name="peon Spine2" m00="0.488892" m01="-0.232443" m02="0.840806" m03="0" m10="0.844349" m11="-0.116131" m12="-0.523057" m13="0" m20="0.219224" m21="0.965652" m22="0.139487" m23="0" m30="0.0186845" m31="0.00340926" m32="0.89338" m33="1"/>
	</frame>
	<frame index="1">
		<transform name="peon Head" m00="0.164314" m01="0.0602729" m02="0.984565" m03="0" m10="0.927022" m11="-0.350535" m12="-0.133252" m13="0" m20="0.337093" m21="0.934608" m22="-0.113472" m23="0" m30="0.0626811" m31="-0.0543031" m32="1.10907" m33="1"/>
		<transform name="peon L Calf" m00="-0.895679" m01="0.0320491" m02="-0.443545" m03="0" m10="0.418035" m11="-0.279508" m12="-0.864362" m13="0" m20="-0.151676" m21="-0.959608" m22="0.236952" m23="0" m30="0.0870055" m31="0.110202" m32="0.178761" m33="1"/>
		<transform name="peon L Clavicle" m00="0.631623" m01="0.760396" m02="0.151161" m03="0" m10="-0.720792" m11="0.504163" m12="0.475687" m13="0" m20="0.2855" m21="-0.40941" m22="0.866529" m23="0" m30="0.0257132" m31="0.000913692" m32="1.03595" m33="1"/>
		<transform name="peon L Finger01" m00="0.518856" m01="-0.820191" m02="-0.240988" m03="0" m10="-0.596799" m11="-0.145698" m12="-0.789052" m13="0" m20="0.612062" m21="0.553225" m22="-0.565085" m23="0" m30="0.499997" m31="0.0751601" m32="0.848083" m33="1"/>
		<transform name="peon L Finger1" m00="0.719962" m01="-0.251816" m02="-0.646717" m03="0" m10="-0.390574" m11="-0.917292" m12="-0.0776382" m13="0" m20="-0.573678" m21="0.308487" m22="-0.758769" m23="0" m30="0.440899" m31="0.181008" m32="0.638193" m33="1"/>
		<transform name="peon L Finger11" m00="0.416052" m01="-0.68821" m02="-0.594363" m03="0" m10="-0.705545" m11="-0.65666" m12="0.266464" m13="0" m20="-0.573678" m21="0.308487" m22="-0.758769" m23="0" m30="0.495252" m31="0.161997" m32="0.589369" m33="1"/>
		<transform name="peon L Foot" m00="4.73757e-06" m01="0.000549176" m02="-1" m03="0" m10="0.981547" m11="0.191219" m12="0.000109683" m13="0" m20="0.191219" m21="-0.981547" m22="-0.000538174" m23="0" m30="-0.0248488" m31="0.114204" m32="0.12337" m33="1"/>
		<transform name="peon L Forearm" m00="0.673213" m01="-0.0143196" m02="-0.73931" m03="0" m10="-0.152164" m11="0.975732" m12="-0.157458" m13="0" m20="0.723623" m21="0.218499" m22="0.654696" m23="0" m30="0.144801" m31="0.174614" m32="0.908555" m33="1"/>
		<transform name="peon L Hand" m00="0.806591" m01="0.0516052" m02="-0.588853" m03="0" m10="-0.142954" m11="-0.949582" m12="-0.279032" m13="0" m20="-0.573564" m21="0.309244" m22="-0.758547" m23="0" m30="0.292018" m31="0.171482" m32="0.746884" m33="1"/>
		<transform name="peon L Thigh" m00="0.322898" m01="-0.274678" m02="-0.905698" m03="0" m10="0.934201" m11="-0.0608619" m12="0.351517" m13="0" m20="-0.151676" m21="-0.959608" m22="0.236952" m23="0" m30="0.0186332" m31="0.168364" m32="0.370539" m33="1"/>
		<transform name="peon L Toe0" m00="0.981547" m01="0.191219" m02="0.000109624" m03="0" m10="-4.67907e-06" m11="-0.000549165" m12="1" m13="0" m20="0.191219" m21="-0.981547" m22="-0.000538174" m23="0" m30="0.0921542" m31="0.137063" m32="0.00526455" m33="1"/>
		<transform name="peon L UpperArm" m00="0.404627" m01="0.634163" m02="-0.658873" m03="0" m10="-0.559148" m11="0.741684" m12="0.370485" m13="0" m20="0.723623" m21="0.218499" m22="0.654696" m23="0" m30="0.0613321" m31="0.0437944" m32="1.04447" m33="1"/>
		<transform name="peon Neck" m00="0.424403" m01="-0.502297" m02="0.753379" m03="0" m10="0.648793" m11="-0.4117" m12="-0.639977" m13="0" m20="0.631625" m21="0.760395" m22="0.151159" m23="0" m30="0.0208722" m31="-0.00482069" m32="1.03485" m33="1"/>
		<transform name="peon Pelvis" m00="0.0121485" m01="0.0865535" m02="0.996173" m03="0" m10="0.840247" m11="-0.540956" m12="0.0367546" m13="0" m20="0.542067" m21="0.836585" m22="-0.0792982" m23="0" m30="-0.0614396" m31="0.0447856" m32="0.382253" m33="1"/>
		<transform name="peon Ponytail1" m00="0.176474" m01="0.86757" m02="-0.46495" m03="0" m10="-0.935684" m11="0.294487" m12="0.194351" m13="0" m20="0.305535" m21="0.400748" m22="0.863741" m23="0" m30="0.167222" m31="-0.0112325" m32="1.36024" m33="1"/>
		<transform name="peon Ponytail2" m00="-0.510366" m01="-0.84698" m02="-0.148837" m03="0" m10="-0.855627" m11="0.482785" m12="0.186604" m13="0" m20="-0.086194" m21="0.222585" m22="-0.971096" m23="0" m30="0.135535" m31="-0.0990821" m32="1.3709" m33="1"/>
		<transform name="peon Prop1" m00="0.992151" m01="-0.123889" m02="0.0169391" m03="0" m10="0.0829951" m11="0.753786" m12="0.651857" m13="0" m20="-0.0935262" m21="-0.645335" m22="0.758153" m23="0" m30="-0.0853121" m31="-0.319641" m32="0.536222" m33="1"/>
		<transform name="peon R Calf" m00="-0.30389" m01="0.290011" m02="-0.907494" m03="0" m10="0.842949" m11="-0.362021" m12="-0.397968" m13="0" m20="-0.443947" m21="-0.885909" m22="-0.13445" m23="0" m30="0.0155037" m31="-0.137868" m32="0.264768" m33="1"/>
		<transform name="peon R Clavicle" m00="-0.631623" m01="-0.760396" m02="-0.151161" m03="0" m10="-0.720792" m11="0.504163" m12="0.475687" m13="0" m20="-0.2855" m21="0.409411" m22="-0.866529" m23="0" m30="0.016133" m31="-0.0106197" m32="1.03365" m33="1"/>
		<transform name="peon R Foot" m00="0.291323" m01="-0.240761" m02="-0.925832" m03="0" m10="0.707957" m11="-0.596635" m12="0.37792" m13="0" m20="-0.643373" m21="-0.765546" m22="-0.00336453" m23="0" m30="-0.0224467" m31="-0.101651" m32="0.151438" m33="1"/>
		<transform name="peon R Forearm" m00="-0.0391413" m01="-0.723096" m02="-0.689637" m03="0" m10="-0.999015" m11="0.0427435" m12="0.0118832" m13="0" m20="0.0208848" m21="0.689423" m22="-0.724057" m23="0" m30="-0.135254" m31="-0.175472" m32="0.905653" m33="1"/>
		<transform name="peon R Hand" m00="-0.0878173" m01="-0.726046" m02="-0.682016" m03="0" m10="0.99295" m11="-0.118519" m12="-0.00168382" m13="0" m20="-0.079609" m21="-0.677356" m22="0.731335" m23="0" m30="-0.143813" m31="-0.333598" m32="0.754844" m33="1"/>
		<transform name="peon R Thigh" m00="0.741531" m01="-0.278995" m02="-0.610159" m03="0" m10="0.503034" m11="-0.370577" m12="0.780788" m13="0" m20="-0.443947" m21="-0.885909" m22="-0.13445" m23="0" m30="-0.141512" m31="-0.0787923" m32="0.393967" m33="1"/>
		<transform name="peon R Toe0" m00="0.707957" m01="-0.596635" m02="0.37792" m03="0" m10="-0.291323" m11="0.240761" m12="0.925832" m13="0" m20="-0.643373" m21="-0.765546" m22="-0.00336453" m23="0" m30="0.0963539" m31="-0.20121" m32="0.0871291" m33="1"/>
		<transform name="peon R UpperArm" m00="-0.5612" m01="-0.591274" m02="-0.579179" m03="0" m10="-0.827416" m11="0.418437" m12="0.374556" m13="0" m20="0.0208848" m21="0.689423" m22="-0.724057" m23="0" m30="-0.0194859" m31="-0.0535004" m32="1.02513" m33="1"/>
		<transform name="peon Spine" m00="0.130877" m01="0.0469425" m02="0.990287" m03="0" m10="0.829547" m11="-0.552165" m12="-0.0834596" m13="0" m20="0.542884" m21="0.832412" m22="-0.111207" m23="0" m30="-0.0852367" m31="0.0662898" m32="0.557727" m33="1"/>
		<transform name="peon Spine1" m00="0.210753" m01="-0.04843" m02="0.976339" m03="0" m10="0.806795" m11="-0.555336" m12="-0.201702" m13="0" m20="0.551964" m21="0.830215" m22="-0.0779658" m23="0" m30="-0.0635926" m31="0.0741648" m32="0.722332" m33="1"/>
		<transform name="peon Spine2" m00="0.286074" m01="-0.409812" m02="0.86615" m03="0" m10="0.720563" m11="-0.503839" m12="-0.476377" m13="0" m20="0.631625" m21="0.760395" m22="0.15116" m23="0" m30="-0.0286663" m31="0.0661857" m32="0.884658" m33="1"/>
	</frame>
	<frame index="2">
		<transform name="peon Head" m00="0.195468" m01="-0.0150204" m02="0.980595" m03="0" m10="0.944096" m11="-0.267778" m12="-0.192294" m13="0" m20="0.265471" m21="0.963363" m22="-0.0381613" m23="0" m30="-0.0371887" m31="-0.01106" m32="1.09651" m33="1"/>
		<transform name="peon L Calf" m00="-0.887296" m01="-0.183007" m02="-0.423338" m03="0" m10="0.460474" m11="-0.300012" m12="-0.835438" m13="0" m20="0.0258845" m21="-0.936216" m22="0.350469" m23="0" m30="0.0859586" m31="0.137058" m32="0.176238" m33="1"/>
		<transform name="peon L Clavicle" m00="0.827069" m01="0.531474" m02="0.183008" m03="0" m10="-0.553947" m11="0.715413" m12="0.425825" m13="0" m20="0.0953885" m21="-0.453563" m22="0.886104" m23="0" m30="-0.0599526" m31="0.0606767" m32="1.0325" m33="1"/>
		<transform name="peon L Finger01" m00="0.483865" m01="-0.86285" m02="0.146166" m03="0" m10="-0.217173" m11="-0.280183" m12="-0.935058" m13="0" m20="0.847768" m21="0.420698" m22="-0.322958" m23="0" m30="0.437692" m31="0.043098" m32="1.00207" m33="1"/>
		<transform name="peon L Finger1" m00="0.888487" m01="-0.289896" m02="-0.355739" m03="0" m10="-0.393854" m11="-0.879567" m12="-0.26691" m13="0" m20="-0.23552" m21="0.377256" m22="-0.895661" m23="0" m30="0.46943" m31="0.142843" m32="0.778745" m33="1"/>
		<transform name="peon L Finger11" m00="0.650042" m01="-0.623949" m02="-0.433743" m03="0" m10="-0.722478" m11="-0.684373" m12="-0.0982795" m13="0" m20="-0.23552" m21="0.377256" m22="-0.895661" m23="0" m30="0.536506" m31="0.120957" m32="0.751889" m33="1"/>
		<transform name="peon L Foot" m00="4.74964e-06" m01="0.000549708" m02="-1" m03="0" m10="0.981547" m11="0.191219" m12="0.000109767" m13="0" m20="0.191219" m21="-0.981547" m22="-0.000538607" m23="0" m30="-0.0248488" m31="0.114204" m32="0.12337" m33="1"/>
		<transform name="peon L Forearm" m00="0.817634" m01="-0.258907" m02="-0.51424" m03="0" m10="0.174411" m11="0.962597" m12="-0.207333" m13="0" m20="0.548686" m21="0.0798336" m22="0.832208" m23="0" m30="0.115378" m31="0.219286" m32="0.945633" m33="1"/>
		<transform name="peon L Hand" m00="0.949468" m01="-0.107411" m02="-0.294911" m03="0" m10="-0.207648" m11="-0.919559" m12="-0.333608" m13="0" m20="-0.235355" m21="0.377988" m22="-0.895395" m23="0" m30="0.294176" m31="0.162669" m32="0.83318" m33="1"/>
		<transform name="peon L Thigh" m00="0.440143" m01="-0.304103" m02="-0.844864" m03="0" m10="0.897555" m11="0.176125" m12="0.404197" m13="0" m20="0.0258845" m21="-0.936216" m22="0.350469" m23="0" m30="-0.00723984" m31="0.201451" m32="0.355134" m33="1"/>
		<transform name="peon L Toe0" m00="0.981547" m01="0.191219" m02="0.000109708" m03="0" m10="-4.69114e-06" m11="-0.000549697" m12="1" m13="0" m20="0.191219" m21="-0.981547" m22="-0.000538607" m23="0" m30="0.0921542" m31="0.137063" m32="0.00526453" m33="1"/>
		<transform name="peon L UpperArm" m00="0.623839" m01="0.62359" m02="-0.471126" m03="0" m10="-0.556568" m11="0.777665" m12="0.292352" m13="0" m20="0.548686" m21="0.0798336" m22="0.832208" m23="0" m30="-0.013312" m31="0.090648" m32="1.04282" m33="1"/>
		<transform name="peon Neck" m00="0.295128" m01="-0.687681" m02="0.663321" m03="0" m10="0.478387" m11="-0.494603" m12="-0.725613" m13="0" m20="0.82707" m21="0.531473" m22="0.183006" m23="0" m30="-0.0662624" m31="0.056685" m32="1.03117" m33="1"/>
		<transform name="peon Pelvis" m00="0.0366946" m01="0.154762" m02="0.98727" m03="0" m10="0.726919" m11="-0.682059" m12="0.0799001" m13="0" m20="0.685742" m21="0.714734" m22="-0.137528" m23="0" m30="-0.108536" m31="0.0958725" m32="0.37545" m33="1"/>
		<transform name="peon Ponytail1" m00="0.104989" m01="0.956323" m02="-0.272806" m03="0" m10="-0.951123" m11="0.176671" m12="0.253282" m13="0" m20="0.290416" m21="0.23288" m22="0.92813" m23="0" m30="0.0731326" m31="0.017258" m32="1.34731" m33="1"/>
		<transform name="peon Ponytail2" m00="-0.474824" m01="-0.870426" m02="-0.130006" m03="0" m10="-0.864307" m11="0.433354" m12="0.255299" m13="0" m20="-0.165881" m21="0.233587" m22="-0.958082" m23="0" m30="0.0481751" m31="-0.0733029" m32="1.3509" m33="1"/>
		<transform name="peon Prop1" m00="0.745188" m01="-0.54666" m02="0.381913" m03="0" m10="0.283618" m11="0.778138" m12="0.560412" m13="0" m20="-0.603536" m21="-0.309295" m22="0.734902" m23="0" m30="-0.215302" m31="-0.278991" m32="0.591227" m33="1"/>
		<transform name="peon R Calf" m00="0.0557825" m01="0.100133" m02="-0.993409" m03="0" m10="0.823538" m11="-0.567157" m12="-0.0109241" m13="0" m20="-0.564512" m21="-0.8175" m22="-0.114101" m23="0" m30="-0.0560958" m31="-0.0999129" m32="0.281466" m33="1"/>
		<transform name="peon R Clavicle" m00="-0.827069" m01="-0.531474" m02="-0.183008" m03="0" m10="-0.553947" m11="0.715413" m12="0.425825" m13="0" m20="-0.0953884" m21="0.453563" m22="-0.886104" m23="0" m30="-0.0724972" m31="0.0526155" m32="1.02972" m33="1"/>
		<transform name="peon R Foot" m00="0.405003" m01="-0.371987" m02="-0.835224" m03="0" m10="0.572047" m11="-0.609525" m12="0.548855" m13="0" m20="-0.713256" m21="-0.700075" m22="-0.034065" m23="0" m30="-0.0491295" m31="-0.0874081" m32="0.157407" m33="1"/>
		<transform name="peon R Forearm" m00="-0.218904" m01="-0.776272" m02="-0.591171" m03="0" m10="-0.898239" m11="0.396962" m12="-0.188646" m13="0" m20="0.381113" m21="0.489717" m22="-0.784175" m23="0" m30="-0.279352" m31="-0.0372925" m32="0.904108" m33="1"/>
		<transform name="peon R Hand" m00="-0.265551" m01="-0.760233" m02="-0.592899" m03="0" m10="0.753429" m11="-0.54734" m12="0.364366" m13="0" m20="-0.60152" m21="-0.349949" m22="0.718129" m23="0" m30="-0.327222" m31="-0.207046" m32="0.774832" m33="1"/>
		<transform name="peon R Thigh" m00="0.72604" m01="-0.426016" m02="-0.539793" m03="0" m10="0.392672" m11="-0.387561" m12="0.834029" m13="0" m20="-0.564512" m21="-0.8175" m22="-0.114101" m23="0" m30="-0.209832" m31="-0.00970581" m32="0.395765" m33="1"/>
		<transform name="peon R Toe0" m00="0.572047" m01="-0.609525" m02="0.548855" m03="0" m10="-0.405003" m11="0.371987" m12="0.835224" m13="0" m20="-0.713256" m21="-0.700075" m22="-0.034065" m23="0" m30="0.0668981" m31="-0.204003" m32="0.124176" m33="1"/>
		<transform name="peon R UpperArm" m00="-0.776659" m01="-0.290551" m02="-0.55891" m03="0" m10="-0.501551" m11="0.822044" m12="0.26961" m13="0" m20="0.381113" m21="0.489717" m22="-0.784175" m23="0" m30="-0.119138" m31="0.0226443" m32="1.0194" m33="1"/>
		<transform name="peon Spine" m00="0.117848" m01="0.0701954" m02="0.990548" m03="0" m10="0.687784" m11="-0.725277" m12="-0.0304304" m13="0" m20="0.716285" m21="0.684869" m22="-0.133752" m23="0" m30="-0.126415" m31="0.134038" m32="0.548779" m33="1"/>
		<transform name="peon Spine1" m00="0.145336" m01="-0.0633921" m02="0.987349" m03="0" m10="0.640499" m11="-0.754579" m12="-0.142728" m13="0" m20="0.754081" m21="0.65314" m22="-0.0690653" m23="0" m30="-0.106914" m31="0.145804" m32="0.71342" m33="1"/>
		<transform name="peon Spine2" m00="0.0958296" m01="-0.454133" m02="0.885765" m03="0" m10="0.553869" m11="-0.715053" m12="-0.426531" m13="0" m20="0.827071" m21="0.531472" m22="0.183007" m23="0" m30="-0.0828364" m31="0.135368" m32="0.877569" m33="1"/>
	</frame>
	<frame index="3">
		<transform name="peon Head" m00="0.213256" m01="-0.0684345" m02="0.974597" m03="0" m10="0.957166" m11="-0.18533" m12="-0.222455" m13="0" m20="0.195846" m21="0.98029" m22="0.0259804" m23="0" m30="-0.094995" m31="0.0233902" m32="1.08732" m33="1"/>
		<transform name="peon L Calf" m00="-0.817191" m01="-0.413275" m02="-0.40175" m03="0" m10="0.527324" m11="-0.254731" m12="-0.810581" m13="0" m20="0.232654" m21="-0.874252" m22="0.426094" m23="0" m30="0.0772038" m31="0.165815" m32="0.173542" m33="1"/>
		<transform name="peon L Clavicle" m00="0.890245" m01="0.405741" m02="0.206973" m03="0" m10="-0.455471" m11="0.796079" m12="0.398503" m13="0" m20="-0.00307751" m21="-0.449035" m22="0.893509" m23="0" m30="-0.109254" m31="0.102601" m32="1.03" m33="1"/>
		<transform name="peon L Finger01" m00="0.369503" m01="-0.844996" m02="0.386587" m03="0" m10="0.00946294" m11="-0.412586" m12="-0.91087" m13="0" m20="0.929181" m21="0.340227" m22="-0.144455" m23="0" m30="0.366894" m31="0.0431545" m32="1.09468" m33="1"/>
		<transform name="peon L Finger1" m00="0.941438" m01="-0.307109" m02="-0.139209" m03="0" m10="-0.336878" m11="-0.874334" m12="-0.34936" m13="0" m20="-0.0144233" m21="0.375797" m22="-0.92659" m23="0" m30="0.453273" m31="0.129519" m32="0.877684" m33="1"/>
		<transform name="peon L Finger11" m00="0.771525" m01="-0.585284" m02="-0.249383" m03="0" m10="-0.636035" m11="-0.718484" m12="-0.281495" m13="0" m20="-0.0144233" m21="0.375797" m22="-0.92659" m23="0" m30="0.524347" m31="0.106334" m32="0.867175" m33="1"/>
		<transform name="peon L Foot" m00="4.93332e-06" m01="0.000550042" m02="-1" m03="0" m10="0.981547" m11="0.191219" m12="0.000110002" m13="0" m20="0.191219" m21="-0.981547" m22="-0.000538938" m23="0" m30="-0.0248488" m31="0.114204" m32="0.12337" m33="1"/>
		<transform name="peon L Forearm" m00="0.843952" m01="-0.398826" m02="-0.358725" m03="0" m10="0.355928" m11="0.916666" m12="-0.181765" m13="0" m20="0.401324" m21="0.0257205" m22="0.915575" m23="0" m30="0.0884694" m31="0.252512" m32="0.973446" m33="1"/>
		<transform name="peon L Hand" m00="0.976538" m01="-0.193835" m02="-0.0938143" m03="0" m10="-0.214872" m11="-0.905904" m12="-0.364922" m13="0" m20="-0.0142522" m21="0.376518" m22="-0.9263" m23="0" m30="0.273023" m31="0.165297" m32="0.895001" m33="1"/>
		<transform name="peon L Thigh" m00="0.496273" m01="-0.270067" m02="-0.825092" m03="0" m10="0.836412" m11="0.40342" m12="0.371036" m13="0" m20="0.232654" m21="-0.874252" m22="0.426094" m23="0" m30="-0.0278801" m31="0.223" m32="0.348252" m33="1"/>
		<transform name="peon L Toe0" m00="0.981547" m01="0.191219" m02="0.000109943" m03="0" m10="-4.87482e-06" m11="-0.00055003" m12="1" m13="0" m20="0.191219" m21="-0.981547" m22="-0.000538938" m23="0" m30="0.0921542" m31="0.137063" m32="0.0052646" m33="1"/>
		<transform name="peon L UpperArm" m00="0.715121" m01="0.615793" m02="-0.330758" m03="0" m10="-0.572312" m11="0.787488" m12="0.228739" m13="0" m20="0.401324" m21="0.0257205" m22="0.915575" m23="0" m30="-0.0590504" m31="0.125482" m32="1.04168" m33="1"/>
		<transform name="peon Neck" m00="0.213594" m01="-0.773226" m02="0.597075" m03="0" m10="0.402292" m11="-0.487336" m12="-0.775025" m13="0" m20="0.890246" m21="0.40574" m22="0.206971" m23="0" m30="-0.116037" m31="0.0995624" m32="1.0285" m33="1"/>
		<transform name="peon Pelvis" m00="0.0527695" m01="0.185253" m02="0.981273" m03="0" m10="0.664045" m11="-0.740414" m12="0.104071" m13="0" m20="0.745828" m21="0.646118" m22="-0.162087" m23="0" m30="-0.138052" m31="0.127558" m32="0.372195" m33="1"/>
		<transform name="peon Ponytail1" m00="0.0358811" m01="0.990806" m02="-0.130446" m03="0" m10="-0.958236" m11="0.0711679" m12="0.276981" m13="0" m20="0.283718" m21="0.11506" m22="0.95198" m23="0" m30="0.0174368" m31="0.0422269" m32="1.33807" m33="1"/>
		<transform name="peon Ponytail2" m00="-0.422474" m01="-0.894526" m02="-0.14608" m03="0" m10="-0.881502" m11="0.368011" m12="0.295842" m13="0" m20="-0.210879" m21="0.253756" m22="-0.944001" m23="0" m30="-0.000976727" m31="-0.04993" m32="1.33562" m33="1"/>
		<transform name="peon Prop1" m00="0.484407" m01="-0.637525" m02="0.599092" m03="0" m10="0.401918" m11="0.770429" m12="0.494875" m13="0" m20="-0.777053" m21="0.0010651" m22="0.629434" m23="0" m30="-0.298983" m31="-0.247797" m32="0.638499" m33="1"/>
		<transform name="peon R Calf" m00="0.342111" m01="-0.13233" m02="-0.930295" m03="0" m10="0.712214" m11="-0.609296" m12="0.348582" m13="0" m20="-0.612952" m21="-0.781823" m22="-0.1142" m23="0" m30="-0.10373" m31="-0.0633744" m32="0.274319" m33="1"/>
		<transform name="peon R Clavicle" m00="-0.890245" m01="-0.405741" m02="-0.206973" m03="0" m10="-0.455471" m11="0.796079" m12="0.398503" m13="0" m20="0.00307758" m21="0.449035" m22="-0.893509" m23="0" m30="-0.122757" m31="0.0964471" m32="1.02687" m33="1"/>
		<transform name="peon R Foot" m00="0.447032" m01="-0.431567" m02="-0.783526" m03="0" m10="0.501168" m11="-0.6047" m12="0.619006" m13="0" m20="-0.740941" m21="-0.669393" m22="-0.0540325" m23="0" m30="-0.0610067" m31="-0.0799" m32="0.158142" m33="1"/>
		<transform name="peon R Forearm" m00="-0.332479" m01="-0.788853" m02="-0.516884" m03="0" m10="-0.778875" m11="0.53871" m12="-0.321161" m13="0" m20="0.5318" m21="0.295809" m22="-0.793528" m23="0" m30="-0.340709" m31="0.0563888" m32="0.89637" m33="1"/>
		<transform name="peon R Hand" m00="-0.374478" m01="-0.764249" m02="-0.525061" m03="0" m10="0.494813" m11="-0.643607" m12="0.583893" m13="0" m20="-0.784172" m21="-0.0411521" m22="0.619177" m23="0" m30="-0.413415" m31="-0.116116" m32="0.783338" m33="1"/>
		<transform name="peon R Thigh" m00="0.68239" m01="-0.450962" m02="-0.575306" m03="0" m10="0.398288" m11="-0.430564" m12="0.809927" m13="0" m20="-0.612952" m21="-0.781823" m22="-0.1142" m23="0" m30="-0.248224" m31="0.0321151" m32="0.396138" m33="1"/>
		<transform name="peon R Toe0" m00="0.501168" m01="-0.6047" m02="0.619006" m03="0" m10="-0.447032" m11="0.431567" m12="0.783526" m13="0" m20="-0.740941" m21="-0.669393" m22="-0.0540325" m23="0" m30="0.0515364" m31="-0.202958" m32="0.13938" m33="1"/>
		<transform name="peon R UpperArm" m00="-0.813186" m01="-0.0832702" m02="-0.576015" m03="0" m10="-0.236468" m11="0.951611" m12="0.196265" m13="0" m20="0.5318" m21="0.295809" m22="-0.793528" m23="0" m30="-0.17296" m31="0.0735663" m32="1.01519" m33="1"/>
		<transform name="peon Spine" m00="0.111374" m01="0.0844696" m02="0.990182" m03="0" m10="0.607347" m11="-0.794436" m12="-0.000542259" m13="0" m20="0.786591" m21="0.601445" m22="-0.139782" m23="0" m30="-0.152041" m31="0.173177" m32="0.544074" m33="1"/>
		<transform name="peon Spine1" m00="0.109098" m01="-0.05995" m02="0.992222" m03="0" m10="0.544301" m11="-0.831634" m12="-0.110095" m13="0" m20="0.831766" m21="0.552078" m22="-0.0580992" m23="0" m30="-0.133603" m31="0.187325" m32="0.70865" m33="1"/>
		<transform name="peon Spine2" m00="-0.00271484" m01="-0.449669" m02="0.893191" m03="0" m10="0.455471" m11="-0.795722" m12="-0.399215" m13="0" m20="0.890246" m21="0.405739" m22="0.206972" m23="0" m30="-0.115534" m31="0.177472" m32="0.873605" m33="1"/>
	</frame>
	<frame index="4">
		<transform name="peon Head" m00="0.217927" m01="-0.082376" m02="0.972482" m03="0" m10="0.959641" m11="-0.163399" m12="-0.22889" m13="0" m20="0.177757" m21="0.983115" m22="0.0434423" m23="0" m30="-0.110501" m31="0.033381" m32="1.08469" m33="1"/>
		<transform name="peon L Calf" m00="-0.777889" m01="-0.503075" m02="-0.376569" m03="0" m10="0.536475" m11="-0.219594" m12="-0.814846" m13="0" m20="0.327236" m21="-0.835879" m22="0.440707" m23="0" m30="0.0722957" m31="0.177029" m32="0.170397" m33="1"/>
		<transform name="peon L Clavicle" m00="0.903362" m01="0.371508" m02="0.214286" m03="0" m10="-0.427875" m11="0.81486" m12="0.391058" m13="0" m20="-0.0293322" m21="-0.444954" m22="0.895073" m23="0" m30="-0.122223" m31="0.114296" m32="1.02921" m33="1"/>
		<transform name="peon L Finger01" m00="0.326188" m01="-0.833862" m02="0.445281" m03="0" m10="0.0613116" m11="-0.451391" m12="-0.890218" m13="0" m20="0.943314" m21="0.317679" m22="-0.0961129" m23="0" m30="0.344231" m31="0.0446092" m32="1.11754" m33="1"/>
		<transform name="peon L Finger1" m00="0.946529" m01="-0.312555" m02="-0.0799489" m03="0" m10="-0.319611" m11="-0.8747" m12="-0.364346" m13="0" m20="0.0439467" m21="0.370416" m22="-0.927826" m23="0" m30="0.444472" m31="0.126165" m32="0.903998" m33="1"/>
		<transform name="peon L Finger11" m00="0.794258" m01="-0.576295" m02="-0.192454" m03="0" m10="-0.60599" m11="-0.728475" m12="-0.319532" m13="0" m20="0.0439467" m21="0.370416" m22="-0.927826" m23="0" m30="0.51593" m31="0.102569" m32="0.897963" m33="1"/>
		<transform name="peon L Foot" m00="4.78001e-06" m01="0.000550088" m02="-1" m03="0" m10="0.981547" m11="0.191219" m12="0.000109868" m13="0" m20="0.191219" m21="-0.981547" m22="-0.00053902" m23="0" m30="-0.0248488" m31="0.114204" m32="0.12337" m33="1"/>
		<transform name="peon L Forearm" m00="0.842186" m01="-0.435691" m02="-0.317642" m03="0" m10="0.401873" m11="0.899978" m12="-0.168933" m13="0" m20="0.359473" m21="0.0146217" m22="0.933041" m23="0" m30="0.080278" m31="0.261499" m32="0.980925" m33="1"/>
		<transform name="peon L Hand" m00="0.975329" m01="-0.217022" m02="-0.0404448" m03="0" m10="-0.216305" m11="-0.902862" m12="-0.371554" m13="0" m20="0.044119" m21="0.371135" m22="-0.92753" m23="0" m30="0.264445" m31="0.166223" m32="0.911464" m33="1"/>
		<transform name="peon L Thigh" m00="0.499304" m01="-0.243006" m02="-0.831651" m03="0" m10="0.802254" m11="0.492193" m12="0.337838" m13="0" m20="0.327236" m21="-0.835879" m22="0.440707" m23="0" m30="-0.03343" m31="0.228485" m32="0.346496" m33="1"/>
		<transform name="peon L Toe0" m00="0.981547" m01="0.191219" m02="0.000109809" m03="0" m10="-4.7215e-06" m11="-0.000550076" m12="1" m13="0" m20="0.191219" m21="-0.981547" m22="-0.00053902" m23="0" m30="0.0921542" m31="0.137063" m32="0.00526457" m33="1"/>
		<transform name="peon L UpperArm" m00="0.734699" m01="0.612025" m02="-0.292649" m03="0" m10="-0.575323" m11="0.790703" m12="0.209264" m13="0" m20="0.359473" m21="0.0146217" m22="0.933041" m23="0" m30="-0.0712804" m31="0.135246" m32="1.04129" m33="1"/>
		<transform name="peon Neck" m00="0.188841" m01="-0.793156" m02="0.579001" m03="0" m10="0.385064" m11="-0.482582" m12="-0.786664" m13="0" m20="0.903363" m21="0.371507" m22="0.214284" m23="0" m30="-0.129104" m31="0.111517" m32="1.02765" m33="1"/>
		<transform name="peon Pelvis" m00="0.05745" m01="0.193008" m02="0.979514" m03="0" m10="0.646635" m11="-0.754711" m12="0.110786" m13="0" m20="0.760633" m21="0.627023" m22="-0.168164" m23="0" m30="-0.145789" m31="0.135863" m32="0.371337" m33="1"/>
		<transform name="peon Ponytail1" m00="0.0179977" m01="0.995587" m02="-0.0920991" m03="0" m10="-0.958739" m11="0.0433231" m12="0.280967" m13="0" m20="0.283717" m21="0.0832423" m22="0.955288" m23="0" m30="0.00244767" m31="0.049688" m32="1.33538" m33="1"/>
		<transform name="peon Ponytail2" m00="-0.408404" m01="-0.900219" m02="-0.151034" m03="0" m10="-0.885407" m11="0.350456" m12="0.305343" m13="0" m20="-0.221945" m21="0.25843" m22="-0.940188" m23="0" m30="-0.0142656" m31="-0.0427357" m32="1.3313" m33="1"/>
		<transform name="peon Prop1" m00="0.410074" m01="-0.638526" m02="0.651248" m03="0" m10="0.434852" m11="0.764543" m12="0.475792" m13="0" m20="-0.801713" m21="0.0880865" m22="0.591183" m23="0" m30="-0.323394" m31="-0.237259" m32="0.652484" m33="1"/>
		<transform name="peon R Calf" m00="0.443212" m01="-0.227993" m02="-0.866938" m03="0" m10="0.643696" m11="-0.592132" m12="0.484805" m13="0" m20="-0.623874" m21="-0.772916" m22="-0.115682" m23="0" m30="-0.118993" m31="-0.0496569" m32="0.266399" m33="1"/>
		<transform name="peon R Clavicle" m00="-0.903362" m01="-0.371508" m02="-0.214286" m03="0" m10="-0.427875" m11="0.81486" m12="0.391058" m13="0" m20="0.0293323" m21="0.444954" m22="-0.895073" m23="0" m30="-0.135925" m31="0.108661" m32="1.02596" m33="1"/>
		<transform name="peon R Foot" m00="0.455598" m01="-0.444898" m02="-0.771036" m03="0" m10="0.484508" m11="-0.602688" m12="0.63405" m13="0" m20="-0.746781" m21="-0.662445" m22="-0.0590269" m23="0" m30="-0.0636434" m31="-0.0781291" m32="0.158134" m33="1"/>
		<transform name="peon R Forearm" m00="-0.365295" m01="-0.788369" m02="-0.495008" m03="0" m10="-0.742477" m11="0.567501" m12="-0.355907" m13="0" m20="0.561504" m21="0.237521" m22="-0.792652" m23="0" m30="-0.354291" m31="0.0818084" m32="0.893507" m33="1"/>
		<transform name="peon R Hand" m00="-0.40574" m01="-0.761868" m02="-0.504908" m03="0" m10="0.420665" m11="-0.646097" m12="0.636868" m13="0" m20="-0.811428" m21="0.0460059" m22="0.582638" m23="0" m30="-0.434173" m31="-0.0905905" m32="0.785259" m33="1"/>
		<transform name="peon R Thigh" m00="0.657178" m01="-0.438721" m02="-0.612896" m03="0" m10="0.422965" m11="-0.458393" m12="0.78165" m13="0" m20="-0.623874" m21="-0.772916" m22="-0.115682" m23="0" m30="-0.258147" m31="0.0432406" m32="0.396178" m33="1"/>
		<transform name="peon R Toe0" m00="0.484508" m01="-0.602688" m02="0.63405" m03="0" m10="-0.455598" m11="0.444898" m12="0.771036" m13="0" m20="-0.746781" m21="-0.662445" m22="-0.0590269" m23="0" m30="0.0479257" m31="-0.202521" m32="0.14264" m33="1"/>
		<transform name="peon R UpperArm" m00="-0.811605" m01="-0.0286129" m02="-0.583505" m03="0" m10="-0.161275" m11="0.970961" m12="0.176707" m13="0" m20="0.561504" m21="0.237521" m22="-0.792652" m23="0" m30="-0.186868" m31="0.0877109" m32="1.01388" m33="1"/>
		<transform name="peon Spine" m00="0.109706" m01="0.0885941" m02="0.990008" m03="0" m10="0.584959" m11="-0.811026" m12="0.00775617" m13="0" m20="0.803609" m21="0.578263" m22="-0.140798" m23="0" m30="-0.158643" m31="0.183379" m32="0.54279" m33="1"/>
		<transform name="peon Spine1" m00="0.0992213" m01="-0.0577983" m02="0.993385" m03="0" m10="0.517425" m11="-0.849733" m12="-0.101122" m13="0" m20="0.849957" m21="0.524036" m22="-0.0544053" m23="0" m30="-0.14048" m31="0.198215" m32="0.707336" m33="1"/>
		<transform name="peon Spine2" m00="-0.0289915" m01="-0.445603" m02="0.894761" m03="0" m10="0.427895" m11="-0.814507" m12="-0.391771" m13="0" m20="0.903363" m21="0.371506" m22="0.214285" m23="0" m30="-0.124049" m31="0.188722" m32="0.872483" m33="1"/>
	</frame>
	<frame index="5">
		<transform name="peon Head" m00="0.211946" m01="-0.080224" m02="0.973983" m03="0" m10="0.943196" m11="-0.244124" m12="-0.225354" m13="0" m20="0.255852" m21="0.96642" m22="0.0239259" m23="0" m30="-0.145985" m31="0.0708988" m32="1.08446" m33="1"/>
		<transform name="peon L Calf" m00="-0.803875" m01="-0.440088" m02="-0.400134" m03="0" m10="0.54538" m11="-0.276895" m12="-0.791132" m13="0" m20="0.237372" m21="-0.854196" m22="0.462604" m23="0" m30="0.0755408" m31="0.169163" m32="0.17334" m33="1"/>
		<transform name="peon L Clavicle" m00="0.94824" m01="0.240403" m02="0.207477" m03="0" m10="-0.301948" m11="0.884885" m12="0.35469" m13="0" m20="-0.098325" m21="-0.398979" m22="0.911673" m23="0" m30="-0.145903" m31="0.151472" m32="1.02728" m33="1"/>
		<transform name="peon L Finger01" m00="0.18168" m01="-0.790761" m02="0.584542" m03="0" m10="0.0994312" m11="-0.576615" m12="-0.810943" m13="0" m20="0.978318" m21="0.205453" m22="-0.0261329" m23="0" m30="0.292568" m31="0.0346411" m32="1.15481" m33="1"/>
		<transform name="peon L Finger1" m00="0.924062" m01="-0.380704" m02="0.0342539" m03="0" m10="-0.345619" m11="-0.870441" m12="-0.350541" m13="0" m20="0.163268" m21="0.312083" m22="-0.935921" m23="0" m30="0.419636" m31="0.0891948" m32="0.945479" m33="1"/>
		<transform name="peon L Finger11" m00="0.791882" m01="-0.607274" m02="-0.0643545" m03="0" m10="-0.588444" m11="-0.730631" m12="-0.346281" m13="0" m20="0.163268" m21="0.312083" m22="-0.935921" m23="0" m30="0.489398" m31="0.0604538" m32="0.948065" m33="1"/>
		<transform name="peon L Foot" m00="4.97217e-06" m01="0.000550072" m02="-1" m03="0" m10="0.981547" m11="0.191219" m12="0.000110052" m13="0" m20="0.191219" m21="-0.981547" m22="-0.000538945" m23="0" m30="-0.0248488" m31="0.114204" m32="0.12337" m33="1"/>
		<transform name="peon L Forearm" m00="0.783162" m01="-0.574853" m02="-0.237068" m03="0" m10="0.547888" m11="0.818231" m12="-0.174117" m13="0" m20="0.294068" m21="0.00647506" m22="0.955763" m23="0" m30="0.0741643" m31="0.275014" m32="0.986974" m33="1"/>
		<transform name="peon L Hand" m00="0.943823" m01="-0.325663" m02="0.0560547" m03="0" m10="-0.28717" m11="-0.892246" m12="-0.348467" m13="0" m20="0.163497" m21="0.312793" m22="-0.935644" m23="0" m30="0.245425" m31="0.149306" m32="0.935133" m33="1"/>
		<transform name="peon L Thigh" m00="0.547463" m01="-0.275752" m02="-0.790091" m03="0" m10="0.802457" m11="0.440805" m12="0.402186" m13="0" m20="0.237372" m21="-0.854196" m22="0.462604" m23="0" m30="-0.0403824" m31="0.227552" m32="0.340639" m33="1"/>
		<transform name="peon L Toe0" m00="0.981547" m01="0.191219" m02="0.000109993" m03="0" m10="-4.91366e-06" m11="-0.000550061" m12="1" m13="0" m20="0.191219" m21="-0.981547" m22="-0.000538945" m23="0" m30="0.0921542" m31="0.137062" m32="0.00526457" m33="1"/>
		<transform name="peon L UpperArm" m00="0.807582" m01="0.533163" m02="-0.252088" m03="0" m10="-0.511209" m11="0.845988" m12="0.151557" m13="0" m20="0.294068" m21="0.00647506" m22="0.955763" m23="0" m30="-0.092429" m31="0.165029" m32="1.03898" m33="1"/>
		<transform name="peon Neck" m00="0.0724082" m01="-0.799835" m02="0.595837" m03="0" m10="0.309186" m11="-0.549974" m12="-0.775843" m13="0" m20="0.948241" m21="0.240402" m22="0.207475" m23="0" m30="-0.153118" m31="0.149692" m32="1.02576" m33="1"/>
