<?xml version="1.0" encoding="ISO-8859-1" standalone="yes"?>
<!DOCTYPE animation [
    <!ELEMENT animation  (frame+)>
    <!ELEMENT frame      (transform+)>
    <!ELEMENT transform   EMPTY>
    <!ATTLIST frame index CDATA #REQUIRED>
    <!ATTLIST transform name CDATA #REQUIRED>
    <!ATTLIST transform m00 CDATA #REQUIRED>
    <!ATTLIST transform m01 CDATA #REQUIRED>
    <!ATTLIST transform m02 CDATA #REQUIRED>
    <!ATTLIST transform m03 CDATA #REQUIRED>
    <!ATTLIST transform m10 CDATA #REQUIRED>
    <!ATTLIST transform m11 CDATA #REQUIRED>
    <!ATTLIST transform m12 CDATA #REQUIRED>
    <!ATTLIST transform m13 CDATA #REQUIRED>
    <!ATTLIST transform m20 CDATA #REQUIRED>
    <!ATTLIST transform m21 CDATA #REQUIRED>
    <!ATTLIST transform m22 CDATA #REQUIRED>
    <!ATTLIST transform m23 CDATA #REQUIRED>
    <!ATTLIST transform m30 CDATA #REQUIRED>
    <!ATTLIST transform m31 CDATA #REQUIRED>
    <!ATTLIST transform m32 CDATA #REQUIRED>
    <!ATTLIST transform m33 CDATA #REQUIRED>
]>

<animation>
    <frame index="0">
        <transform name='peon Pelvis'
            m00='2.936520786533947e-06' m10='-1.3876707498639007e-06' m20='-1.0' m30='-0.003339140908792615'
            m01='-1.0' m11='0.0' m21='-2.936520786533947e-06' m31='0.2050168216228485'
            m02='4.092726157978177e-12' m12='1.0' m22='-1.3876707498639007e-06' m32='0.40532585978507996'
            m03='0.0' m13='0.0' m23='0.0' m33='1.0'/>
        <transform name='peon Spine'
            m00='-0.003522854298353195' m10='5.684341886080801e-13' m20='0.9999938011169434' m30='-0.0033392009790986776'
            m01='0.9999935030937195' m11='-0.0007963174721226096' m21='0.0035228529013693333' m31='0.23019659519195557'
            m02='0.0007963128155097365' m12='0.999999463558197' m22='2.805310714393272e-06' m32='0.5819048285484314'
            m03='0.0' m13='0.0' m23='0.0' m33='1.0'/>
        <transform name='peon L Thigh'
            m00='0.42248690128326416' m10='-0.1174074113368988' m20='-0.8987358808517456' m30='0.14437787234783173'
            m01='0.11145029217004776' m11='-0.9773215651512146' m21='0.18007047474384308' m31='0.20501744747161865'
            m02='-0.8994911909103394' m12='-0.17624084651470184' m22='-0.3998185396194458' m32='0.4053262174129486'
            m03='0.0' m13='0.0' m23='0.0' m33='1.0'/>
        <transform name='peon L Calf'
            m00='-0.01266816258430481' m10='-0.05971771478652954' m20='-0.9981378316879272' m30='0.11951752752065659'
            m01='0.979343831539154' m11='0.20073071122169495' m21='-0.02443443238735199' m31='-0.0019268691539764404'
            m02='0.20181500911712646' m12='-0.9778249263763428' m22='0.05594107508659363' m32='0.3680083751678467'
            m03='0.0' m13='0.0' m23='0.0' m33='1.0'/>
        <transform name='peon L Foot'
            m00='0.0060398634523153305' m10='-0.003741305321455002' m20='0.9999775886535645' m30='0.1120593249797821'
            m01='-0.9996745586395264' m11='0.02485082671046257' m21='0.006126269698143005' m31='0.02314075268805027'
            m02='-0.024872926995158195' m12='-0.9996842741966248' m22='-0.0035900361835956573' m32='0.2458956241607666'
            m03='0.0' m13='0.0' m23='0.0' m33='1.0'/>
        <transform name='peon L Toe0'
            m00='0.003739899955689907' m10='0.00603882223367691' m20='0.9999775886535645' m30='0.11233709007501602'
            m01='-0.024850836023688316' m11='-0.9996745586395264' m21='0.0061251940205693245' m31='-0.09308716654777527'
            m02='0.9996842741966248' m12='-0.024872979149222374' m22='-0.0035886571276932955' m32='0.12484894692897797'
            m03='0.0' m13='0.0' m23='0.0' m33='1.0'/>
        <transform name='peon R Thigh'
            m00='-0.18894416093826294' m10='0.3189047873020172' m20='-0.928765594959259' m30='-0.15105606615543365'
            m01='0.0743943303823471' m11='-0.9384323358535767' m21='-0.3373636305332184' m31='0.2050165832042694'
            m02='-0.9791656732559204' m12='-0.13283705711364746' m22='0.15358591079711914' m32='0.405325710773468'
            m03='0.0' m13='0.0' m23='0.0' m33='1.0'/>
        <transform name='peon R Calf'
            m00='0.2620854675769806' m10='0.14402395486831665' m20='-0.9542399644851685' m30='-0.0835295170545578'
            m01='0.9537572264671326' m11='0.11215739697217941' m21='0.27887582778930664' m31='0.006307212170213461'
            m02='0.14718902111053467' m12='-0.9831977486610413' m22='-0.10796850174665451' m32='0.37719789147377014'
            m03='0.0' m13='0.0' m23='0.0' m33='1.0'/>
        <transform name='peon R Foot'
            m00='-0.2671712040901184' m10='0.04466606304049492' m20='0.9626163244247437' m30='-0.06554388999938965'
            m01='-0.9631628394126892' m11='-0.044217661023139954' m21='-0.26526615023612976' m31='0.020313799381256104'
            m02='0.03071625530719757' m12='-0.9980229139328003' m22='0.054834045469760895' m32='0.2544141411781311'
            m03='0.0' m13='0.0' m23='0.0' m33='1.0'/>
        <transform name='peon R Toe0'
            m00='-0.044667646288871765' m10='-0.26716727018356323' m20='0.9626173377037048' m30='-0.09211397916078568'
            m01='0.044217973947525024' m11='-0.9631639122962952' m21='-0.2652621567249298' m31='-0.09972021728754044'
            m02='0.9980228543281555' m12='0.03071640431880951' m22='0.05483552813529968' m32='0.14019009470939636'
            m03='0.0' m13='0.0' m23='0.0' m33='1.0'/>
        <transform name='peon Spine1'
            m00='-0.011311383917927742' m10='-0.08967240154743195' m20='0.9959070682525635' m30='-0.0033391956239938736'
            m01='0.9995821714401245' m11='-0.027509693056344986' m21='0.008876126259565353' m31='0.2301964908838272'
            m02='0.026601148769259453' m12='0.9955911040306091' m22='0.08994608372449875' m32='0.7480977773666382'
            m03='0.0' m13='0.0' m23='0.0' m33='1.0'/>
        <transform name='peon Spine2'
            m00='-0.023271478712558746' m10='-0.08695488423109055' m20='0.9959403872489929' m30='-0.018245330080389977'
            m01='0.9796440005302429' m11='-0.20067133009433746' m21='0.00537020992487669' m31='0.225759819149971'
            m02='0.19938966631889343' m12='0.9757917523384094' m22='0.08985471725463867' m32='0.9135855436325073'
            m03='0.0' m13='0.0' m23='0.0' m33='1.0'/>
        <transform name='peon Neck'
            m00='-0.06361962109804153' m10='-0.06367655843496323' m20='0.9959406852722168' m30='-0.0333232581615448'
            m01='0.7480610013008118' m11='-0.6636085510253906' m21='0.005356793757528067' m31='0.1910332590341568'
            m02='0.660573422908783' m12='0.7453649640083313' m22='0.08985244482755661' m32='1.0827831029891968'
            m03='0.0' m13='0.0' m23='0.0' m33='1.0'/>
        <transform name='peon R Clavicle'
            m00='0.007732858415693045' m10='-0.9959407448768616' m20='0.0896785631775856' m30='-0.04087134823203087'
            m01='-0.9996289014816284' m11='-0.005356097128242254' m21='0.026713546365499496' m31='0.1909339427947998'
            m02='-0.02612471953034401' m12='-0.08985182642936707' m22='-0.9956122636795044' m32='1.0820503234863281'
            m03='0.0' m13='0.0' m23='0.0' m33='1.0'/>
        <transform name='peon R UpperArm'
            m00='-0.5093070864677429' m10='-0.09345436096191406' m20='-0.8554954528808594' m30='-0.09703510999679565'
            m01='0.21209616959095' m11='-0.9770537614822388' m21='-0.019534902647137642' m31='0.19063177704811096'
            m02='-0.8340392708778381' m12='-0.19139638543128967' m22='0.5174416899681091' m32='1.0769833326339722'
            m03='0.0' m13='0.0' m23='0.0' m33='1.0'/>
        <transform name='peon R Forearm'
            m00='-0.5080587863922119' m10='-0.10860063880681992' m20='-0.8544484376907349' m30='-0.11630921810865402'
            m01='0.2516966760158539' m11='-0.9674380421638489' m21='-0.026698142290115356' m31='-0.010920912027359009'
            m02='-0.8237263560295105' m12='-0.22862586379051208' m22='0.5188498497009277' m32='1.0374982357025146'
            m03='0.0' m13='0.0' m23='0.0' m33='1.0'/>
        <transform name='peon R Hand'
            m00='0.3849133253097534' m10='-0.0828399658203125' m20='-0.9192274808883667' m30='-0.14005981385707855'
            m01='0.14263181388378143' m11='-0.9786602258682251' m21='0.14792115986347198' m31='-0.22247883677482605'
            m02='-0.9118651151657104' m12='-0.18804773688316345' m22='-0.3648836612701416' m32='0.9875038266181946'
            m03='0.0' m13='0.0' m23='0.0' m33='1.0'/>
        <transform name='peon Prop1'
            m00='0.7122551798820496' m10='-0.6817401647567749' m20='-0.16710075736045837' m30='0.12660002708435059'
            m01='0.6711503267288208' m11='0.7311655282974243' m21='-0.12228953838348389' m31='0.38847044110298157'
            m02='0.2055477797985077' m12='-0.02504831552505493' m22='0.9783264994621277' m32='0.6468538641929626'
            m03='0.0' m13='0.0' m23='0.0' m33='1.0'/>
        <transform name='peon Head'
            m00='0.007731385994702578' m10='-0.08967859297990799' m20='-0.9959407448768616' m30='-0.03959668427705765'
            m01='-0.9996289610862732' m11='-0.026712384074926376' m21='-0.005354723427444696' m31='0.1256595402956009'
            m02='-0.0261236522346735' m12='0.9956122040748596' m22='-0.08985181897878647' m32='1.1562163829803467'
            m03='0.0' m13='0.0' m23='0.0' m33='1.0'/>
        <transform name='peon Ponytail2'
            m00='-0.00461183674633503' m10='-0.8648618459701538' m20='0.5019888281822205' m30='-0.10996736586093903'
            m01='-0.9994272589683533' m11='0.020818090066313744' m21='0.026685014367103577' m31='0.06994705647230148'
            m02='-0.03352919965982437' m12='-0.5015780329704285' m22='-0.8644621968269348' m32='1.4166297912597656'
            m03='0.0' m13='0.0' m23='0.0' m33='1.0'/>
        <transform name='peon Ponytail1'
            m00='0.021200284361839294' m10='0.940394937992096' m20='0.33942243456840515' m30='-0.01637951284646988'
            m01='-0.9992884397506714' m11='0.030526669695973396' m21='-0.022160951048135757' m31='0.07045023888349533'
            m02='-0.03120139241218567' m12='-0.3387111723423004' m22='0.9403725266456604' m32='1.4250731468200684'
            m03='0.0' m13='0.0' m23='0.0' m33='1.0'/>
        <transform name='peon L Clavicle'
            m00='0.007732854690402746' m10='0.9959407448768616' m20='-0.0896785706281662' m30='-0.02576528862118721'
            m01='-0.9996289014816284' m11='0.005356097128242254' m21='-0.02671348676085472' m31='0.19101516902446747'
            m02='-0.02612468972802162' m12='0.08985182642936707' m22='0.9956123232841492' m32='1.0834131240844727'
            m03='0.0' m13='0.0' m23='0.0' m33='1.0'/>
        <transform name='peon L UpperArm'
            m00='-0.4736267328262329' m10='0.6926887035369873' m20='-0.543930172920227' m30='0.030398380011320114'
            m01='0.29066136479377747' m11='-0.46005451679229736' m21='-0.8389672040939331' m31='0.1913173794746399'
            m02='-0.8313804864883423' m12='-0.5554566979408264' m22='0.016556255519390106' m32='1.0884801149368286'
            m03='0.0' m13='0.0' m23='0.0' m33='1.0'/>
        <transform name='peon L Forearm'
            m00='-0.3959116041660309' m10='0.33550316095352173' m20='-0.854805052280426' m30='0.17328964173793793'
            m01='0.30078163743019104' m11='-0.8321373462677002' m21='-0.46591633558273315' m31='0.0964127704501152'
            m02='-0.8676313161849976' m12='-0.44157129526138306' m22='0.2285396307706833' m32='0.9738969802856445'
            m03='0.0' m13='0.0' m23='0.0' m33='1.0'/>
        <transform name='peon L Hand'
            m00='-0.4047403335571289' m10='0.2919364869594574' m20='0.8665784597396851' m30='0.246656134724617'
            m01='-0.49088600277900696' m11='-0.8689103722572327' m21='0.063450887799263' m31='-0.0855572521686554'
            m02='0.7715023756027222' m12='-0.39971014857292175' m22='0.4949903190135956' m32='0.8773354887962341'
            m03='0.0' m13='0.0' m23='0.0' m33='1.0'/>
        <transform name='peon L Finger1'
            m00='-0.37210068106651306' m10='0.291936457157135' m20='0.8810868263244629' m30='0.3005387485027313'
            m01='-0.4881744682788849' m11='-0.8689103126525879' m21='0.08173596858978271' m31='-0.24594351649284363'
            m02='0.7894468903541565' m12='-0.39971011877059937' m22='0.4658377766609192' m32='0.8035576939582825'
            m03='0.0' m13='0.0' m23='0.0' m33='1.0'/>
        <transform name='peon L Finger11'
            m00='0.5636702179908752' m10='-0.13908159732818604' m20='0.8142063617706299' m30='0.322579562664032'
            m01='-0.7940894365310669' m11='-0.3625825345516205' m21='0.4878074526786804' m31='-0.3115402162075043'
            m02='0.22737178206443787' m12='-0.9215148687362671' m22='-0.3148201107978821' m32='0.7733815312385559'
            m03='0.0' m13='0.0' m23='0.0' m33='1.0'/>
        <transform name='peon L Finger01'
            m00='0.7482150793075562' m10='-0.6521469950675964' m20='-0.12197640538215637' m30='0.06862053275108337'
            m01='-0.360257625579834' m11='-0.5537410378456116' m21='0.7507233023643494' m31='-0.26286497712135315'
            m02='-0.5571253299713135' m12='-0.5177592039108276' m22='-0.649258017539978' m32='0.879116952419281'
            m03='0.0' m13='0.0' m23='0.0' m33='1.0'/>
    </frame>
    <frame index="1">
        <transform name='peon Pelvis'
            m00='2.936520786533947e-06' m10='-1.3876707498639007e-06' m20='-1.0' m30='-0.003339140908792615'
            m01='-1.0' m11='0.0' m21='-2.936520786533947e-06' m31='0.2050168216228485'
            m02='4.092726157978177e-12' m12='1.0' m22='-1.3876707498639007e-06' m32='0.40532585978507996'
            m03='0.0' m13='0.0' m23='0.0' m33='1.0'/>
        <transform name='peon Spine'
            m00='-0.003522854298353195' m10='5.684341886080801e-13' m20='0.9999938011169434' m30='-0.0033392009790986776'
            m01='0.9999935030937195' m11='-0.0007963174721226096' m21='0.0035228529013693333' m31='0.23019659519195557'
            m02='0.0007963128155097365' m12='0.999999463558197' m22='2.805310714393272e-06' m32='0.5819048285484314'
            m03='0.0' m13='0.0' m23='0.0' m33='1.0'/>
        <transform name='peon L Thigh'
            m00='0.42248690128326416' m10='-0.1174074113368988' m20='-0.8987358808517456' m30='0.14437787234783173'
            m01='0.11145029217004776' m11='-0.9773215651512146' m21='0.18007047474384308' m31='0.20501744747161865'
            m02='-0.8994911909103394' m12='-0.17624084651470184' m22='-0.3998185396194458' m32='0.4053262174129486'
            m03='0.0' m13='0.0' m23='0.0' m33='1.0'/>
        <transform name='peon L Calf'
            m00='-0.01266816258430481' m10='-0.05971771478652954' m20='-0.9981378316879272' m30='0.11951752752065659'
            m01='0.979343831539154' m11='0.20073071122169495' m21='-0.02443443238735199' m31='-0.0019268691539764404'
            m02='0.20181500911712646' m12='-0.9778249263763428' m22='0.05594107508659363' m32='0.3680083751678467'
            m03='0.0' m13='0.0' m23='0.0' m33='1.0'/>
        <transform name='peon L Foot'
            m00='0.0060398634523153305' m10='-0.003741305321455002' m20='0.9999775886535645' m30='0.1120593249797821'
            m01='-0.9996745586395264' m11='0.02485082671046257' m21='0.006126269698143005' m31='0.02314075268805027'
            m02='-0.024872926995158195' m12='-0.9996842741966248' m22='-0.0035900361835956573' m32='0.2458956241607666'
            m03='0.0' m13='0.0' m23='0.0' m33='1.0'/>
        <transform name='peon L Toe0'
            m00='0.003739899955689907' m10='0.00603882223367691' m20='0.9999775886535645' m30='0.11233709007501602'
            m01='-0.024850836023688316' m11='-0.9996745586395264' m21='0.0061251940205693245' m31='-0.09308716654777527'
            m02='0.9996842741966248' m12='-0.024872979149222374' m22='-0.0035886571276932955' m32='0.12484894692897797'
            m03='0.0' m13='0.0' m23='0.0' m33='1.0'/>
        <transform name='peon R Thigh'
            m00='-0.18894416093826294' m10='0.3189047873020172' m20='-0.928765594959259' m30='-0.15105606615543365'
            m01='0.0743943303823471' m11='-0.9384323358535767' m21='-0.3373636305332184' m31='0.2050165832042694'
            m02='-0.9791656732559204' m12='-0.13283705711364746' m22='0.15358591079711914' m32='0.405325710773468'
            m03='0.0' m13='0.0' m23='0.0' m33='1.0'/>
        <transform name='peon R Calf'
            m00='0.2620854675769806' m10='0.14402395486831665' m20='-0.9542399644851685' m30='-0.0835295170545578'
            m01='0.9537572264671326' m11='0.11215739697217941' m21='0.27887582778930664' m31='0.006307212170213461'
            m02='0.14718902111053467' m12='-0.9831977486610413' m22='-0.10796850174665451' m32='0.37719789147377014'
            m03='0.0' m13='0.0' m23='0.0' m33='1.0'/>
        <transform name='peon R Foot'
            m00='-0.2671712040901184' m10='0.04466606304049492' m20='0.9626163244247437' m30='-0.06554388999938965'
            m01='-0.9631628394126892' m11='-0.044217661023139954' m21='-0.26526615023612976' m31='0.020313799381256104'
            m02='0.03071625530719757' m12='-0.9980229139328003' m22='0.054834045469760895' m32='0.2544141411781311'
            m03='0.0' m13='0.0' m23='0.0' m33='1.0'/>
        <transform name='peon R Toe0'
            m00='-0.044667646288871765' m10='-0.26716727018356323' m20='0.9626173377037048' m30='-0.09211397916078568'
            m01='0.044217973947525024' m11='-0.9631639122962952' m21='-0.2652621567249298' m31='-0.09972021728754044'
            m02='0.9980228543281555' m12='0.03071640431880951' m22='0.05483552813529968' m32='0.14019009470939636'
            m03='0.0' m13='0.0' m23='0.0' m33='1.0'/>
        <transform name='peon Spine1'
            m00='-0.011311383917927742' m10='-0.08967240154743195' m20='0.9959070682525635' m30='-0.0033391956239938736'
            m01='0.9995821714401245' m11='-0.027509693056344986' m21='0.008876126259565353' m31='0.2301964908838272'
            m02='0.026601148769259453' m12='0.9955911040306091' m22='0.08994608372449875' m32='0.7480977773666382'
            m03='0.0' m13='0.0' m23='0.0' m33='1.0'/>
        <transform name='peon Spine2'
            m00='-0.023271478712558746' m10='-0.08695488423109055' m20='0.9959403872489929' m30='-0.018245330080389977'
            m01='0.9796440005302429' m11='-0.20067133009433746' m21='0.00537020992487669' m31='0.225759819149971'
            m02='0.19938966631889343' m12='0.9757917523384094' m22='0.08985471725463867' m32='0.9135855436325073'
            m03='0.0' m13='0.0' m23='0.0' m33='1.0'/>
        <transform name='peon Neck'
            m00='-0.06361962109804153' m10='-0.06367655843496323' m20='0.9959406852722168' m30='-0.0333232581615448'
            m01='0.7480610013008118' m11='-0.6636085510253906' m21='0.005356793757528067' m31='0.1910332590341568'
            m02='0.660573422908783' m12='0.7453649640083313' m22='0.08985244482755661' m32='1.0827831029891968'
            m03='0.0' m13='0.0' m23='0.0' m33='1.0'/>
        <transform name='peon R Clavicle'
            m00='0.007732858415693045' m10='-0.9959407448768616' m20='0.0896785631775856' m30='-0.04087134823203087'
            m01='-0.9996289014816284' m11='-0.005356097128242254' m21='0.026713546365499496' m31='0.1909339427947998'
            m02='-0.02612471953034401' m12='-0.08985182642936707' m22='-0.9956122636795044' m32='1.0820503234863281'
            m03='0.0' m13='0.0' m23='0.0' m33='1.0'/>
        <transform name='peon R UpperArm'
            m00='-0.5093070864677429' m10='-0.09345436096191406' m20='-0.8554954528808594' m30='-0.09703510999679565'
            m01='0.21209616959095' m11='-0.9770537614822388' m21='-0.019534902647137642' m31='0.19063177704811096'
            m02='-0.8340392708778381' m12='-0.19139638543128967' m22='0.5174416899681091' m32='1.0769833326339722'
            m03='0.0' m13='0.0' m23='0.0' m33='1.0'/>
        <transform name='peon R Forearm'
            m00='-0.5080587863922119' m10='-0.10860063880681992' m20='-0.8544484376907349' m30='-0.11630921810865402'
            m01='0.2516966760158539' m11='-0.9674380421638489' m21='-0.026698142290115356' m31='-0.010920912027359009'
            m02='-0.8237263560295105' m12='-0.22862586379051208' m22='0.5188498497009277' m32='1.0374982357025146'
            m03='0.0' m13='0.0' m23='0.0' m33='1.0'/>
        <transform name='peon R Hand'
            m00='0.3849133253097534' m10='-0.0828399658203125' m20='-0.9192274808883667' m30='-0.14005981385707855'
            m01='0.14263181388378143' m11='-0.9786602258682251' m21='0.14792115986347198' m31='-0.22247883677482605'
            m02='-0.9118651151657104' m12='-0.18804773688316345' m22='-0.3648836612701416' m32='0.9875038266181946'
            m03='0.0' m13='0.0' m23='0.0' m33='1.0'/>
        <transform name='peon Prop1'
            m00='0.7122551798820496' m10='-0.6817401647567749' m20='-0.16710075736045837' m30='0.12660002708435059'
            m01='0.6711503267288208' m11='0.7311655282974243' m21='-0.12228953838348389' m31='0.38847044110298157'
            m02='0.2055477797985077' m12='-0.02504831552505493' m22='0.9783264994621277' m32='0.6468538641929626'
            m03='0.0' m13='0.0' m23='0.0' m33='1.0'/>
        <transform name='peon Head'
            m00='0.007731385994702578' m10='-0.08967859297990799' m20='-0.9959407448768616' m30='-0.03959668427705765'
            m01='-0.9996289610862732' m11='-0.026712384074926376' m21='-0.005354723427444696' m31='0.1256595402956009'
            m02='-0.0261236522346735' m12='0.9956122040748596' m22='-0.08985181897878647' m32='1.1562163829803467'
            m03='0.0' m13='0.0' m23='0.0' m33='1.0'/>
        <transform name='peon Ponytail2'
            m00='-0.00461183674633503' m10='-0.8648618459701538' m20='0.5019888281822205' m30='-0.10996736586093903'
            m01='-0.9994272589683533' m11='0.020818090066313744' m21='0.026685014367103577' m31='0.06994705647230148'
            m02='-0.03352919965982437' m12='-0.5015780329704285' m22='-0.8644621968269348' m32='1.4166297912597656'
            m03='0.0' m13='0.0' m23='0.0' m33='1.0'/>
        <transform name='peon Ponytail1'
            m00='0.021200284361839294' m10='0.940394937992096' m20='0.33942243456840515' m30='-0.01637951284646988'
            m01='-0.9992884397506714' m11='0.030526669695973396' m21='-0.022160951048135757' m31='0.07045023888349533'
            m02='-0.03120139241218567' m12='-0.3387111723423004' m22='0.9403725266456604' m32='1.4250731468200684'
            m03='0.0' m13='0.0' m23='0.0' m33='1.0'/>
        <transform name='peon L Clavicle'
            m00='0.007732854690402746' m10='0.9959407448768616' m20='-0.0896785706281662' m30='-0.02576528862118721'
            m01='-0.9996289014816284' m11='0.005356097128242254' m21='-0.02671348676085472' m31='0.19101516902446747'
            m02='-0.02612468972802162' m12='0.08985182642936707' m22='0.9956123232841492' m32='1.0834131240844727'
            m03='0.0' m13='0.0' m23='0.0' m33='1.0'/>
        <transform name='peon L UpperArm'
            m00='-0.4736267328262329' m10='0.6926887035369873' m20='-0.543930172920227' m30='0.030398380011320114'
            m01='0.29066136479377747' m11='-0.46005451679229736' m21='-0.8389672040939331' m31='0.1913173794746399'
            m02='-0.8313804864883423' m12='-0.5554566979408264' m22='0.016556255519390106' m32='1.0884801149368286'
            m03='0.0' m13='0.0' m23='0.0' m33='1.0'/>
        <transform name='peon L Forearm'
            m00='-0.3959116041660309' m10='0.33550316095352173' m20='-0.854805052280426' m30='0.17328964173793793'
            m01='0.30078163743019104' m11='-0.8321373462677002' m21='-0.46591633558273315' m31='0.0964127704501152'
            m02='-0.8676313161849976' m12='-0.44157129526138306' m22='0.2285396307706833' m32='0.9738969802856445'
            m03='0.0' m13='0.0' m23='0.0' m33='1.0'/>
        <transform name='peon L Hand'
            m00='-0.4047403335571289' m10='0.2919364869594574' m20='0.8665784597396851' m30='0.246656134724617'
            m01='-0.49088600277900696' m11='-0.8689103722572327' m21='0.063450887799263' m31='-0.0855572521686554'
            m02='0.7715023756027222' m12='-0.39971014857292175' m22='0.4949903190135956' m32='0.8773354887962341'
            m03='0.0' m13='0.0' m23='0.0' m33='1.0'/>
        <transform name='peon L Finger1'
            m00='-0.37210068106651306' m10='0.291936457157135' m20='0.8810868263244629' m30='0.3005387485027313'
            m01='-0.4881744682788849' m11='-0.8689103126525879' m21='0.08173596858978271' m31='-0.24594351649284363'
            m02='0.7894468903541565' m12='-0.39971011877059937' m22='0.4658377766609192' m32='0.8035576939582825'
            m03='0.0' m13='0.0' m23='0.0' m33='1.0'/>
        <transform name='peon L Finger11'
            m00='0.5636702179908752' m10='-0.13908159732818604' m20='0.8142063617706299' m30='0.322579562664032'
            m01='-0.7940894365310669' m11='-0.3625825345516205' m21='0.4878074526786804' m31='-0.3115402162075043'
            m02='0.22737178206443787' m12='-0.9215148687362671' m22='-0.3148201107978821' m32='0.7733815312385559'
            m03='0.0' m13='0.0' m23='0.0' m33='1.0'/>
        <transform name='peon L Finger01'
            m00='0.7482150793075562' m10='-0.6521469950675964' m20='-0.12197640538215637' m30='0.06862053275108337'
            m01='-0.360257625579834' m11='-0.5537410378456116' m21='0.7507233023643494' m31='-0.26286497712135315'
            m02='-0.5571253299713135' m12='-0.5177592039108276' m22='-0.649258017539978' m32='0.879116952419281'
            m03='0.0' m13='0.0' m23='0.0' m33='1.0'/>
    </frame>
    <frame index="2">
        <transform name='peon Pelvis'
            m00='2.936520786533947e-06' m10='-1.3876707498639007e-06' m20='-1.0' m30='-0.003339140908792615'
            m01='-1.0' m11='0.0' m21='-2.936520786533947e-06' m31='0.2050168216228485'
            m02='4.092726157978177e-12' m12='1.0' m22='-1.3876707498639007e-06' m32='0.40532585978507996'
            m03='0.0' m13='0.0' m23='0.0' m33='1.0'/>
        <transform name='peon Spine'
            m00='-0.003522854298353195' m10='5.684341886080801e-13' m20='0.9999938011169434' m30='-0.0033392009790986776'
            m01='0.9999935030937195' m11='-0.0007963174721226096' m21='0.0035228529013693333' m31='0.23019659519195557'
            m02='0.0007963128155097365' m12='0.999999463558197' m22='2.805310714393272e-06' m32='0.5819048285484314'
            m03='0.0' m13='0.0' m23='0.0' m33='1.0'/>
        <transform name='peon L Thigh'
            m00='0.42248690128326416' m10='-0.1174074113368988' m20='-0.8987358808517456' m30='0.14437787234783173'
            m01='0.11145029217004776' m11='-0.9773215651512146' m21='0.18007047474384308' m31='0.20501744747161865'
            m02='-0.8994911909103394' m12='-0.17624084651470184' m22='-0.3998185396194458' m32='0.4053262174129486'
            m03='0.0' m13='0.0' m23='0.0' m33='1.0'/>
        <transform name='peon L Calf'
            m00='-0.012819550931453705' m10='-0.059188514947891235' m20='-0.9981673955917358' m30='0.11951752752065659'
            m01='0.9792993664741516' m11='0.2009407877922058' m21='-0.02448776364326477' m31='-0.0019268691539764404'
            m02='0.20202088356018066' m12='-0.9778137803077698' m22='0.05538707971572876' m32='0.3680083751678467'
            m03='0.0' m13='0.0' m23='0.0' m33='1.0'/>
        <transform name='peon L Foot'
            m00='0.006094831973314285' m10='-0.0031928345561027527' m20='0.9999791383743286' m30='0.11212541908025742'
            m01='-0.9996687769889832' m11='0.025067979469895363' m21='0.006168298423290253' m31='0.023166988044977188'
            m02='-0.02508693002164364' m12='-0.9996806383132935' m22='-0.003039024770259857' m32='0.24589702486991882'
            m03='0.0' m13='0.0' m23='0.0' m33='1.0'/>
        <transform name='peon L Toe0'
            m00='0.003191429190337658' m10='0.006093790754675865' m20='0.9999791383743286' m30='0.11247451603412628'
            m01='-0.02506798878312111' m11='-0.9996687769889832' m21='0.0061672222800552845' m31='-0.09303459525108337'
            m02='0.9996806383132935' m12='-0.025086982175707817' m22='-0.003037645947188139' m32='0.12482526898384094'
            m03='0.0' m13='0.0' m23='0.0' m33='1.0'/>
        <transform name='peon R Thigh'
            m00='-0.18894416093826294' m10='0.3189047873020172' m20='-0.928765594959259' m30='-0.15105606615543365'
            m01='0.0743943303823471' m11='-0.9384323358535767' m21='-0.3373636305332184' m31='0.2050165832042694'
            m02='-0.9791656732559204' m12='-0.13283705711364746' m22='0.15358591079711914' m32='0.405325710773468'
            m03='0.0' m13='0.0' m23='0.0' m33='1.0'/>
        <transform name='peon R Calf'
            m00='0.2623331546783447' m10='0.14291943609714508' m20='-0.954338014125824' m30='-0.0835295170545578'
            m01='0.9538008570671082' m11='0.11170438677072525' m21='0.2789090871810913' m31='0.006307212170213461'
            m02='0.14646446704864502' m12='-0.9834105968475342' m22='-0.10701246559619904' m32='0.37719789147377014'
            m03='0.0' m13='0.0' m23='0.0' m33='1.0'/>
        <transform name='peon R Foot'
            m00='-0.26721811294555664' m10='0.04353150352835655' m20='0.9626553058624268' m30='-0.0656818374991417'
            m01='-0.9631262421607971' m11='-0.04466882348060608' m21='-0.2653239369392395' m31='0.02025722712278366'
            m02='0.03145068511366844' m12='-0.9980530738830566' m22='0.053862445056438446' m32='0.2543875575065613'
            m03='0.0' m13='0.0' m23='0.0' m33='1.0'/>
        <transform name='peon R Toe0'
            m00='-0.0435330867767334' m10='-0.26721417903900146' m20='0.9626563191413879' m30='-0.09239153563976288'
            m01='0.04466913640499115' m11='-0.9631273150444031' m21='-0.26531994342803955' m31='-0.09982571750879288'
            m02='0.9980530142784119' m12='0.03145083039999008' m22='0.053863923996686935' m32='0.14024749398231506'
            m03='0.0' m13='0.0' m23='0.0' m33='1.0'/>
        <transform name='peon Spine1'
            m00='-0.011289916932582855' m10='-0.08945789188146591' m20='0.9959266185760498' m30='-0.0033391956239938736'
            m01='0.9995840191841125' m11='-0.027445020154118538' m21='0.008866162970662117' m31='0.2301964908838272'
            m02='0.02654007263481617' m12='0.9956122040748596' m22='0.08973051607608795' m32='0.7480977773666382'
            m03='0.0' m13='0.0' m23='0.0' m33='1.0'/>
        <transform name='peon Spine2'
            m00='-0.023273207247257233' m10='-0.08696101605892181' m20='0.9959398508071899' m30='-0.0182096716016531'
            m01='0.9796436429023743' m11='-0.2006732076406479' m21='0.005370506085455418' m31='0.22577056288719177'
            m02='0.19939136505126953' m12='0.975790798664093' m22='0.08986109495162964' m32='0.9135890603065491'
            m03='0.0' m13='0.0' m23='0.0' m33='1.0'/>
        <transform name='peon Neck'
            m00='-0.06362418085336685' m10='-0.06368101388216019' m20='0.9959401488304138' m30='-0.03328866511583328'
            m01='0.7480596899986267' m11='-0.6636099815368652' m21='0.005357089918106794' m31='0.1910436749458313'
            m02='0.6605743765830994' m12='0.7453633546829224' m22='0.08985882252454758' m32='1.0827865600585938'
            m03='0.0' m13='0.0' m23='0.0' m33='1.0'/>
        <transform name='peon R Clavicle'
            m00='0.007733480539172888' m10='-0.9959402084350586' m20='0.08968491107225418' m30='-0.04083675146102905'
            m01='-0.9996288418769836' m11='-0.005356393288820982' m21='0.02671545371413231' m31='0.1909443587064743'
            m02='-0.02612653747200966' m12='-0.08985820412635803' m22='-0.9956116080284119' m32='1.0820536613464355'
            m03='0.0' m13='0.0' m23='0.0' m33='1.0'/>
        <transform name='peon R UpperArm'
            m00='-0.5095102190971375' m10='-0.09326229244470596' m20='-0.8553955554962158' m30='-0.09700048714876175'
            m01='0.21224455535411835' m11='-0.9770141839981079' m21='-0.019899575039744377' m31='0.19064217805862427'
            m02='-0.833877444267273' m12='-0.1916918307542801' m22='0.5175930857658386' m32='1.076986312866211'
            m03='0.0' m13='0.0' m23='0.0' m33='1.0'/>
        <transform name='peon R Forearm'
            m00='-0.5082692503929138' m10='-0.10841767489910126' m20='-0.8543465733528137' m30='-0.11623497307300568'
            m01='0.25184205174446106' m11='-0.9673900604248047' m21='-0.027063021436333656' m31='-0.010902345180511475'
            m02='-0.823552131652832' m12='-0.22891542315483093' m22='0.5189987421035767' m32='1.037440299987793'
            m03='0.0' m13='0.0' m23='0.0' m33='1.0'/>
        <transform name='peon R Hand'
            m00='0.3847251236438751' m10='-0.08263929933309555' m20='-0.9193244576454163' m30='-0.13994556665420532'
            m01='0.14301589131355286' m11='-0.9786195158958435' m21='0.1478198766708374' m31='-0.22244977951049805'
            m02='-0.9118843674659729' m12='-0.18834778666496277' m22='-0.3646806478500366' m32='0.9873825907707214'
            m03='0.0' m13='0.0' m23='0.0' m33='1.0'/>
        <transform name='peon Prop1'
            m00='0.7115222215652466' m10='-0.6825849413871765' m20='-0.16677498817443848' m30='0.12660425901412964'
            m01='0.6720422506332397' m11='0.7303725481033325' m21='-0.12212976813316345' m31='0.3884369730949402'
            m02='0.20517149567604065' m12='-0.02518177032470703' m22='0.9784019589424133' m32='0.6468092203140259'
            m03='0.0' m13='0.0' m23='0.0' m33='1.0'/>
        <transform name='peon Head'
            m00='0.009161862544715405' m10='-0.08955036103725433' m20='-0.9959402084350586' m30='-0.03956253081560135'
            m01='-0.9996052980422974' m11='-0.02727675251662731' m21='-0.006742989178746939' m31='0.12566982209682465'
            m02='-0.026562074199318886' m12='0.9956084489822388' m22='-0.08976491540670395' m32='1.1562196016311646'
            m03='0.0' m13='0.0' m23='0.0' m33='1.0'/>
        <transform name='peon Ponytail2'
            m00='-0.003782763844355941' m10='-0.8652696013450623' m20='0.5012927651405334' m30='-0.10982978343963623'
            m01='-0.9994233846664429' m11='0.020190168172121048' m21='0.027308132499456406' m31='0.06974253058433533'
            m02='-0.03374997526407242' m12='-0.500900149345398' m22='-0.8648464679718018' m32='1.4166150093078613'
            m03='0.0' m13='0.0' m23='0.0' m33='1.0'/>
        <transform name='peon Ponytail1'
            m00='0.02310427464544773' m10='0.9404895901679993' m20='0.3390360176563263' m30='-0.016241978853940964'
            m01='-0.9992274045944214' m11='0.03251060098409653' m21='-0.022090401500463486' m31='0.07037615776062012'
            m02='-0.03179796040058136' m12='-0.33826372027397156' m22='0.9405136108398438' m32='1.4250502586364746'
            m03='0.0' m13='0.0' m23='0.0' m33='1.0'/>
        <transform name='peon L Clavicle'
            m00='0.007733476813882589' m10='0.9959402084350586' m20='-0.08968491852283478' m30='-0.02573069930076599'
            m01='-0.9996289014816284' m11='0.005356393288820982' m21='-0.02671542391180992' m31='0.19102558493614197'
            m02='-0.026126477867364883' m12='0.08985820412635803' m22='0.9956116676330566' m32='1.0834167003631592'
            m03='0.0' m13='0.0' m23='0.0' m33='1.0'/>
        <transform name='peon L UpperArm'
            m00='-0.4739604890346527' m10='0.6926934719085693' m20='-0.5436332821846008' m30='0.030432939529418945'
            m01='0.2909892797470093' m11='-0.45948368310928345' m21='-0.8391664028167725' m31='0.19132781028747559'
            m02='-0.8310756087303162' m12='-0.5559229254722595' m22='0.01621079444885254' m32='1.0884840488433838'
            m03='0.0' m13='0.0' m23='0.0' m33='1.0'/>
        <transform name='peon L Forearm'
            m00='-0.3961159884929657' m10='0.335462361574173' m20='-0.8547263145446777' m30='0.17332518100738525'
            m01='0.3008723258972168' m11='-0.8320567607879639' m21='-0.4660018980503082' m31='0.09654095768928528'
            m02='-0.867506742477417' m12='-0.44175416231155396' m22='0.22865961492061615' m32='0.973804771900177'
            m03='0.0' m13='0.0' m23='0.0' m33='1.0'/>
        <transform name='peon L Hand'
            m00='-0.40471071004867554' m10='0.2921920418739319' m20='0.8665061593055725' m30='0.24668274819850922'
            m01='-0.49155154824256897' m11='-0.8685455322265625' m21='0.0632953941822052' m31='-0.085411436855793'
            m02='0.7710942029953003' m12='-0.400316059589386' m22='0.49513694643974304' m32='0.8772032856941223'
            m03='0.0' m13='0.0' m23='0.0' m33='1.0'/>
        <transform name='peon L Finger1'
            m00='-0.372073769569397' m10='0.2921920120716095' m20='0.8810135126113892' m30='0.30061253905296326'
            m01='-0.4888453483581543' m11='-0.8685454726219177' m21='0.08160543441772461' m31='-0.24573035538196564'
            m02='0.7890444993972778' m12='-0.4003160297870636' m22='0.465999573469162' m32='0.803313672542572'
            m03='0.0' m13='0.0' m23='0.0' m33='1.0'/>
        <transform name='peon L Finger11'
            m00='0.563835620880127' m10='-0.13888812065124512' m20='0.8141249418258667' m30='0.32267263531684875'
            m01='-0.7941207885742188' m11='-0.36193758249282837' m21='0.4882355034351349' m31='-0.31129950284957886'
            m02='0.22685223817825317' m12='-0.9217977523803711' m22='-0.3143670856952667' m32='0.773091733455658'
            m03='0.0' m13='0.0' m23='0.0' m33='1.0'/>
        <transform name='peon L Finger01'
            m00='0.7483659982681274' m10='-0.6519538164138794' m20='-0.12208272516727448' m30='0.06868971884250641'
            m01='-0.35966694355010986' m11='-0.5535169839859009' m21='0.7511718273162842' m31='-0.2627633810043335'
            m02='-0.5573041439056396' m12='-0.5182420015335083' m22='-0.6487193703651428' m32='0.8788336515426636'
            m03='0.0' m13='0.0' m23='0.0' m33='1.0'/>
    </frame>
    <frame index="3">
        <transform name='peon Pelvis'
            m00='2.936520786533947e-06' m10='-1.3876707498639007e-06' m20='-1.0' m30='-0.003339140908792615'
            m01='-1.0' m11='0.0' m21='-2.936520786533947e-06' m31='0.2050168216228485'
            m02='4.092726157978177e-12' m12='1.0' m22='-1.3876707498639007e-06' m32='0.40532585978507996'
            m03='0.0' m13='0.0' m23='0.0' m33='1.0'/>
        <transform name='peon Spine'
            m00='-0.003522854298353195' m10='5.684341886080801e-13' m20='0.9999938011169434' m30='-0.0033392009790986776'
            m01='0.9999935030937195' m11='-0.0007963174721226096' m21='0.0035228529013693333' m31='0.23019659519195557'
            m02='0.0007963128155097365' m12='0.999999463558197' m22='2.805310714393272e-06' m32='0.5819048285484314'
            m03='0.0' m13='0.0' m23='0.0' m33='1.0'/>
        <transform name='peon L Thigh'
            m00='0.42248690128326416' m10='-0.1174074113368988' m20='-0.8987358808517456' m30='0.14437787234783173'
            m01='0.11145029217004776' m11='-0.9773215651512146' m21='0.18007047474384308' m31='0.20501744747161865'
            m02='-0.8994911909103394' m12='-0.17624084651470184' m22='-0.3998185396194458' m32='0.4053262174129486'
            m03='0.0' m13='0.0' m23='0.0' m33='1.0'/>
        <transform name='peon L Calf'
            m00='-0.01326289027929306' m10='-0.0576421320438385' m20='-0.9982521533966064' m30='0.11951752752065659'
            m01='0.9791690707206726' m11='0.2015557885169983' m21='-0.024643078446388245' m31='-0.0019268691539764404'
            m02='0.2026229202747345' m12='-0.9777796268463135' m22='0.05376797914505005' m32='0.3680083751678467'
            m03='0.0' m13='0.0' m23='0.0' m33='1.0'/>
        <transform name='peon L Foot'
