<?xml version="1.0" encoding="UTF-8" standalone="yes"?>

<!DOCTYPE animation [
	<!ELEMENT animation  (frame+)>
	<!ELEMENT frame      (transform+)>
	<!ELEMENT transform   EMPTY>
	<!ATTLIST frame index CDATA #REQUIRED>
	<!ATTLIST transform name CDATA #REQUIRED>
	<!ATTLIST transform m00 CDATA #REQUIRED>
	<!ATTLIST transform m01 CDATA #REQUIRED>
	<!ATTLIST transform m02 CDATA #REQUIRED>
	<!ATTLIST transform m03 CDATA #REQUIRED>
	<!ATTLIST transform m10 CDATA #REQUIRED>
	<!ATTLIST transform m11 CDATA #REQUIRED>
	<!ATTLIST transform m12 CDATA #REQUIRED>
	<!ATTLIST transform m13 CDATA #REQUIRED>
	<!ATTLIST transform m20 CDATA #REQUIRED>
	<!ATTLIST transform m21 CDATA #REQUIRED>
	<!ATTLIST transform m22 CDATA #REQUIRED>
	<!ATTLIST transform m23 CDATA #REQUIRED>
	<!ATTLIST transform m30 CDATA #REQUIRED>
	<!ATTLIST transform m31 CDATA #REQUIRED>
	<!ATTLIST transform m32 CDATA #REQUIRED>
	<!ATTLIST transform m33 CDATA #REQUIRED>
]>

<animation>
	<frame index="0">
		<transform name="peon Head" m00="0.0878172" m01="0.0323813" m02="0.99561" m03="0" m10="0.99352" m11="-0.0752431" m12="-0.0851856" m13="0" m20="0.0721544" m21="0.996639" m22="-0.0387791" m23="0" m30="0.184261" m31="-0.0188839" m32="1.12994" m33="1"/>
		<transform name="peon L Calf" m00="-0.619943" m01="-0.0473142" m02="-0.783219" m03="0" m10="0.784611" m11="-0.0279168" m12="-0.619359" m13="0" m20="0.00743953" m21="-0.99849" m22="0.0544301" m23="0" m30="0.0534486" m31="0.120113" m32="0.221891" m33="1"/>
		<transform name="peon L Clavicle" m00="-0.288323" m01="0.946335" m02="0.146014" m03="0" m10="-0.786788" m11="-0.32105" m12="0.527154" m13="0" m20="0.545742" m21="0.0371087" m22="0.837131" m23="0" m30="0.128312" m31="-0.0153627" m32="1.04858" m33="1"/>
		<transform name="peon L Finger01" m00="0.576041" m01="-0.54218" m02="-0.611733" m03="0" m10="-0.817355" m11="-0.372551" m12="-0.439474" m13="0" m20="0.0103726" m21="0.753157" m22="-0.657758" m23="0" m30="0.396252" m31="0.301096" m32="0.731411" m33="1"/>
		<transform name="peon L Finger1" m00="0.517574" m01="-0.00186559" m02="-0.855636" m03="0" m10="0.091302" m11="-0.994168" m12="0.0573963" m13="0" m20="-0.850753" m21="-0.107828" m22="-0.514385" m23="0" m30="0.228785" m31="0.350657" m32="0.571168" m33="1"/>
		<transform name="peon L Finger11" m00="0.461086" m01="-0.622838" m02="-0.632038" m03="0" m10="-0.252228" m11="-0.774884" m12="0.5796" m13="0" m20="-0.850753" m21="-0.107828" m22="-0.514385" m23="0" m30="0.267859" m31="0.350517" m32="0.506572" m33="1"/>
		<transform name="peon L Foot" m00="4.50146e-06" m01="0.000548787" m02="-1" m03="0" m10="0.981547" m11="0.191219" m12="0.000109357" m13="0" m20="0.191219" m21="-0.981547" m22="-0.000537821" m23="0" m30="-0.0239712" m31="0.114204" m32="0.124081" m33="1"/>
		<transform name="peon L Forearm" m00="0.270599" m01="0.419273" m02="-0.866594" m03="0" m10="-0.73784" m11="0.668531" m12="0.0930518" m13="0" m20="0.618359" m21="0.614228" m22="0.490261" m23="0" m30="0.0912841" m31="0.178401" m32="0.907109" m33="1"/>
		<transform name="peon L Hand" m00="0.424349" m01="0.436504" m02="-0.793342" m03="0" m10="0.309398" m11="-0.893303" m12="-0.32601" m13="0" m20="-0.850999" m21="-0.107117" m22="-0.514126" m23="0" m30="0.150458" m31="0.270087" m32="0.717604" m33="1"/>
		<transform name="peon L Thigh" m00="0.290578" m01="-0.0499242" m02="-0.955548" m03="0" m10="0.956822" m11="0.022925" m12="0.289768" m13="0" m20="0.00743953" m21="-0.99849" m22="0.0544301" m23="0" m30="-0.00808006" m31="0.130684" m32="0.424224" m33="1"/>
		<transform name="peon L Toe0" m00="0.981547" m01="0.191219" m02="0.000109297" m03="0" m10="-4.44295e-06" m11="-0.000548776" m12="1" m13="0" m20="0.191219" m21="-0.981547" m22="-0.000537821" m23="0" m30="0.0930317" m31="0.137063" m32="0.00597506" m33="1"/>
		<transform name="peon L UpperArm" m00="-0.100678" m01="0.680596" m02="-0.725708" m03="0" m10="-0.77942" m11="0.39939" m12="0.482692" m13="0" m20="0.618359" m21="0.614228" m22="0.490261" m23="0" m30="0.112053" m31="0.0380036" m32="1.05681" m33="1"/>
		<transform name="peon Neck" m00="0.546368" m01="0.0373643" m02="0.836711" m03="0" m10="0.786354" m11="0.321018" m12="-0.527821" m13="0" m20="-0.288321" m21="0.946336" m22="0.146012" m23="0" m30="0.130437" m31="-0.0225647" m32="1.04751" m33="1"/>
		<transform name="peon Pelvis" m00="0.020033" m01="-0.1365" m02="0.990438" m03="0" m10="0.999799" m11="0.00199752" m12="-0.019947" m13="0" m20="0.00074434" m21="0.990638" m22="0.136512" m23="0" m30="-0.00819023" m31="-0.0156504" m32="0.404059" m33="1"/>
		<transform name="peon Ponytail1" m00="-0.0299216" m01="0.850166" m02="-0.525664" m03="0" m10="-0.99012" m11="0.0468682" m12="0.13216" m13="0" m20="0.136995" m21="0.524425" m22="0.840363" m23="0" m30="0.259136" m31="0.0329572" m32="1.3899" m33="1"/>
		<transform name="peon Ponytail2" m00="-0.154821" m01="-0.875086" m02="-0.458535" m03="0" m10="-0.985811" m11="0.106371" m12="0.12985" m13="0" m20="-0.0648546" m21="0.472133" m22="-0.879138" m23="0" m30="0.252355" m31="-0.0607041" m32="1.39354" m33="1"/>
		<transform name="peon Prop1" m00="0.597482" m01="0.772284" m02="-0.215854" m03="0" m10="-0.346871" m11="0.491609" m12="0.79875" m13="0" m20="0.722977" m21="-0.402365" m22="0.56161" m23="0" m30="0.188683" m31="-0.263655" m32="0.487423" m33="1"/>
		<transform name="peon R Calf" m00="-0.684076" m01="0.121399" m02="-0.719237" m03="0" m10="0.729408" m11="0.111276" m12="-0.674968" m13="0" m20="-0.00190654" m21="-0.986347" m22="-0.164671" m23="0" m30="0.114766" m31="-0.133841" m32="0.213897" m33="1"/>
		<transform name="peon R Clavicle" m00="0.288323" m01="-0.946335" m02="-0.146014" m03="0" m10="-0.786788" m11="-0.32105" m12="0.527154" m13="0" m20="-0.545742" m21="-0.0371086" m22="-0.837131" m23="0" m30="0.132685" m31="-0.0297164" m32="1.04636" m33="1"/>
		<transform name="peon R Foot" m00="7.22452e-07" m01="-0.000550251" m02="-1" m03="0" m10="0.877092" m11="-0.480323" m12="0.000264928" m13="0" m20="-0.480323" m21="-0.877091" m22="0.000482285" m23="0" m30="0.0293369" m31="-0.118681" m32="0.124077" m33="1"/>
		<transform name="peon R Forearm" m00="0.340842" m01="-0.442887" m02="-0.829263" m03="0" m10="-0.692745" m11="-0.714638" m12="0.0969377" m13="0" m20="-0.635555" m21="0.541428" m22="-0.550387" m23="0" m30="0.168916" m31="-0.217451" m32="0.882887" m33="1"/>
		<transform name="peon R Hand" m00="0.31221" m01="-0.481713" m02="-0.818827" m03="0" m10="0.587386" m11="0.775299" m12="-0.232141" m13="0" m20="0.746661" m21="-0.40849" m22="0.525008" m23="0" m30="0.24345" m31="-0.314301" m32="0.701545" m33="1"/>
		<transform name="peon R Thigh" m00="0.581197" m01="0.13291" m02="-0.802835" m03="0" m10="0.81376" m11="-0.0972371" m12="0.573009" m13="0" m20="-0.00190654" m21="-0.986347" m22="-0.164671" m23="0" m30="-0.00830037" m31="-0.161985" m32="0.383894" m33="1"/>
		<transform name="peon R Toe0" m00="0.877092" m01="-0.480323" m02="0.000264928" m03="0" m10="-7.22452e-07" m11="0.000550251" m12="1" m13="0" m20="-0.480323" m21="-0.877091" m22="0.000482285" m23="0" m30="0.133888" m31="-0.176001" m32="0.00599012" m33="1"/>
		<transform name="peon R UpperArm" m00="0.0968146" m01="-0.651367" m02="-0.752561" m03="0" m10="-0.765961" m11="-0.531579" m12="0.361562" m13="0" m20="-0.635555" m21="0.541428" m22="-0.550387" m23="0" m30="0.148944" m31="-0.0830827" m32="1.03813" m33="1"/>
		<transform name="peon Spine" m00="0.143522" m01="0.0111905" m02="0.989584" m03="0" m10="0.981369" m11="0.127451" m12="-0.143772" m13="0" m20="-0.127733" m21="0.991782" m22="0.00731004" m23="0" m30="-0.0298361" m31="-0.0485325" m32="0.578045" m33="1"/>
		<transform name="peon Spine1" m00="0.252744" m01="0.106694" m02="0.961632" m03="0" m10="0.933249" m11="0.235351" m12="-0.271396" m13="0" m20="-0.255278" m21="0.966036" m22="-0.0400881" m23="0" m30="-0.00610727" m31="-0.0467039" m32="0.742543" m33="1"/>
		<transform name="peon Spine2" m00="0.546368" m01="0.0373643" m02="0.836711" m03="0" m10="0.786354" m11="0.321018" m12="-0.527821" m13="0" m20="-0.288321" m21="0.946336" m22="0.146012" m23="0" m30="0.0357884" m31="-0.0290164" m32="0.902432" m33="1"/>
	</frame>
	<frame index="1">
		<transform name="peon Head" m00="0.0878331" m01="0.0324211" m02="0.995607" m03="0" m10="0.993535" m11="-0.0750154" m12="-0.0852075" m13="0" m20="0.0719234" m21="0.996655" m22="-0.0388003" m23="0" m30="0.183601" m31="-0.0194256" m32="1.13208" m33="1"/>
		<transform name="peon L Calf" m00="-0.606714" m01="-0.0475529" m02="-0.793496" m03="0" m10="0.794885" m11="-0.0269773" m12="-0.60616" m13="0" m20="0.00741826" m21="-0.998504" m22="0.0541666" m23="0" m30="0.0517864" m31="0.120143" m32="0.223177" m33="1"/>
		<transform name="peon L Clavicle" m00="-0.288304" m01="0.946221" m02="0.146788" m03="0" m10="-0.787828" m11="-0.321534" m12="0.525303" m13="0" m20="0.54425" m21="0.0358034" m22="0.838159" m23="0" m30="0.127799" m31="-0.0157767" m32="1.05062" m33="1"/>
		<transform name="peon L Finger01" m00="0.576317" m01="-0.54202" m02="-0.611615" m03="0" m10="-0.81716" m11="-0.372661" m12="-0.439742" m13="0" m20="0.0104236" m21="0.753219" m22="-0.657688" m23="0" m30="0.395743" m31="0.300696" m32="0.733555" m33="1"/>
		<transform name="peon L Finger1" m00="0.517632" m01="-0.00164819" m02="-0.855602" m03="0" m10="0.0913718" m11="-0.994173" m12="0.0571943" m13="0" m20="-0.85071" m21="-0.107783" m22="-0.514465" m23="0" m30="0.228287" m31="0.350264" m32="0.573293" m33="1"/>
		<transform name="peon L Finger11" m00="0.461209" m01="-0.622566" m02="-0.632216" m03="0" m10="-0.252146" m11="-0.775109" m12="0.579334" m13="0" m20="-0.85071" m21="-0.107783" m22="-0.514465" m23="0" m30="0.267366" m31="0.350139" m32="0.5087" m33="1"/>
		<transform name="peon L Foot" m00="4.50146e-06" m01="0.000548787" m02="-1" m03="0" m10="0.981547" m11="0.191219" m12="0.000109357" m13="0" m20="0.191219" m21="-0.981547" m22="-0.000537821" m23="0" m30="-0.0239814" m31="0.114204" m32="0.124084" m33="1"/>
		<transform name="peon L Forearm" m00="0.270711" m01="0.419235" m02="-0.866578" m03="0" m10="-0.737804" m11="0.668583" m12="0.0929649" m13="0" m20="0.618353" m21="0.614198" m22="0.490306" m23="0" m30="0.0907504" m31="0.178002" m32="0.909216" m33="1"/>
		<transform name="peon L Hand" m00="0.424412" m01="0.436579" m02="-0.793267" m03="0" m10="0.309428" m11="-0.893271" m12="-0.326067" m13="0" m20="-0.850957" m21="-0.107072" m22="-0.514205" m23="0" m30="0.149949" m31="0.26968" m32="0.719715" m33="1"/>
		<transform name="peon L Thigh" m00="0.282728" m01="-0.0498636" m02="-0.957903" m03="0" m10="0.959171" m11="0.0224204" m12="0.281935" m13="0" m20="0.00741826" m21="-0.998504" m22="0.0541666" m23="0" m30="-0.00808006" m31="0.130701" m32="0.42601" m33="1"/>
		<transform name="peon L Toe0" m00="0.981547" m01="0.191219" m02="0.000109297" m03="0" m10="-4.44295e-06" m11="-0.000548776" m12="1" m13="0" m20="0.191219" m21="-0.981547" m22="-0.000537821" m23="0" m30="0.0930216" m31="0.137063" m32="0.00597813" m33="1"/>
		<transform name="peon L UpperArm" m00="-0.100784" m01="0.680699" m02="-0.725597" m03="0" m10="-0.779411" m11="0.39926" m12="0.482814" m13="0" m20="0.618353" m21="0.614198" m22="0.490306" m23="0" m30="0.111541" m31="0.0375831" m32="1.0589" m33="1"/>
		<transform name="peon Neck" m00="0.544877" m01="0.0360594" m02="0.83774" m03="0" m10="0.787395" m11="0.321503" m12="-0.52597" m13="0" m20="-0.288302" m21="0.946222" m22="0.146786" m23="0" m30="0.129924" m31="-0.0229779" m32="1.04955" m33="1"/>
		<transform name="peon Pelvis" m00="0.020033" m01="-0.1365" m02="0.990438" m03="0" m10="0.999799" m11="0.00199752" m12="-0.019947" m13="0" m20="0.00074434" m21="0.990638" m22="0.136512" m23="0" m30="-0.00819023" m31="-0.0156331" m32="0.405845" m33="1"/>
		<transform name="peon Ponytail1" m00="-0.0299992" m01="0.85065" m02="-0.524875" m03="0" m10="-0.990127" m11="0.0466418" m12="0.132182" m13="0" m20="0.136921" m21="0.523659" m22="0.840853" m23="0" m30="0.25847" m31="0.0324379" m32="1.39203" m33="1"/>
		<transform name="peon Ponytail2" m00="-0.153523" m01="-0.882894" m02="-0.443766" m03="0" m10="-0.985834" m11="0.106152" m12="0.129859" m13="0" m20="-0.0675449" m21="0.457416" m22="-0.886684" m23="0" m30="0.251711" m31="-0.0612249" m32="1.39568" m33="1"/>
		<transform name="peon Prop1" m00="0.597466" m01="0.772304" m02="-0.215824" m03="0" m10="-0.346936" m11="0.491602" m12="0.798726" m13="0" m20="0.722959" m21="-0.402335" m22="0.561656" m23="0" m30="0.18818" m31="-0.264082" m32="0.489425" m33="1"/>
		<transform name="peon R Calf" m00="-0.675472" m01="0.121973" m02="-0.727228" m03="0" m10="0.737383" m11="0.108956" m12="-0.66663" m13="0" m20="-0.00207519" m21="-0.986535" m22="-0.163538" m23="0" m30="0.113691" m31="-0.133913" m32="0.214895" m33="1"/>
		<transform name="peon R Clavicle" m00="0.288304" m01="-0.946221" m02="-0.146788" m03="0" m10="-0.787828" m11="-0.321534" m12="0.525303" m13="0" m20="-0.54425" m21="-0.0358033" m22="-0.838159" m23="0" m30="0.132172" m31="-0.0301286" m32="1.04839" m33="1"/>
		<transform name="peon R Foot" m00="7.22452e-07" m01="-0.000550251" m02="-1" m03="0" m10="0.877092" m11="-0.480323" m12="0.000264928" m13="0" m20="-0.480323" m21="-0.877091" m22="0.000482285" m23="0" m30="0.029337" m31="-0.118681" m32="0.124077" m33="1"/>
		<transform name="peon R Forearm" m00="0.340907" m01="-0.44288" m02="-0.82924" m03="0" m10="-0.692725" m11="-0.714662" m12="0.0969017" m13="0" m20="-0.635543" m21="0.541401" m22="-0.550428" m23="0" m30="0.168388" m31="-0.217876" m32="0.884887" m33="1"/>
		<transform name="peon R Hand" m00="0.312276" m01="-0.481707" m02="-0.818805" m03="0" m10="0.587371" m11="0.775319" m12="-0.232112" m13="0" m20="0.746645" m21="-0.40846" m22="0.525054" m23="0" m30="0.242937" m31="-0.314725" m32="0.703551" m33="1"/>
		<transform name="peon R Thigh" m00="0.576123" m01="0.13249" m02="-0.806553" m03="0" m10="0.81736" m11="-0.0958916" m12="0.56809" m13="0" m20="-0.00207519" m21="-0.986535" m22="-0.163538" m23="0" m30="-0.00830037" m31="-0.161967" m32="0.38568" m33="1"/>
		<transform name="peon R Toe0" m00="0.877092" m01="-0.480323" m02="0.000264928" m03="0" m10="-7.22452e-07" m11="0.000550251" m12="1" m13="0" m20="-0.480323" m21="-0.877091" m22="0.000482285" m23="0" m30="0.133888" m31="-0.176001" m32="0.00599008" m33="1"/>
		<transform name="peon R UpperArm" m00="0.0967481" m01="-0.651462" m02="-0.752487" m03="0" m10="-0.76598" m11="-0.53149" m12="0.361653" m13="0" m20="-0.635543" m21="0.541401" m22="-0.550428" m23="0" m30="0.14843" m31="-0.0834885" m32="1.04012" m33="1"/>
		<transform name="peon Spine" m00="0.142953" m01="0.0107939" m02="0.989671" m03="0" m10="0.981454" m11="0.127496" m12="-0.143156" m13="0" m20="-0.127724" m21="0.99178" m22="0.00763219" m23="0" m30="-0.0298361" m31="-0.0485152" m32="0.57983" m33="1"/>
		<transform name="peon Spine1" m00="0.251783" m01="0.105862" m02="0.961976" m03="0" m10="0.933532" m11="0.23554" m12="-0.270258" m13="0" m20="-0.255194" m21="0.966082" m22="-0.0395207" m23="0" m30="-0.00620188" m31="-0.0467525" m32="0.744342" m33="1"/>
		<transform name="peon Spine2" m00="0.544877" m01="0.0360594" m02="0.83774" m03="0" m10="0.787395" m11="0.321503" m12="-0.52597" m13="0" m20="-0.288302" m21="0.946222" m22="0.146786" m23="0" m30="0.0355339" m31="-0.0292034" m32="0.904289" m33="1"/>
	</frame>
	<frame index="2">
		<transform name="peon Head" m00="0.0878809" m01="0.0325409" m02="0.995599" m03="0" m10="0.993581" m11="-0.0743299" m12="-0.0852733" m13="0" m20="0.071228" m21="0.996703" m22="-0.0388642" m23="0" m30="0.182902" m31="-0.0199653" m32="1.13422" m33="1"/>
		<transform name="peon L Calf" m00="-0.593157" m01="-0.047869" m02="-0.803662" m03="0" m10="0.805053" m11="-0.0261044" m12="-0.592628" m13="0" m20="0.00738943" m21="-0.998512" m22="0.0540211" m23="0" m30="0.050064" m31="0.120183" m32="0.224456" m33="1"/>
		<transform name="peon L Clavicle" m00="-0.288286" m01="0.946099" m02="0.147607" m03="0" m10="-0.788924" m11="-0.322043" m12="0.523342" m13="0" m20="0.542669" m21="0.0344211" m22="0.839241" m23="0" m30="0.127256" m31="-0.0161812" m32="1.05267" m33="1"/>
		<transform name="peon L Finger01" m00="0.577148" m01="-0.541535" m02="-0.611261" m03="0" m10="-0.816571" m11="-0.372994" m12="-0.440553" m13="0" m20="0.0105784" m21="0.753402" m22="-0.657475" m23="0" m30="0.395209" m31="0.300348" m32="0.735827" m33="1"/>
		<transform name="peon L Finger1" m00="0.517805" m01="-0.000993416" m02="-0.855498" m03="0" m10="0.0915814" m11="-0.994188" m12="0.0565857" m13="0" m20="-0.850582" m21="-0.107648" m22="-0.514705" m23="0" m30="0.227788" m31="0.349933" m32="0.575508" m33="1"/>
		<transform name="peon L Finger11" m00="0.46158" m01="-0.621744" m02="-0.632755" m03="0" m10="-0.2519" m11="-0.775787" m12="0.578533" m13="0" m20="-0.850582" m21="-0.107648" m22="-0.514705" m23="0" m30="0.26688" m31="0.349858" m32="0.510923" m33="1"/>
		<transform name="peon L Foot" m00="4.50146e-06" m01="0.000548787" m02="-1" m03="0" m10="0.981547" m11="0.191219" m12="0.000109357" m13="0" m20="0.191219" m21="-0.981547" m22="-0.000537821" m23="0" m30="-0.0240107" m31="0.114205" m32="0.124093" m33="1"/>
		<transform name="peon L Forearm" m00="0.271048" m01="0.419118" m02="-0.866529" m03="0" m10="-0.737696" m11="0.668739" m12="0.0927021" m13="0" m20="0.618335" m21="0.614108" m22="0.490442" m23="0" m30="0.0901422" m31="0.177655" m32="0.911379" m33="1"/>
		<transform name="peon L Hand" m00="0.424604" m01="0.436805" m02="-0.79304" m03="0" m10="0.309518" m11="-0.893177" m12="-0.326241" m13="0" m20="-0.850829" m21="-0.106937" m22="-0.514445" m23="0" m30="0.149415" m31="0.269307" m32="0.721888" m33="1"/>
		<transform name="peon L Thigh" m00="0.274593" m01="-0.0499196" m02="-0.960264" m03="0" m10="0.961532" m11="0.0219296" m12="0.273816" m13="0" m20="0.00738943" m21="-0.998512" m22="0.0540211" m23="0" m30="-0.00808006" m31="0.130753" m32="0.427788" m33="1"/>
		<transform name="peon L Toe0" m00="0.981547" m01="0.191219" m02="0.000109297" m03="0" m10="-4.44295e-06" m11="-0.000548776" m12="1" m13="0" m20="0.191219" m21="-0.981547" m22="-0.000537821" m23="0" m30="0.0929922" m31="0.137064" m32="0.00598684" m33="1"/>
		<transform name="peon L UpperArm" m00="-0.101105" m01="0.681011" m02="-0.72526" m03="0" m10="-0.779384" m11="0.398868" m12="0.483182" m13="0" m20="0.618335" m21="0.614108" m22="0.490442" m23="0" m30="0.110999" m31="0.0371718" m32="1.06099" m33="1"/>
		<transform name="peon Neck" m00="0.543297" m01="0.0346775" m02="0.838824" m03="0" m10="0.788493" m11="0.322013" m12="-0.52401" m13="0" m20="-0.288284" m21="0.9461" m22="0.147606" m23="0" m30="0.12938" m31="-0.0233815" m32="1.05159" m33="1"/>
		<transform name="peon Pelvis" m00="0.020033" m01="-0.1365" m02="0.990438" m03="0" m10="0.999799" m11="0.00199752" m12="-0.019947" m13="0" m20="0.00074434" m21="0.990638" m22="0.136512" m23="0" m30="-0.00819023" m31="-0.015581" m32="0.407623" m33="1"/>
		<transform name="peon Ponytail1" m00="-0.0302312" m01="0.852113" m02="-0.522483" m03="0" m10="-0.990151" m11="0.0459603" m12="0.132247" m13="0" m20="0.136703" m21="0.521335" m22="0.842331" m23="0" m30="0.257754" m31="0.0319655" m32="1.39417" m33="1"/>
		<transform name="peon Ponytail2" m00="-0.15168" m01="-0.891202" m02="-0.427495" m03="0" m10="-0.985899" m11="0.105481" m12="0.12991" m13="0" m20="-0.0706829" m21="0.441171" m22="-0.894635" m23="0" m30="0.25106" m31="-0.0617017" m32="1.39782" m33="1"/>
		<transform name="peon Prop1" m00="0.59742" m01="0.772365" m02="-0.215735" m03="0" m10="-0.347131" m11="0.491581" m12="0.798654" m13="0" m20="0.722903" m21="-0.402244" m22="0.561792" m23="0" m30="0.18767" m31="-0.264543" m32="0.491463" m33="1"/>
		<transform name="peon R Calf" m00="-0.666763" m01="0.122449" m02="-0.735142" m03="0" m10="0.745266" m11="0.106548" m12="-0.658199" m13="0" m20="-0.00226755" m21="-0.986739" m22="-0.162299" m23="0" m30="0.112604" m31="-0.133972" m32="0.215883" m33="1"/>
		<transform name="peon R Clavicle" m00="0.288286" m01="-0.946099" m02="-0.147607" m03="0" m10="-0.788924" m11="-0.322043" m12="0.523342" m13="0" m20="-0.542669" m21="-0.034421" m22="-0.839241" m23="0" m30="0.131628" m31="-0.0305312" m32="1.05043" m33="1"/>
		<transform name="peon R Foot" m00="7.22452e-07" m01="-0.000550251" m02="-1" m03="0" m10="0.877092" m11="-0.480323" m12="0.000264928" m13="0" m20="-0.480323" m21="-0.877091" m22="0.000482285" m23="0" m30="0.029337" m31="-0.118681" m32="0.124077" m33="1"/>
		<transform name="peon R Forearm" m00="0.341103" m01="-0.442861" m02="-0.82917" m03="0" m10="-0.692664" m11="-0.714736" m12="0.0967942" m13="0" m20="-0.635504" m21="0.54132" m22="-0.550552" m23="0" m30="0.167802" m31="-0.218331" m32="0.886922" m33="1"/>
		<transform name="peon R Hand" m00="0.312474" m01="-0.48169" m02="-0.81874" m03="0" m10="0.587328" m11="0.775378" m12="-0.232024" m13="0" m20="0.746596" m21="-0.408367" m22="0.525195" m23="0" m30="0.242394" m31="-0.315175" m32="0.7056" m33="1"/>
		<transform name="peon R Thigh" m00="0.570987" m01="0.131964" m02="-0.810284" m03="0" m10="0.820956" m11="-0.0945082" m12="0.563116" m13="0" m20="-0.00226755" m21="-0.986739" m22="-0.162299" m23="0" m30="-0.00830037" m31="-0.161915" m32="0.387458" m33="1"/>
		<transform name="peon R Toe0" m00="0.877092" m01="-0.480323" m02="0.000264928" m03="0" m10="-7.22452e-07" m11="0.000550251" m12="1" m13="0" m20="-0.480323" m21="-0.877091" m22="0.000482285" m23="0" m30="0.133888" m31="-0.176001" m32="0.00599012" m33="1"/>
		<transform name="peon R UpperArm" m00="0.0965476" m01="-0.651748" m02="-0.752265" m03="0" m10="-0.766037" m11="-0.531222" m12="0.361926" m13="0" m20="-0.635504" m21="0.54132" m22="-0.550552" m23="0" m30="0.147886" m31="-0.0838842" m32="1.0421" m33="1"/>
		<transform name="peon Spine" m00="0.142351" m01="0.0103743" m02="0.989762" m03="0" m10="0.981542" m11="0.127543" m12="-0.142505" m13="0" m20="-0.127715" m21="0.991779" m22="0.00797298" m23="0" m30="-0.0298361" m31="-0.0484631" m32="0.581608" m33="1"/>
		<transform name="peon Spine1" m00="0.250766" m01="0.104982" m02="0.962338" m03="0" m10="0.93383" m11="0.235738" m12="-0.269054" m13="0" m20="-0.255106" m21="0.966129" m22="-0.0389203" m23="0" m30="-0.00630202" m31="-0.0467702" m32="0.746135" m33="1"/>
		<transform name="peon Spine2" m00="0.543297" m01="0.0346775" m02="0.838824" m03="0" m10="0.788493" m11="0.322013" m12="-0.52401" m13="0" m20="-0.288284" m21="0.9461" m22="0.147606" m23="0" m30="0.0352646" m31="-0.0293674" m32="0.906142" m33="1"/>
	</frame>
	<frame index="3">
		<transform name="peon Head" m00="0.087961" m01="0.0327419" m02="0.995586" m03="0" m10="0.993657" m11="-0.0731799" m12="-0.0853839" m13="0" m20="0.0700613" m21="0.996781" m22="-0.0389711" m23="0" m30="0.182168" m31="-0.0204986" m32="1.13637" m33="1"/>
		<transform name="peon L Calf" m00="-0.579296" m01="-0.0482679" m02="-0.813687" m03="0" m10="0.815084" m11="-0.0252951" m12="-0.57879" m13="0" m20="0.00735469" m21="-0.998514" m22="0.0539958" m23="0" m30="0.0482857" m31="0.120234" m32="0.225722" m33="1"/>
		<transform name="peon L Clavicle" m00="-0.288268" m01="0.94597" m02="0.148467" m03="0" m10="-0.79007" m11="-0.322574" m12="0.521282" m13="0" m20="0.541008" m21="0.0329699" m22="0.840371" m23="0" m30="0.126686" m31="-0.0165725" m32="1.05471" m33="1"/>
		<transform name="peon L Finger01" m00="0.578545" m01="-0.540719" m02="-0.610662" m03="0" m10="-0.815578" m11="-0.373552" m12="-0.441917" m13="0" m20="0.0108385" m21="0.753712" m22="-0.657115" m23="0" m30="0.394653" m31="0.300054" m32="0.738221" m33="1"/>
		<transform name="peon L Finger1" m00="0.518097" m01="0.000108989" m02="-0.855322" m03="0" m10="0.0919351" m11="-0.994214" m12="0.0555615" m13="0" m20="-0.850367" m21="-0.10742" m22="-0.515109" m23="0" m30="0.227291" m31="0.349669" m32="0.577807" m33="1"/>
		<transform name="peon L Finger11" m00="0.462203" m01="-0.620359" m02="-0.633658" m03="0" m10="-0.251485" m11="-0.776927" m12="0.577183" m13="0" m20="-0.850367" m21="-0.10742" m22="-0.515109" m23="0" m30="0.266405" m31="0.349678" m32="0.513235" m33="1"/>
		<transform name="peon L Foot" m00="4.50146e-06" m01="0.000548787" m02="-1" m03="0" m10="0.981547" m11="0.191219" m12="0.000109357" m13="0" m20="0.191219" m21="-0.981547" m22="-0.000537821" m23="0" m30="-0.024058" m31="0.114206" m32="0.124107" m33="1"/>
		<transform name="peon L Forearm" m00="0.271616" m01="0.418921" m02="-0.866447" m03="0" m10="-0.737513" m11="0.669001" m12="0.0922601" m13="0" m20="0.618304" m21="0.613956" m22="0.490671" m23="0" m30="0.0894617" m31="0.177365" m32="0.913589" m33="1"/>
		<transform name="peon L Hand" m00="0.424926" m01="0.437186" m02="-0.792658" m03="0" m10="0.309669" m11="-0.893018" m12="-0.326533" m13="0" m20="-0.850614" m21="-0.106709" m22="-0.514849" m23="0" m30="0.148858" m31="0.268973" m32="0.724117" m33="1"/>
		<transform name="peon L Thigh" m00="0.266195" m01="-0.0500939" m02="-0.962617" m03="0" m10="0.963891" m11="0.0214532" m12="0.265431" m13="0" m20="0.00735469" m21="-0.998514" m22="0.0539958" m23="0" m30="-0.00808006" m31="0.130841" m32="0.429552" m33="1"/>
		<transform name="peon L Toe0" m00="0.981547" m01="0.191219" m02="0.000109297" m03="0" m10="-4.44295e-06" m11="-0.000548776" m12="1" m13="0" m20="0.191219" m21="-0.981547" m22="-0.000537821" m23="0" m30="0.0929449" m31="0.137065" m32="0.00600091" m33="1"/>
		<transform name="peon L UpperArm" m00="-0.101644" m01="0.681534" m02="-0.724692" m03="0" m10="-0.779339" m11="0.398206" m12="0.4838" m13="0" m20="0.618304" m21="0.613956" m22="0.490671" m23="0" m30="0.11043" m31="0.0367733" m32="1.06308" m33="1"/>
		<transform name="peon Neck" m00="0.541637" m01="0.0332267" m02="0.839955" m03="0" m10="0.78964" m11="0.322545" m12="-0.521951" m13="0" m20="-0.288266" m21="0.945971" m22="0.148465" m23="0" m30="0.12881" m31="-0.0237718" m32="1.05363" m33="1"/>
		<transform name="peon Pelvis" m00="0.020033" m01="-0.1365" m02="0.990438" m03="0" m10="0.999799" m11="0.00199752" m12="-0.019947" m13="0" m20="0.00074434" m21="0.990638" m22="0.136512" m23="0" m30="-0.00819023" m31="-0.0154931" m32="0.409387" m33="1"/>
		<transform name="peon Ponytail1" m00="-0.0306174" m01="0.854577" m02="-0.518422" m03="0" m10="-0.990188" m11="0.0448169" m12="0.132357" m13="0" m20="0.136343" m21="0.517387" m22="0.84482" m23="0" m30="0.25699" m31="0.0315452" m32="1.39631" m33="1"/>
		<transform name="peon Ponytail2" m00="-0.14929" m01="-0.899749" m02="-0.410077" m03="0" m10="-0.986007" m11="0.104351" m12="0.130002" m13="0" m20="-0.0741774" m21="0.423747" m22="-0.902738" m23="0" m30="0.250406" m31="-0.0621294" m32="1.39997" m33="1"/>
		<transform name="peon Prop1" m00="0.597342" m01="0.772467" m02="-0.215583" m03="0" m10="-0.347459" m11="0.491545" m12="0.798533" m13="0" m20="0.72281" m21="-0.402091" m22="0.562022" m23="0" m30="0.187155" m31="-0.265035" m32="0.493531" m33="1"/>
		<transform name="peon R Calf" m00="-0.657983" m01="0.122819" m02="-0.742949" m03="0" m10="0.753028" m11="0.104064" m12="-0.649707" m13="0" m20="-0.00248224" m21="-0.986958" m22="-0.160958" m23="0" m30="0.111507" m31="-0.134019" m32="0.216858" m33="1"/>
		<transform name="peon R Clavicle" m00="0.288268" m01="-0.94597" m02="-0.148467" m03="0" m10="-0.79007" m11="-0.322574" m12="0.521282" m13="0" m20="-0.541008" m21="-0.0329698" m22="-0.840371" m23="0" m30="0.131058" m31="-0.0309206" m32="1.05246" m33="1"/>
		<transform name="peon R Foot" m00="7.22452e-07" m01="-0.000550251" m02="-1" m03="0" m10="0.877092" m11="-0.480323" m12="0.000264928" m13="0" m20="-0.480323" m21="-0.877091" m22="0.000482285" m23="0" m30="0.029337" m31="-0.118681" m32="0.124077" m33="1"/>
		<transform name="peon R Forearm" m00="0.341431" m01="-0.442827" m02="-0.829053" m03="0" m10="-0.692562" m11="-0.71486" m12="0.0966127" m13="0" m20="-0.635439" m21="0.541184" m22="-0.55076" m23="0" m30="0.167161" m31="-0.218812" m32="0.888982" m33="1"/>
		<transform name="peon R Hand" m00="0.312806" m01="-0.481661" m02="-0.81863" m03="0" m10="0.587254" m11="0.775478" m12="-0.231876" m13="0" m20="0.746515" m21="-0.408211" m22="0.525432" m23="0" m30="0.241825" m31="-0.315649" m32="0.707686" m33="1"/>
		<transform name="peon R Thigh" m00="0.565809" m01="0.13133" m02="-0.81401" m03="0" m10="0.824533" m11="-0.0930923" m12="0.558104" m13="0" m20="-0.00248224" m21="-0.986958" m22="-0.160958" m23="0" m30="-0.00830037" m31="-0.161827" m32="0.389222" m33="1"/>
		<transform name="peon R Toe0" m00="0.877092" m01="-0.480323" m02="0.000264928" m03="0" m10="-7.22452e-07" m11="0.000550251" m12="1" m13="0" m20="-0.480323" m21="-0.877091" m22="0.000482285" m23="0" m30="0.133888" m31="-0.176001" m32="0.00599012" m33="1"/>
		<transform name="peon R UpperArm" m00="0.0962104" m01="-0.652229" m02="-0.751891" m03="0" m10="-0.766133" m11="-0.53077" m12="0.362385" m13="0" m20="-0.635439" m21="0.541184" m22="-0.55076" m23="0" m30="0.147314" m31="-0.0842663" m32="1.04409" m33="1"/>
		<transform name="peon Spine" m00="0.141719" m01="0.00993413" m02="0.989857" m03="0" m10="0.981635" m11="0.127592" m12="-0.141822" m13="0" m20="-0.127706" m21="0.991777" m22="0.00833046" m23="0" m30="-0.0298361" m31="-0.0483752" m32="0.583372" m33="1"/>
		<transform name="peon Spine1" m00="0.249698" m01="0.104059" m02="0.962716" m03="0" m10="0.934141" m11="0.235945" m12="-0.26779" m13="0" m20="-0.255014" m21="0.966179" m22="-0.0382903" m23="0" m30="-0.00640705" m31="-0.0467555" m32="0.747915" m33="1"/>
		<transform name="peon Spine2" m00="0.541637" m01="0.0332267" m02="0.839955" m03="0" m10="0.78964" m11="0.322545" m12="-0.521951" m13="0" m20="-0.288266" m21="0.945971" m22="0.148465" m23="0" m30="0.034982" m31="-0.0295062" m32="0.907984" m33="1"/>
	</frame>
	<frame index="4">
		<transform name="peon Head" m00="0.0880738" m01="0.0330261" m02="0.995566" m03="0" m10="0.993762" m11="-0.0715545" m12="-0.0855405" m13="0" m20="0.0684122" m21="0.99689" m22="-0.0391221" m23="0" m30="0.181403" m31="-0.0210202" m32="1.13851" m33="1"/>
		<transform name="peon L Calf" m00="-0.56516" m01="-0.0487564" m02="-0.823539" m03="0" m10="0.824949" m11="-0.0245472" m12="-0.564674" m13="0" m20="0.007316" m21="-0.998509" m22="0.0540947" m23="0" m30="0.0464565" m31="0.120297" m32="0.226971" m33="1"/>
		<transform name="peon L Clavicle" m00="-0.288252" m01="0.945834" m02="0.149361" m03="0" m10="-0.791259" m11="-0.323123" m12="0.519135" m13="0" m20="0.539278" m21="0.031458" m22="0.84154" m23="0" m30="0.126092" m31="-0.0169462" m32="1.05674" m33="1"/>
		<transform name="peon L Finger01" m00="0.580525" m01="-0.539559" m02="-0.609808" m03="0" m10="-0.814165" m11="-0.374342" m12="-0.44385" m13="0" m20="0.011207" m21="0.754151" m22="-0.656605" m23="0" m30="0.394079" m31="0.299822" m32="0.740732" m33="1"/>
		<transform name="peon L Finger1" m00="0.518509" m01="0.00167331" m02="-0.85507" m03="0" m10="0.0924381" m11="-0.994247" m12="0.0541084" m13="0" m20="-0.850061" m21="-0.107097" m22="-0.515681" m23="0" m30="0.2268" m31="0.34948" m32="0.580183" m33="1"/>
		<transform name="peon L Finger11" m00="0.463087" m01="-0.61839" m02="-0.634936" m03="0" m10="-0.250893" m11="-0.778539" m12="0.575264" m13="0" m20="-0.850061" m21="-0.107097" m22="-0.515681" m23="0" m30="0.265945" m31="0.349606" m32="0.51563" m33="1"/>
		<transform name="peon L Foot" m00="4.50146e-06" m01="0.000548787" m02="-1" m03="0" m10="0.981547" m11="0.191219" m12="0.000109357" m13="0" m20="0.191219" m21="-0.981547" m22="-0.000537821" m23="0" m30="-0.0241219" m31="0.114208" m32="0.124126" m33="1"/>
		<transform name="peon L Forearm" m00="0.27242" m01="0.418641" m02="-0.866329" m03="0" m10="-0.737253" m11="0.669374" m12="0.0916336" m13="0" m20="0.61826" m21="0.613741" m22="0.490996" m23="0" m30="0.0887108" m31="0.177136" m32="0.91584" m33="1"/>
		<transform name="peon L Hand" m00="0.425382" m01="0.437725" m02="-0.792116" m03="0" m10="0.309883" m11="-0.892793" m12="-0.326946" m13="0" m20="-0.850308" m21="-0.106386" m22="-0.515421" m23="0" m30="0.148283" m31="0.268684" m32="0.726393" m33="1"/>
		<transform name="peon L Thigh" m00="0.257557" m01="-0.0503894" m02="-0.964948" m03="0" m10="0.966235" m11="0.020992" m12="0.256804" m13="0" m20="0.007316" m21="-0.998509" m22="0.0540947" m23="0" m30="-0.00808006" m31="0.130967" m32="0.431295" m33="1"/>
		<transform name="peon L Toe0" m00="0.981547" m01="0.191219" m02="0.000109297" m03="0" m10="-4.44295e-06" m11="-0.000548776" m12="1" m13="0" m20="0.191219" m21="-0.981547" m22="-0.000537821" m23="0" m30="0.0928811" m31="0.137066" m32="0.00601988" m33="1"/>
		<transform name="peon L UpperArm" m00="-0.10241" m01="0.682276" m02="-0.723886" m03="0" m10="-0.779273" m11="0.397267" m12="0.484677" m13="0" m20="0.61826" m21="0.613741" m22="0.490996" m23="0" m30="0.109837" m31="0.0363918" m32="1.06517" m33="1"/>
		<transform name="peon Neck" m00="0.539908" m01="0.0317153" m02="0.841127" m03="0" m10="0.79083" m11="0.323095" m12="-0.519805" m13="0" m20="-0.288249" m21="0.945835" m22="0.14936" m23="0" m30="0.128216" m31="-0.0241446" m32="1.05565" m33="1"/>
		<transform name="peon Pelvis" m00="0.020033" m01="-0.1365" m02="0.990438" m03="0" m10="0.999799" m11="0.00199752" m12="-0.019947" m13="0" m20="0.00074434" m21="0.990638" m22="0.136512" m23="0" m30="-0.00819023" m31="-0.0153678" m32="0.41113" m33="1"/>
		<transform name="peon Ponytail1" m00="-0.0311598" m01="0.858065" m02="-0.512595" m03="0" m10="-0.990239" m11="0.043201" m12="0.132512" m13="0" m20="0.135848" m21="0.511721" m22="0.848343" m23="0" m30="0.256183" m31="0.0311831" m32="1.39843" m33="1"/>
		<transform name="peon Ponytail2" m00="-0.146354" m01="-0.908298" m02="-0.391886" m03="0" m10="-0.986157" m11="0.102751" m12="0.130139" m13="0" m20="-0.0779381" m21="0.405508" m22="-0.910763" m23="0" m30="0.249754" m31="-0.0625017" m32="1.4021" m33="1"/>
		<transform name="peon Prop1" m00="0.597232" m01="0.772612" m02="-0.21537" m03="0" m10="-0.347924" m11="0.491495" m12="0.798362" m13="0" m20="0.722677" m21="-0.401875" m22="0.562347" m23="0" m30="0.186641" m31="-0.265554" m32="0.495621" m33="1"/>
		<transform name="peon R Calf" m00="-0.64917" m01="0.123076" m02="-0.750621" m03="0" m10="0.760639" m11="0.101512" m12="-0.641189" m13="0" m20="-0.00271784" m21="-0.987192" m22="-0.159515" m23="0" m30="0.110407" m31="-0.134051" m32="0.217816" m33="1"/>
		<transform name="peon R Clavicle" m00="0.288252" m01="-0.945834" m02="-0.149361" m03="0" m10="-0.791259" m11="-0.323123" m12="0.519135" m13="0" m20="-0.539278" m21="-0.0314579" m22="-0.84154" m23="0" m30="0.130464" m31="-0.0312923" m32="1.05448" m33="1"/>
		<transform name="peon R Foot" m00="7.22452e-07" m01="-0.000550251" m02="-1" m03="0" m10="0.877092" m11="-0.480323" m12="0.000264928" m13="0" m20="-0.480323" m21="-0.877091" m22="0.000482285" m23="0" m30="0.029337" m31="-0.118681" m32="0.124077" m33="1"/>
		<transform name="peon R Forearm" m00="0.341896" m01="-0.44278" m02="-0.828887" m03="0" m10="-0.692416" m11="-0.715035" m12="0.0963563" m13="0" m20="-0.635348" m21="0.54099" m22="-0.551056" m23="0" m30="0.166468" m31="-0.219317" m32="0.891061" m33="1"/>
		<transform name="peon R Hand" m00="0.313277" m01="-0.481621" m02="-0.818473" m03="0" m10="0.58715" m11="0.775619" m12="-0.231667" m13="0" m20="0.746399" m21="-0.40799" m22="0.525768" m23="0" m30="0.241233" m31="-0.316143" m32="0.709802" m33="1"/>
		<transform name="peon R Thigh" m00="0.560611" m01="0.130587" m02="-0.817718" m03="0" m10="0.828075" m11="-0.0916482" m12="0.553075" m13="0" m20="-0.00271784" m21="-0.987192" m22="-0.159515" m23="0" m30="-0.00830037" m31="-0.161702" m32="0.390965" m33="1"/>
		<transform name="peon R Toe0" m00="0.877092" m01="-0.480323" m02="0.000264928" m03="0" m10="-7.22452e-07" m11="0.000550251" m12="1" m13="0" m20="-0.480323" m21="-0.877091" m22="0.000482285" m23="0" m30="0.133888" m31="-0.176001" m32="0.00599012" m33="1"/>
		<transform name="peon R UpperArm" m00="0.0957323" m01="-0.65291" m02="-0.751361" m03="0" m10="-0.766269" m11="-0.530129" m12="0.363035" m13="0" m20="-0.635348" m21="0.54099" m22="-0.551056" m23="0" m30="0.146719" m31="-0.0846303" m32="1.04606" m33="1"/>
		<transform name="peon Spine" m00="0.141061" m01="0.00947596" m02="0.989956" m03="0" m10="0.981731" m11="0.127642" m12="-0.141111" m13="0" m20="-0.127697" m21="0.991775" m22="0.00870251" m23="0" m30="-0.0298361" m31="-0.04825" m32="0.585115" m33="1"/>
		<transform name="peon Spine1" m00="0.248587" m01="0.103097" m02="0.963107" m03="0" m10="0.934463" m11="0.236159" m12="-0.266474" m13="0" m20="-0.254919" m21="0.966229" m22="-0.0376346" m23="0" m30="-0.00651636" m31="-0.0467064" m32="0.749674" m33="1"/>
		<transform name="peon Spine2" m00="0.539908" m01="0.0317153" m02="0.841127" m03="0" m10="0.79083" m11="0.323095" m12="-0.519805" m13="0" m20="-0.288249" m21="0.945835" m22="0.14936" m23="0" m30="0.0346879" m31="-0.0296169" m32="0.909808" m33="1"/>
	</frame>
	<frame index="5">
		<transform name="peon Head" m00="0.0882198" m01="0.0333962" m02="0.995541" m03="0" m10="0.993894" m11="-0.0694392" m12="-0.0857445" m13="0" m20="0.066266" m21="0.997027" m22="-0.0393182" m23="0" m30="0.180612" m31="-0.021525" m32="1.14064" m33="1"/>
		<transform name="peon L Calf" m00="-0.550782" m01="-0.0493431" m02="-0.83319" m03="0" m10="0.834618" m11="-0.0238583" m12="-0.550313" m13="0" m20="0.00727565" m21="-0.998497" m22="0.0543233" m23="0" m30="0.044582" m31="0.120372" m32="0.2282" m33="1"/>
		<transform name="peon L Clavicle" m00="-0.288236" m01="0.945692" m02="0.150286" m03="0" m10="-0.792483" m11="-0.323686" m12="0.516912" m13="0" m20="0.537486" m21="0.0298935" m22="0.842743" m23="0" m30="0.125477" m31="-0.017298" m32="1.05876" m33="1"/>
		<transform name="peon L Finger01" m00="0.583106" m01="-0.538044" m02="-0.608684" m03="0" m10="-0.812312" m11="-0.375368" m12="-0.446373" m13="0" m20="0.011688" m21="0.754724" m22="-0.655939" m23="0" m30="0.39349" m31="0.299656" m32="0.743357" m33="1"/>
		<transform name="peon L Finger1" m00="0.519047" m01="0.00371613" m02="-0.854737" m03="0" m10="0.093097" m11="-0.994287" m12="0.0522113" m13="0" m20="-0.84966" m21="-0.106674" m22="-0.516428" m23="0" m30="0.22632" m31="0.349369" m32="0.582632" m33="1"/>
		<transform name="peon L Finger11" m00="0.464241" m01="-0.615812" m02="-0.636596" m03="0" m10="-0.250115" m11="-0.780638" m12="0.572754" m13="0" m20="-0.84966" m21="-0.106674" m22="-0.516428" m23="0" m30="0.265505" m31="0.34965" m32="0.518104" m33="1"/>
		<transform name="peon L Foot" m00="4.50146e-06" m01="0.000548787" m02="-1" m03="0" m10="0.981547" m11="0.191219" m12="0.000109357" m13="0" m20="0.191219" m21="-0.981547" m22="-0.000537821" m23="0" m30="-0.0242008" m31="0.11421" m32="0.124149" m33="1"/>
		<transform name="peon L Forearm" m00="0.273471" m01="0.418276" m02="-0.866175" m03="0" m10="-0.736912" m11="0.669861" m12="0.0908158" m13="0" m20="0.618203" m21="0.613459" m22="0.49142" m23="0" m30="0.0878909" m31="0.176976" m32="0.918124" m33="1"/>
		<transform name="peon L Hand" m00="0.425977" m01="0.438429" m02="-0.791406" m03="0" m10="0.310163" m11="-0.892497" m12="-0.327486" m13="0" m20="-0.849907" m21="-0.105963" m22="-0.516168" m23="0" m30="0.147693" m31="0.268444" m32="0.72871" m33="1"/>
		<transform name="peon L Thigh" m00="0.248704" m01="-0.0508108" m02="-0.967246" m03="0" m10="0.968552" m11="0.0205477" m12="0.24796" m13="0" m20="0.00727565" m21="-0.998497" m22="0.0543233" m23="0" m30="-0.00808006" m31="0.131131" m32="0.43301" m33="1"/>
		<transform name="peon L Toe0" m00="0.981547" m01="0.191219" m02="0.000109297" m03="0" m10="-4.44295e-06" m11="-0.000548776" m12="1" m13="0" m20="0.191219" m21="-0.981547" m22="-0.000537821" m23="0" m30="0.0928022" m31="0.137069" m32="0.0060434" m33="1"/>
		<transform name="peon L UpperArm" m00="-0.10341" m01="0.683243" m02="-0.722831" m03="0" m10="-0.779187" m11="0.396038" m12="0.485821" m13="0" m20="0.618203" m21="0.613459" m22="0.49142" m23="0" m30="0.109223" m31="0.0360321" m32="1.06723" m33="1"/>
		<transform name="peon Neck" m00="0.538117" m01="0.0301512" m02="0.842331" m03="0" m10="0.792055" m11="0.323659" m12="-0.517584" m13="0" m20="-0.288234" m21="0.945693" m22="0.150285" m23="0" m30="0.127601" m31="-0.0244953" m32="1.05766" m33="1"/>
