<?xml version="1.0" encoding="ISO-8859-1" standalone="yes"?>
<!DOCTYPE animation [
    <!ELEMENT animation  (frame+)>
    <!ELEMENT frame      (transform+)>
    <!ELEMENT transform   EMPTY>
    <!ATTLIST frame index CDATA #REQUIRED>
    <!ATTLIST transform name CDATA #REQUIRED>
    <!ATTLIST transform m00 CDATA #REQUIRED>
    <!ATTLIST transform m01 CDATA #REQUIRED>
    <!ATTLIST transform m02 CDATA #REQUIRED>
    <!ATTLIST transform m03 CDATA #REQUIRED>
    <!ATTLIST transform m10 CDATA #REQUIRED>
    <!ATTLIST transform m11 CDATA #REQUIRED>
    <!ATTLIST transform m12 CDATA #REQUIRED>
    <!ATTLIST transform m13 CDATA #REQUIRED>
    <!ATTLIST transform m20 CDATA #REQUIRED>
    <!ATTLIST transform m21 CDATA #REQUIRED>
    <!ATTLIST transform m22 CDATA #REQUIRED>
    <!ATTLIST transform m23 CDATA #REQUIRED>
    <!ATTLIST transform m30 CDATA #REQUIRED>
    <!ATTLIST transform m31 CDATA #REQUIRED>
    <!ATTLIST transform m32 CDATA #REQUIRED>
    <!ATTLIST transform m33 CDATA #REQUIRED>
]>

<animation>
    <frame index="0">
        <transform name='peon Pelvis'
            m00='2.936520786533947e-06' m10='-1.3876707498639007e-06' m20='-1.0' m30='-0.003339140908792615'
            m01='-1.0' m11='0.0' m21='-2.936520786533947e-06' m31='0.2050168216228485'
            m02='4.092726157978177e-12' m12='1.0' m22='-1.3876707498639007e-06' m32='0.40532585978507996'
            m03='0.0' m13='0.0' m23='0.0' m33='1.0'/>
        <transform name='peon Spine'
            m00='-0.003522854298353195' m10='5.684341886080801e-13' m20='0.9999938011169434' m30='-0.0033392009790986776'
            m01='0.9999935030937195' m11='-0.0007963174721226096' m21='0.0035228529013693333' m31='0.23019659519195557'
            m02='0.0007963128155097365' m12='0.999999463558197' m22='2.805310714393272e-06' m32='0.5819048285484314'
            m03='0.0' m13='0.0' m23='0.0' m33='1.0'/>
        <transform name='peon L Thigh'
            m00='0.4224866032600403' m10='-0.11740512400865555' m20='-0.8987364172935486' m30='0.14437787234783173'
            m01='0.1114514023065567' m11='-0.9773218631744385' m21='0.18006843328475952' m31='0.20501744747161865'
            m02='-0.8994912505149841' m12='-0.1762409657239914' m22='-0.39981842041015625' m32='0.4053262174129486'
            m03='0.0' m13='0.0' m23='0.0' m33='1.0'/>
        <transform name='peon L Calf'
            m00='-0.012670926749706268' m10='-0.059718161821365356' m20='-0.9981378316879272' m30='0.11951800435781479'
            m01='0.9793438911437988' m11='0.20073050260543823' m21='-0.024437204003334045' m31='-0.0019269287586212158'
            m02='0.2018149346113205' m12='-0.9778249859809875' m22='0.05594101548194885' m32='0.3680083453655243'
            m03='0.0' m13='0.0' m23='0.0' m33='1.0'/>
        <transform name='peon L Foot'
            m00='0.006042705848813057' m10='-0.0037416666746139526' m20='0.9999777674674988' m30='0.11205974966287613'
            m01='-0.9996746182441711' m11='0.02485055848956108' m21='0.006129100918769836' m31='0.023140665143728256'
            m02='-0.024872707203030586' m12='-0.9996840357780457' m22='-0.0035903826355934143' m32='0.2458955943584442'
            m03='0.0' m13='0.0' m23='0.0' m33='1.0'/>
        <transform name='peon L Toe0'
            m00='0.0037402694579213858' m10='0.006039360072463751' m20='0.9999777674674988' m30='0.11233752965927124'
            m01='-0.024850687012076378' m11='-0.9996746182441711' m21='0.0061257220804691315' m31='-0.09308729320764542'
            m02='0.9996840357780457' m12='-0.024872789159417152' m22='-0.003589068306609988' m32='0.12484896928071976'
            m03='0.0' m13='0.0' m23='0.0' m33='1.0'/>
        <transform name='peon R Thigh'
            m00='-0.18894393742084503' m10='0.3189026117324829' m20='-0.9287665486335754' m30='-0.15105606615543365'
            m01='0.07439491152763367' m11='-0.9384331107139587' m21='-0.3373614549636841' m31='0.2050165832042694'
            m02='-0.9791657328605652' m12='-0.132837176322937' m22='0.1535857617855072' m32='0.405325710773468'
            m03='0.0' m13='0.0' m23='0.0' m33='1.0'/>
        <transform name='peon R Calf'
            m00='0.26208817958831787' m10='0.1440242975950241' m20='-0.9542393088340759' m30='-0.08352997153997421'
            m01='0.95375657081604' m11='0.11215699464082718' m21='0.27887865900993347' m31='0.006307033356279135'
            m02='0.14718908071517944' m12='-0.9831978678703308' m22='-0.1079685240983963' m32='0.37719786167144775'
            m03='0.0' m13='0.0' m23='0.0' m33='1.0'/>
        <transform name='peon R Foot'
            m00='-0.26717373728752136' m10='0.04466630145907402' m20='0.9626156687736511' m30='-0.06554430723190308'
            m01='-0.9631621241569519' m11='-0.044218018651008606' m21='-0.2652687728404999' m31='0.020313572138547897'
            m02='0.030716322362422943' m12='-0.9980229735374451' m22='0.05483448505401611' m32='0.2544141113758087'
            m03='0.0' m13='0.0' m23='0.0' m33='1.0'/>
        <transform name='peon R Toe0'
            m00='-0.04466783627867699' m10='-0.26716774702072144' m20='0.9626172780990601' m30='-0.09211442619562149'
            m01='0.04421844333410263' m11='-0.9631637930870056' m21='-0.2652626931667328' m31='-0.09972047060728073'
            m02='0.9980229139328003' m12='0.030716609209775925' m22='0.054835885763168335' m32='0.14019012451171875'
            m03='0.0' m13='0.0' m23='0.0' m33='1.0'/>
        <transform name='peon Spine1'
            m00='-0.003522790502756834' m10='2.8421910007805917e-13' m20='0.9999938011169434' m30='-0.0033392009790986776'
            m01='0.9999935030937195' m11='-0.0007963174721226096' m21='0.003522789105772972' m31='0.2301964908838272'
            m02='0.0007963128155097365' m12='0.999999463558197' m22='2.8052602374373237e-06' m32='0.7480977773666382'
            m03='0.0' m13='0.0' m23='0.0' m33='1.0'/>
        <transform name='peon Spine2'
            m00='-1.5729805454611778e-05' m10='2.396991476416588e-07' m20='1.0' m30='-0.0033392009790986776'
            m01='0.9846693277359009' m11='-0.1744319498538971' m21='1.5529803931713104e-05' m31='0.23020009696483612'
            m02='0.1744319051504135' m12='0.984669029712677' m22='2.507612862245878e-06' m32='0.9143147468566895'
            m03='0.0' m13='0.0' m23='0.0' m33='1.0'/>
        <transform name='peon Neck'
            m00='-1.9464059732854366e-06' m10='8.824272299534641e-07' m20='1.0' m30='-0.003339160932227969'
            m01='0.7655326724052429' m11='-0.6433971524238586' m21='2.057124220300466e-06' m31='0.20002329349517822'
            m02='0.6433969736099243' m12='0.7655324935913086' m22='5.766428330389317e-07' m32='1.0850498676300049'
            m03='0.0' m13='0.0' m23='0.0' m33='1.0'/>
        <transform name='peon R Clavicle'
            m00='1.3448304798657773e-06' m10='-1.0' m20='-2.2425808765547117e-08' m30='-0.01092299073934555'
            m01='-1.0' m11='-1.3441663213598076e-06' m21='-1.4901284828283679e-07' m31='0.19996322691440582'
            m02='1.7881352221138513e-07' m12='2.256729203509167e-08' m22='-0.9999998807907104' m32='1.0849997997283936'
            m03='0.0' m13='0.0' m23='0.0' m33='1.0'/>
        <transform name='peon R UpperArm'
            m00='0.8515477180480957' m10='-0.45288872718811035' m20='-0.26411792635917664' m30='-0.06731567531824112'
            m01='0.22378361225128174' m11='-0.14159387350082397' m21='0.9642988443374634' m31='0.19996322691440582'
            m02='-0.47411754727363586' m12='-0.8802515268325806' m22='-0.019224831834435463' m32='1.0849997997283936'
            m03='0.0' m13='0.0' m23='0.0' m33='1.0'/>
        <transform name='peon R Forearm'
            m00='0.8683809041976929' m10='-0.4160397946834564' m20='-0.26986202597618103' m30='-0.16073909401893616'
            m01='0.23274065554141998' m11='-0.138604074716568' m21='0.9626114964485168' m31='0.17074957489967346'
            m02='-0.4378886818885803' m12='-0.8987209796905518' m22='-0.023531723767518997' m32='0.903416097164154'
            m03='0.0' m13='0.0' m23='0.0' m33='1.0'/>
        <transform name='peon R Hand'
            m00='0.7191448211669922' m10='-0.4581995904445648' m20='0.5223828554153442' m30='-0.2517186403274536'
            m01='-0.6420063972473145' m11='-0.1505511850118637' m21='0.7517728209495544' m31='0.14044205844402313'
            m02='-0.2658166289329529' m12='-0.8760063648223877' m22='-0.40243518352508545' m32='0.7068850994110107'
            m03='0.0' m13='0.0' m23='0.0' m33='1.0'/>
        <transform name='peon Prop1'
            m00='0.8020142316818237' m10='0.5968745946884155' m20='-0.022674191743135452' m30='0.057135432958602905'
            m01='-0.5961526036262512' m11='0.7975322008132935' m21='-0.09243889153003693' m31='0.4294925034046173'
            m02='-0.037091050297021866' m12='0.08765467256307602' m22='0.9954601526260376' m32='0.5834534168243408'
            m03='0.0' m13='0.0' m23='0.0' m33='1.0'/>
        <transform name='peon Head'
            m00='-2.87814145849552e-08' m10='-1.1368683772161603e-13' m20='-1.0' m30='-0.003339070826768875'
            m01='-1.0000001192092896' m11='1.3411056443146663e-06' m21='2.9445800464600325e-08' m31='0.13664080202579498'
            m02='1.3709055792787694e-06' m12='0.9999997615814209' m22='1.4205170373315923e-10' m32='1.160469889640808'
            m03='0.0' m13='0.0' m23='0.0' m33='1.0'/>
        <transform name='peon Ponytail2'
            m00='-0.012957469560205936' m10='-0.9063073992729187' m20='0.4224205017089844' m30='-0.050323791801929474'
            m01='-0.9998965263366699' m11='0.014393303543329239' m21='0.000209813893889077' m31='0.08829639852046967'
            m02='-0.006270150188356638' m12='-0.42237389087677' m22='-0.9063997864723206' m32='1.4275398254394531'
            m03='0.0' m13='0.0' m23='0.0' m33='1.0'/>
        <transform name='peon Ponytail1'
            m00='0.012959800660610199' m10='0.9063072800636292' m20='0.4224201738834381' m30='0.04364550858736038'
            m01='-0.9998964667320251' m11='0.01439578179270029' m21='-0.00020960548135917634' m31='0.08829639852046967'
            m02='-0.006271006539463997' m12='-0.42237383127212524' m22='0.906399667263031' m32='1.4275398254394531'
            m03='0.0' m13='0.0' m23='0.0' m33='1.0'/>
        <transform name='peon L Clavicle'
            m00='1.344830593552615e-06' m10='1.0' m20='2.2424217149819015e-08' m30='0.004244639538228512'
            m01='-1.0' m11='1.3441663213598076e-06' m21='1.2326478813357022e-12' m31='0.19996324181556702'
            m02='-4.1112200991656744e-13' m12='-2.2567235191672808e-08' m22='0.9999998211860657' m32='1.0849997997283936'
            m03='0.0' m13='0.0' m23='0.0' m33='1.0'/>
        <transform name='peon L UpperArm'
            m00='-0.7107022404670715' m10='0.3216390907764435' m20='-0.6256601214408875' m30='0.06063711643218994'
            m01='0.5857884883880615' m11='-0.2219119668006897' m21='-0.7794915437698364' m31='0.19996359944343567'
            m02='-0.3895564079284668' m12='-0.9204906821250916' m22='-0.030699219554662704' m32='1.084999680519104'
            m03='0.0' m13='0.0' m23='0.0' m33='1.0'/>
        <transform name='peon L Forearm'
            m00='-0.7266228199005127' m10='0.2678910195827484' m20='-0.6326560378074646' m30='0.12698565423488617'
            m01='0.603522777557373' m11='-0.19113746285438538' m21='-0.7740974426269531' m31='0.15418457984924316'
            m02='-0.32829809188842773' m12='-0.9442989230155945' m22='-0.02279357984662056' m32='0.8951147198677063'
            m03='0.0' m13='0.0' m23='0.0' m33='1.0'/>
        <transform name='peon L Hand'
            m00='-0.07098457217216492' m10='0.3295291066169739' m20='0.9414732456207275' m30='0.18556702136993408'
            m01='-0.9697426557540894' m11='-0.24382317066192627' m21='0.012225568294525146' m31='0.11238659918308258'
            m02='0.2335815727710724' m12='-0.9121187329292297' m22='0.33686619997024536' m32='0.6886177659034729'
            m03='0.0' m13='0.0' m23='0.0' m33='1.0'/>
        <transform name='peon L Finger1'
            m00='-0.03578116372227669' m10='0.3295291066169739' m20='0.9434671998023987' m30='0.24638938903808594'
            m01='-0.9686098694801331' m11='-0.24382315576076508' m21='0.04842649772763252' m31='0.06737835705280304'
            m02='0.24599698185920715' m12='-0.9121187329292297' m22='0.32790952920913696' m32='0.5202576518058777'
            m03='0.0' m13='0.0' m23='0.0' m33='1.0'/>
        <transform name='peon L Finger11'
            m00='0.7461215257644653' m10='-0.3189222514629364' m20='0.5844581723213196' m30='0.2712678611278534'
            m01='-0.5063536167144775' m11='0.2981920838356018' m21='0.8091276288032532' m31='0.04897245764732361'
            m02='-0.4323294758796692' m12='-0.899649977684021' m22='0.06100025773048401' m32='0.4513983130455017'
            m03='0.0' m13='0.0' m23='0.0' m33='1.0'/>
        <transform name='peon L Finger01'
            m00='0.6172553300857544' m10='-0.6520900726318359' m20='-0.44019803404808044' m30='0.052568912506103516'
            m01='0.35939037799835205' m11='-0.26402387022972107' m21='0.8950586318969727' m31='-0.0699596032500267'
            m02='-0.6998815536499023' m12='-0.7106825113296509' m22='0.0713847279548645' m32='0.5781673789024353'
            m03='0.0' m13='0.0' m23='0.0' m33='1.0'/>
    </frame>
    <frame index="1">
        <transform name='peon Pelvis'
            m00='2.936520786533947e-06' m10='-1.3876707498639007e-06' m20='-1.0' m30='-0.003339140908792615'
            m01='-1.0' m11='0.0' m21='-2.936520786533947e-06' m31='0.2050168216228485'
            m02='4.092726157978177e-12' m12='1.0' m22='-1.3876707498639007e-06' m32='0.4053404927253723'
            m03='0.0' m13='0.0' m23='0.0' m33='1.0'/>
        <transform name='peon Spine'
            m00='-0.003522854298353195' m10='5.684341886080801e-13' m20='0.9999938011169434' m30='-0.0033392009790986776'
            m01='0.9999935030937195' m11='-0.0007963174721226096' m21='0.0035228529013693333' m31='0.23019659519195557'
            m02='0.0007963128155097365' m12='0.999999463558197' m22='2.805310714393272e-06' m32='0.5819194316864014'
            m03='0.0' m13='0.0' m23='0.0' m33='1.0'/>
        <transform name='peon L Thigh'
            m00='0.4224866032600403' m10='-0.11740512400865555' m20='-0.8987364172935486' m30='0.14437787234783173'
            m01='0.1114514023065567' m11='-0.9773218631744385' m21='0.18006843328475952' m31='0.20501744747161865'
            m02='-0.8994912505149841' m12='-0.1762409657239914' m22='-0.39981842041015625' m32='0.4053408205509186'
            m03='0.0' m13='0.0' m23='0.0' m33='1.0'/>
        <transform name='peon L Calf'
            m00='-0.012886404991149902' m10='-0.05894210934638977' m20='-0.9981812238693237' m30='0.11951800435781479'
            m01='0.9795637130737305' m11='0.1996559053659439' m21='-0.024430856108665466' m31='-0.001926928642205894'
            m02='0.20073166489601135' m12='-0.9780920743942261' m22='0.05516457557678223' m32='0.36802294850349426'
            m03='0.0' m13='0.0' m23='0.0' m33='1.0'/>
        <transform name='peon L Foot'
            m00='0.006116889417171478' m10='-0.0029385127127170563' m20='0.9999800324440002' m30='0.11215666681528091'
            m01='-0.9997010231018066' m11='0.02375519834458828' m21='0.006180213764309883' m31='0.023006467148661613'
            m02='-0.023772649466991425' m12='-0.9997133612632751' m22='-0.0027924515306949615' m32='0.24587684869766235'
            m03='0.0' m13='0.0' m23='0.0' m33='1.0'/>
        <transform name='peon L Toe0'
            m00='0.0029371154960244894' m10='0.006113543640822172' m20='0.9999800324440002' m30='0.1125381588935852'
            m01='-0.023755326867103577' m11='-0.9997010231018066' m21='0.00617683632299304' m31='-0.09335403144359589'
            m02='0.9997133612632751' m12='-0.02377273328602314' m22='-0.002791133476421237' m32='0.12495788931846619'
            m03='0.0' m13='0.0' m23='0.0' m33='1.0'/>
        <transform name='peon R Thigh'
            m00='-0.18953564763069153' m10='0.3185160458087921' m20='-0.9287786483764648' m30='-0.15105606615543365'
            m01='0.07429327070713043' m11='-0.9385581612586975' m21='-0.33703601360321045' m31='0.2050165832042694'
            m02='-0.9790590405464172' m12='-0.13288159668445587' m22='0.15422587096691132' m32='0.405340313911438'
            m03='0.0' m13='0.0' m23='0.0' m33='1.0'/>
        <transform name='peon R Calf'
            m00='0.26235896348953247' m10='0.14341402053833008' m20='-0.9542568922042847' m30='-0.08361182361841202'
            m01='0.953812837600708' m11='0.11142898350954056' m21='0.27897849678993225' m31='0.0062805539928376675'
            m02='0.1463405191898346' m12='-0.9833697080612183' m22='-0.107555091381073' m32='0.3772030770778656'
            m03='0.0' m13='0.0' m23='0.0' m33='1.0'/>
        <transform name='peon R Foot'
            m00='-0.2673321068286896' m10='0.044017620384693146' m20='0.9626016616821289' m30='-0.06570237129926682'
            m01='-0.9630905389785767' m11='-0.04493815451860428' m21='-0.26540806889533997' m31='0.020196177065372467'
            m02='0.03157476335763931' m12='-0.9980195164680481' m22='0.054405998438596725' m32='0.2543978691101074'
            m03='0.0' m13='0.0' m23='0.0' m33='1.0'/>
        <transform name='peon R Toe0'
            m00='-0.04401915520429611' m10='-0.26732611656188965' m20='0.9626032710075378' m30='-0.0923679918050766'
            m01='0.0449385792016983' m11='-0.9630922079086304' m21='-0.2654019892215729' m31='-0.09991439431905746'
            m02='0.9980194568634033' m12='0.031575046479701996' m22='0.05440739542245865' m32='0.14027661085128784'
            m03='0.0' m13='0.0' m23='0.0' m33='1.0'/>
        <transform name='peon Spine1'
            m00='-0.003522790502756834' m10='2.8421910007805917e-13' m20='0.9999938011169434' m30='-0.0033392009790986776'
            m01='0.9999935030937195' m11='-0.0007963174721226096' m21='0.003522789105772972' m31='0.2301964908838272'
            m02='0.0007963128155097365' m12='0.999999463558197' m22='2.8052602374373237e-06' m32='0.7481124401092529'
            m03='0.0' m13='0.0' m23='0.0' m33='1.0'/>
        <transform name='peon Spine2'
            m00='-1.5729805454611778e-05' m10='2.396991476416588e-07' m20='1.0' m30='-0.0033392009790986776'
            m01='0.9846693277359009' m11='-0.1744319498538971' m21='1.5529803931713104e-05' m31='0.23020009696483612'
            m02='0.1744319051504135' m12='0.984669029712677' m22='2.507612862245878e-06' m32='0.9143294095993042'
            m03='0.0' m13='0.0' m23='0.0' m33='1.0'/>
        <transform name='peon Neck'
            m00='-1.9464059732854366e-06' m10='8.824272299534641e-07' m20='1.0' m30='-0.003339160932227969'
            m01='0.7655326724052429' m11='-0.6433971524238586' m21='2.057124220300466e-06' m31='0.20002329349517822'
            m02='0.6433969736099243' m12='0.7655324935913086' m22='5.766428330389317e-07' m32='1.0850645303726196'
            m03='0.0' m13='0.0' m23='0.0' m33='1.0'/>
        <transform name='peon R Clavicle'
            m00='1.3448304798657773e-06' m10='-1.0' m20='-2.2425808765547117e-08' m30='-0.01092299073934555'
            m01='-1.0' m11='-1.3441663213598076e-06' m21='-1.4901284828283679e-07' m31='0.19996322691440582'
            m02='1.7881352221138513e-07' m12='2.256729203509167e-08' m22='-0.9999998807907104' m32='1.0850144624710083'
            m03='0.0' m13='0.0' m23='0.0' m33='1.0'/>
        <transform name='peon R UpperArm'
            m00='0.8515477180480957' m10='-0.45288872718811035' m20='-0.26411792635917664' m30='-0.06731567531824112'
            m01='0.22378361225128174' m11='-0.14159387350082397' m21='0.9642988443374634' m31='0.19996322691440582'
            m02='-0.47411754727363586' m12='-0.8802515268325806' m22='-0.019224831834435463' m32='1.0850144624710083'
            m03='0.0' m13='0.0' m23='0.0' m33='1.0'/>
        <transform name='peon R Forearm'
            m00='0.8683809041976929' m10='-0.4160397946834564' m20='-0.26986202597618103' m30='-0.16073909401893616'
            m01='0.23274065554141998' m11='-0.138604074716568' m21='0.9626114964485168' m31='0.17074957489967346'
            m02='-0.4378886818885803' m12='-0.8987209796905518' m22='-0.023531723767518997' m32='0.9034307599067688'
            m03='0.0' m13='0.0' m23='0.0' m33='1.0'/>
        <transform name='peon R Hand'
            m00='0.7191448211669922' m10='-0.4581995904445648' m20='0.5223828554153442' m30='-0.2517186403274536'
            m01='-0.6420063972473145' m11='-0.1505511850118637' m21='0.7517728209495544' m31='0.14044205844402313'
            m02='-0.2658166289329529' m12='-0.8760063648223877' m22='-0.40243518352508545' m32='0.7068997621536255'
            m03='0.0' m13='0.0' m23='0.0' m33='1.0'/>
        <transform name='peon Prop1'
            m00='0.8020142316818237' m10='0.5968745946884155' m20='-0.022674191743135452' m30='0.057135432958602905'
            m01='-0.5961526036262512' m11='0.7975322008132935' m21='-0.09243889153003693' m31='0.4294925034046173'
            m02='-0.037091050297021866' m12='0.08765467256307602' m22='0.9954601526260376' m32='0.5834680795669556'
            m03='0.0' m13='0.0' m23='0.0' m33='1.0'/>
        <transform name='peon Head'
            m00='-0.00036646027001552284' m10='0.0004084460961166769' m20='-0.9999998211860657' m30='-0.003339070826768875'
            m01='-1.0' m11='-0.0001983432739507407' m21='0.00036638000165112317' m31='0.13664080202579498'
            m02='-0.0001981637324206531' m12='0.9999996423721313' m22='0.0004085187683813274' m32='1.1604845523834229'
            m03='0.0' m13='0.0' m23='0.0' m33='1.0'/>
        <transform name='peon Ponytail2'
            m00='-0.013980432413518429' m10='-0.9073203802108765' m20='0.42020750045776367' m30='-0.0502324178814888'
            m01='-0.9998794794082642' m11='0.015531066805124283' m21='0.0002686951484065503' m31='0.08826029300689697'
            m02='-0.006770031992346048' m12='-0.4201529324054718' m22='-0.9074277877807617' m32='1.427564024925232'
            m03='0.0' m13='0.0' m23='0.0' m33='1.0'/>
        <transform name='peon Ponytail1'
            m00='0.013066701591014862' m10='0.9069880247116089' m20='0.4209531247615814' m30='0.04373686760663986'
            m01='-0.9998955726623535' m11='0.014454714953899384' m21='-0.00010669918265193701' m31='0.08822587132453918'
            m02='-0.006181503180414438' m12='-0.4209078252315521' m22='0.9070819616317749' m32='1.4275256395339966'
            m03='0.0' m13='0.0' m23='0.0' m33='1.0'/>
        <transform name='peon L Clavicle'
            m00='1.344830593552615e-06' m10='1.0' m20='2.2424217149819015e-08' m30='0.004244639538228512'
            m01='-1.0' m11='1.3441663213598076e-06' m21='1.2326478813357022e-12' m31='0.19996324181556702'
            m02='-4.1112200991656744e-13' m12='-2.2567235191672808e-08' m22='0.9999998211860657' m32='1.0850144624710083'
            m03='0.0' m13='0.0' m23='0.0' m33='1.0'/>
        <transform name='peon L UpperArm'
            m00='-0.7107022404670715' m10='0.3216390907764435' m20='-0.6256601214408875' m30='0.06063711643218994'
            m01='0.5857884883880615' m11='-0.2219119668006897' m21='-0.7794915437698364' m31='0.19996359944343567'
            m02='-0.3895564079284668' m12='-0.9204906821250916' m22='-0.030699219554662704' m32='1.0850143432617188'
            m03='0.0' m13='0.0' m23='0.0' m33='1.0'/>
        <transform name='peon L Forearm'
            m00='-0.7266228199005127' m10='0.2678910195827484' m20='-0.6326560378074646' m30='0.12698565423488617'
            m01='0.603522777557373' m11='-0.19113746285438538' m21='-0.7740974426269531' m31='0.15418457984924316'
            m02='-0.32829809188842773' m12='-0.9442989230155945' m22='-0.02279357984662056' m32='0.895129382610321'
            m03='0.0' m13='0.0' m23='0.0' m33='1.0'/>
        <transform name='peon L Hand'
            m00='-0.07098457217216492' m10='0.3295291066169739' m20='0.9414732456207275' m30='0.18556702136993408'
            m01='-0.9697426557540894' m11='-0.24382317066192627' m21='0.012225568294525146' m31='0.11238659918308258'
            m02='0.2335815727710724' m12='-0.9121187329292297' m22='0.33686619997024536' m32='0.6886324286460876'
            m03='0.0' m13='0.0' m23='0.0' m33='1.0'/>
        <transform name='peon L Finger1'
            m00='-0.035910360515117645' m10='0.3289214074611664' m20='0.9436742663383484' m30='0.24638938903808594'
            m01='-0.9686078429222107' m11='-0.243886336684227' m21='0.04814833402633667' m31='0.06737835705280304'
            m02='0.2459861785173416' m12='-0.912321150302887' m22='0.32735398411750793' m32='0.5202723145484924'
            m03='0.0' m13='0.0' m23='0.0' m33='1.0'/>
        <transform name='peon L Finger11'
            m00='0.7457226514816284' m10='-0.319368839263916' m20='0.5847232341766357' m30='0.27122199535369873'
            m01='-0.506550669670105' m11='0.2983121871948242' m21='0.8089600205421448' m31='0.04896768927574158'
            m02='-0.43278658390045166' m12='-0.8994516134262085' m22='0.0606817901134491' m32='0.45139768719673157'
            m03='0.0' m13='0.0' m23='0.0' m33='1.0'/>
        <transform name='peon L Finger01'
            m00='0.6172553300857544' m10='-0.6520900726318359' m20='-0.44019803404808044' m30='0.052568912506103516'
            m01='0.35939037799835205' m11='-0.26402387022972107' m21='0.8950586318969727' m31='-0.0699596032500267'
            m02='-0.6998815536499023' m12='-0.7106825113296509' m22='0.0713847279548645' m32='0.57818204164505'
            m03='0.0' m13='0.0' m23='0.0' m33='1.0'/>
    </frame>
    <frame index="2">
        <transform name='peon Pelvis'
            m00='2.936520786533947e-06' m10='-1.3876707498639007e-06' m20='-1.0' m30='-0.003339140908792615'
            m01='-1.0' m11='0.0' m21='-2.936520786533947e-06' m31='0.2050168216228485'
            m02='4.092726157978177e-12' m12='1.0' m22='-1.3876707498639007e-06' m32='0.40538322925567627'
            m03='0.0' m13='0.0' m23='0.0' m33='1.0'/>
        <transform name='peon Spine'
            m00='-0.003522854298353195' m10='5.684341886080801e-13' m20='0.9999938011169434' m30='-0.0033392009790986776'
            m01='0.9999935030937195' m11='-0.0007963174721226096' m21='0.0035228529013693333' m31='0.23019659519195557'
            m02='0.0007963128155097365' m12='0.999999463558197' m22='2.805310714393272e-06' m32='0.5819622278213501'
            m03='0.0' m13='0.0' m23='0.0' m33='1.0'/>
        <transform name='peon L Thigh'
            m00='0.4224866032600403' m10='-0.11740512400865555' m20='-0.8987364172935486' m30='0.14437787234783173'
            m01='0.1114514023065567' m11='-0.9773218631744385' m21='0.18006843328475952' m31='0.20501744747161865'
            m02='-0.8994912505149841' m12='-0.1762409657239914' m22='-0.39981842041015625' m32='0.4053836166858673'
            m03='0.0' m13='0.0' m23='0.0' m33='1.0'/>
        <transform name='peon L Calf'
            m00='-0.013510234653949738' m10='-0.05667558312416077' m20='-0.9983041882514954' m30='0.11951800435781479'
            m01='0.9801981449127197' m11='0.1965179294347763' m21='-0.02441716194152832' m31='-0.0019269282929599285'
            m02='0.197567418217659' m12='-0.9788610935211182' m22='0.05289807915687561' m32='0.368065744638443'
            m03='0.0' m13='0.0' m23='0.0' m33='1.0'/>
        <transform name='peon L Foot'
            m00='0.0063282158225774765' m10='-0.0005939975380897522' m20='0.9999828338623047' m30='0.11243971437215805'
            m01='-0.9997706413269043' m11='0.020558174699544907' m21='0.006334364414215088' m31='0.02261458896100521'
            m02='-0.02056133560836315' m12='-0.9997881650924683' m22='-0.00046379491686820984' m32='0.24582360684871674'
            m03='0.0' m13='0.0' m23='0.0' m33='1.0'/>
        <transform name='peon L Toe0'
            m00='0.0005926003213971853' m10='0.006324870511889458' m20='0.9999828338623047' m30='0.1131233274936676'
            m01='-0.020558303222060204' m11='-0.9997706413269043' m21='0.006330991163849831' m31='-0.09413182735443115'
            m02='0.9997881650924683' m12='-0.020561426877975464' m22='-0.0004624660359695554' m32='0.12527860701084137'
            m03='0.0' m13='0.0' m23='0.0' m33='1.0'/>
        <transform name='peon R Thigh'
            m00='-0.19126194715499878' m10='0.3173877000808716' m20='-0.9288109540939331' m30='-0.15105606615543365'
            m01='0.07399819791316986' m11='-0.9389220476150513' m21='-0.3360857367515564' m31='0.2050165832042694'
            m02='-0.9787455797195435' m12='-0.13301002979278564' m22='0.15609320998191833' m32='0.4053831100463867'
            m03='0.0' m13='0.0' m23='0.0' m33='1.0'/>
        <transform name='peon R Calf'
            m00='0.263144314289093' m10='0.1416304111480713' m20='-0.9543070197105408' m30='-0.08385074883699417'
            m01='0.9539734125137329' m11='0.10930602252483368' m21='0.2792697250843048' m31='0.006203500088304281'
            m02='0.14386381208896637' m12='-0.9838665127754211' m22='-0.10634785890579224' m32='0.37721866369247437'
            m03='0.0' m13='0.0' m23='0.0' m33='1.0'/>
        <transform name='peon R Foot'
            m00='-0.26778891682624817' m10='0.04212287440896034' m20='0.9625594019889832' m30='-0.066164031624794'
            m01='-0.9628783464431763' m11='-0.04703756421804428' m21='-0.2658143937587738' m31='0.019854003563523293'
            m02='0.0340794175863266' m12='-0.998004674911499' m22='0.05315510183572769' m32='0.254351407289505'
            m03='0.0' m13='0.0' m23='0.0' m33='1.0'/>
        <transform name='peon R Toe0'
            m00='-0.04212440922856331' m10='-0.26778292655944824' m20='0.9625610113143921' m30='-0.0931079089641571'
            m01='0.047037988901138306' m11='-0.96288001537323' m21='-0.2658083140850067' m31='-0.10047925263643265'
            m02='0.9980046153068542' m12='0.034079693257808685' m22='0.05315648019313812' m32='0.14053046703338623'
            m03='0.0' m13='0.0' m23='0.0' m33='1.0'/>
        <transform name='peon Spine1'
            m00='-0.003522790502756834' m10='2.8421910007805917e-13' m20='0.9999938011169434' m30='-0.0033392009790986776'
            m01='0.9999935030937195' m11='-0.0007963174721226096' m21='0.003522789105772972' m31='0.2301964908838272'
            m02='0.0007963128155097365' m12='0.999999463558197' m22='2.8052602374373237e-06' m32='0.7481552362442017'
            m03='0.0' m13='0.0' m23='0.0' m33='1.0'/>
        <transform name='peon Spine2'
            m00='-1.5729805454611778e-05' m10='2.396991476416588e-07' m20='1.0' m30='-0.0033392009790986776'
            m01='0.9846693277359009' m11='-0.1744319498538971' m21='1.5529803931713104e-05' m31='0.23020009696483612'
            m02='0.1744319051504135' m12='0.984669029712677' m22='2.507612862245878e-06' m32='0.9143722057342529'
            m03='0.0' m13='0.0' m23='0.0' m33='1.0'/>
        <transform name='peon Neck'
            m00='-1.9464059732854366e-06' m10='8.824272299534641e-07' m20='1.0' m30='-0.003339160932227969'
            m01='0.7655326724052429' m11='-0.6433971524238586' m21='2.057124220300466e-06' m31='0.20002329349517822'
            m02='0.6433969736099243' m12='0.7655324935913086' m22='5.766428330389317e-07' m32='1.0851073265075684'
            m03='0.0' m13='0.0' m23='0.0' m33='1.0'/>
        <transform name='peon R Clavicle'
            m00='1.3448304798657773e-06' m10='-1.0' m20='-2.2425808765547117e-08' m30='-0.01092299073934555'
            m01='-1.0' m11='-1.3441663213598076e-06' m21='-1.4901284828283679e-07' m31='0.19996322691440582'
            m02='1.7881352221138513e-07' m12='2.256729203509167e-08' m22='-0.9999998807907104' m32='1.085057258605957'
            m03='0.0' m13='0.0' m23='0.0' m33='1.0'/>
        <transform name='peon R UpperArm'
            m00='0.8515477180480957' m10='-0.45288872718811035' m20='-0.26411792635917664' m30='-0.06731567531824112'
            m01='0.22378361225128174' m11='-0.14159387350082397' m21='0.9642988443374634' m31='0.19996322691440582'
            m02='-0.47411754727363586' m12='-0.8802515268325806' m22='-0.019224831834435463' m32='1.085057258605957'
            m03='0.0' m13='0.0' m23='0.0' m33='1.0'/>
        <transform name='peon R Forearm'
            m00='0.8683809041976929' m10='-0.4160397946834564' m20='-0.26986202597618103' m30='-0.16073909401893616'
            m01='0.23274065554141998' m11='-0.138604074716568' m21='0.9626114964485168' m31='0.17074957489967346'
            m02='-0.4378886818885803' m12='-0.8987209796905518' m22='-0.023531723767518997' m32='0.9034735560417175'
            m03='0.0' m13='0.0' m23='0.0' m33='1.0'/>
        <transform name='peon R Hand'
            m00='0.7191448211669922' m10='-0.4581995904445648' m20='0.5223828554153442' m30='-0.2517186403274536'
            m01='-0.6420063972473145' m11='-0.1505511850118637' m21='0.7517728209495544' m31='0.14044205844402313'
            m02='-0.2658166289329529' m12='-0.8760063648223877' m22='-0.40243518352508545' m32='0.7069425582885742'
            m03='0.0' m13='0.0' m23='0.0' m33='1.0'/>
        <transform name='peon Prop1'
            m00='0.8020142316818237' m10='0.5968745946884155' m20='-0.022674191743135452' m30='0.057135432958602905'
            m01='-0.5961526036262512' m11='0.7975322008132935' m21='-0.09243889153003693' m31='0.4294925034046173'
            m02='-0.037091050297021866' m12='0.08765467256307602' m22='0.9954601526260376' m32='0.5835108757019043'
            m03='0.0' m13='0.0' m23='0.0' m33='1.0'/>
        <transform name='peon Head'
            m00='-0.0014360834611579776' m10='0.001599763985723257' m20='-0.9999976754188538' m30='-0.003339070826768875'
            m01='-0.9999988079071045' m11='-0.0007877659518271685' m21='0.001434825360774994' m31='0.13664080202579498'
            m02='-0.0007854386349208653' m12='0.999998152256012' m22='0.0016008928650990129' m32='1.1605273485183716'
            m03='0.0' m13='0.0' m23='0.0' m33='1.0'/>
        <transform name='peon Ponytail2'
            m00='-0.016968920826911926' m10='-0.9102404117584229' m20='0.41373252868652344' m30='-0.049965862184762955'
            m01='-0.9998223185539246' m11='0.01885366439819336' m21='0.0004724290338344872' m31='0.08815312385559082'
            m02='-0.008230363950133324' m12='-0.41365084052085876' m22='-0.9103981852531433' m32='1.4276340007781982'
            m03='0.0' m13='0.0' m23='0.0' m33='1.0'/>
        <transform name='peon Ponytail1'
            m00='0.013381607830524445' m10='0.9089629054069519' m20='0.4166618287563324' m30='0.04400322213768959'
            m01='-0.999893069267273' m11='0.014628002420067787' m21='0.0002012881450355053' m31='0.08801829814910889'
            m02='-0.005911937449127436' m12='-0.41662007570266724' m22='0.909061074256897' m32='1.4274835586547852'
            m03='0.0' m13='0.0' m23='0.0' m33='1.0'/>
        <transform name='peon L Clavicle'
            m00='1.344830593552615e-06' m10='1.0' m20='2.2424217149819015e-08' m30='0.004244639538228512'
            m01='-1.0' m11='1.3441663213598076e-06' m21='1.2326478813357022e-12' m31='0.19996324181556702'
            m02='-4.1112200991656744e-13' m12='-2.2567235191672808e-08' m22='0.9999998211860657' m32='1.085057258605957'
            m03='0.0' m13='0.0' m23='0.0' m33='1.0'/>
        <transform name='peon L UpperArm'
            m00='-0.7107022404670715' m10='0.3216390907764435' m20='-0.6256601214408875' m30='0.06063711643218994'
            m01='0.5857884883880615' m11='-0.2219119668006897' m21='-0.7794915437698364' m31='0.19996359944343567'
            m02='-0.3895564079284668' m12='-0.9204906821250916' m22='-0.030699219554662704' m32='1.0850571393966675'
            m03='0.0' m13='0.0' m23='0.0' m33='1.0'/>
        <transform name='peon L Forearm'
            m00='-0.7266228199005127' m10='0.2678910195827484' m20='-0.6326560378074646' m30='0.12698565423488617'
            m01='0.603522777557373' m11='-0.19113746285438538' m21='-0.7740974426269531' m31='0.15418457984924316'
            m02='-0.32829809188842773' m12='-0.9442989230155945' m22='-0.02279357984662056' m32='0.8951721787452698'
            m03='0.0' m13='0.0' m23='0.0' m33='1.0'/>
        <transform name='peon L Hand'
            m00='-0.07098457217216492' m10='0.3295291066169739' m20='0.9414732456207275' m30='0.18556702136993408'
            m01='-0.9697426557540894' m11='-0.24382317066192627' m21='0.012225568294525146' m31='0.11238659918308258'
            m02='0.2335815727710724' m12='-0.9121187329292297' m22='0.33686619997024536' m32='0.6886752247810364'
            m03='0.0' m13='0.0' m23='0.0' m33='1.0'/>
        <transform name='peon L Finger1'
            m00='-0.03628735989332199' m10='0.3271474838256836' m20='0.9442763328552246' m30='0.24638938903808594'
            m01='-0.9686017036437988' m11='-0.24406960606575012' m21='0.04733649641275406' m31='0.06737835705280304'
            m02='0.24595507979393005' m12='-0.9129098057746887' m22='0.32573235034942627' m32='0.5203151106834412'
            m03='0.0' m13='0.0' m23='0.0' m33='1.0'/>
        <transform name='peon L Finger11'
            m00='0.7445569038391113' m10='-0.3206711411476135' m20='0.5854955911636353' m30='0.2710880637168884'
            m01='-0.5071249008178711' m11='0.29866334795951843' m21='0.8084704875946045' m31='0.04895385354757309'
            m02='-0.4341191351413727' m12='-0.8988716006278992' m22='0.059751689434051514' m32='0.45139604806900024'
            m03='0.0' m13='0.0' m23='0.0' m33='1.0'/>
        <transform name='peon L Finger01'
            m00='0.6172553300857544' m10='-0.6520900726318359' m20='-0.44019803404808044' m30='0.052568912506103516'
            m01='0.35939037799835205' m11='-0.26402387022972107' m21='0.8950586318969727' m31='-0.0699596032500267'
            m02='-0.6998815536499023' m12='-0.7106825113296509' m22='0.0713847279548645' m32='0.5782248377799988'
            m03='0.0' m13='0.0' m23='0.0' m33='1.0'/>
    </frame>
    <frame index="3">
        <transform name='peon Pelvis'
            m00='2.936520786533947e-06' m10='-1.3876707498639007e-06' m20='-1.0' m30='-0.003339140908792615'
            m01='-1.0' m11='0.0' m21='-2.936520786533947e-06' m31='0.2050168216228485'
            m02='4.092726157978177e-12' m12='1.0' m22='-1.3876707498639007e-06' m32='0.4054522216320038'
            m03='0.0' m13='0.0' m23='0.0' m33='1.0'/>
        <transform name='peon Spine'
            m00='-0.003522854298353195' m10='5.684341886080801e-13' m20='0.9999938011169434' m30='-0.0033392009790986776'
            m01='0.9999935030937195' m11='-0.0007963174721226096' m21='0.0035228529013693333' m31='0.23019659519195557'
            m02='0.0007963128155097365' m12='0.999999463558197' m22='2.805310714393272e-06' m32='0.5820311903953552'
            m03='0.0' m13='0.0' m23='0.0' m33='1.0'/>
        <transform name='peon L Thigh'
            m00='0.4224866032600403' m10='-0.11740512400865555' m20='-0.8987364172935486' m30='0.14437787234783173'
            m01='0.1114514023065567' m11='-0.9773218631744385' m21='0.18006843328475952' m31='0.20501744747161865'
            m02='-0.8994912505149841' m12='-0.1762409657239914' m22='-0.39981842041015625' m32='0.40545257925987244'
            m03='0.0' m13='0.0' m23='0.0' m33='1.0'/>
        <transform name='peon L Calf'
            m00='-0.014502950012683868' m10='-0.05300837755203247' m20='-0.9984917640686035' m30='0.11951800435781479'
            m01='0.9812020659446716' m11='0.19144347310066223' m21='-0.024410516023635864' m31='-0.0019269277108833194'
            m02='0.19244763255119324' m12='-0.9800714254379272' m22='0.049235254526138306' m32='0.3681347072124481'
            m03='0.0' m13='0.0' m23='0.0' m33='1.0'/>
        <transform name='peon L Foot'
            m00='0.006653964519500732' m10='0.00319584459066391' m20='0.9999758005142212' m30='0.11289767920970917'
