<?xml version="1.0" encoding="ISO-8859-1" standalone="yes"?>
<!DOCTYPE animation [
    <!ELEMENT animation  (frame+)>
    <!ELEMENT frame      (transform+)>
    <!ELEMENT transform   EMPTY>
    <!ATTLIST frame index CDATA #REQUIRED>
    <!ATTLIST transform name CDATA #REQUIRED>
    <!ATTLIST transform m00 CDATA #REQUIRED>
    <!ATTLIST transform m01 CDATA #REQUIRED>
    <!ATTLIST transform m02 CDATA #REQUIRED>
    <!ATTLIST transform m03 CDATA #REQUIRED>
    <!ATTLIST transform m10 CDATA #REQUIRED>
    <!ATTLIST transform m11 CDATA #REQUIRED>
    <!ATTLIST transform m12 CDATA #REQUIRED>
    <!ATTLIST transform m13 CDATA #REQUIRED>
    <!ATTLIST transform m20 CDATA #REQUIRED>
    <!ATTLIST transform m21 CDATA #REQUIRED>
    <!ATTLIST transform m22 CDATA #REQUIRED>
    <!ATTLIST transform m23 CDATA #REQUIRED>
    <!ATTLIST transform m30 CDATA #REQUIRED>
    <!ATTLIST transform m31 CDATA #REQUIRED>
    <!ATTLIST transform m32 CDATA #REQUIRED>
    <!ATTLIST transform m33 CDATA #REQUIRED>
]>

<animation>
    <frame index="0">
        <transform name='peon Pelvis'
            m00='2.936520786533947e-06' m10='-1.3876707498639007e-06' m20='-1.0' m30='-0.003339140908792615'
            m01='-1.0' m11='0.0' m21='-2.936520786533947e-06' m31='0.2050168216228485'
            m02='4.092726157978177e-12' m12='1.0' m22='-1.3876707498639007e-06' m32='0.40532585978507996'
            m03='0.0' m13='0.0' m23='0.0' m33='1.0'/>
        <transform name='peon Spine'
            m00='-0.003522854298353195' m10='5.684341886080801e-13' m20='0.9999938011169434' m30='-0.0033392009790986776'
            m01='0.9999935030937195' m11='-0.0007963174721226096' m21='0.0035228529013693333' m31='0.23019659519195557'
            m02='0.0007963128155097365' m12='0.999999463558197' m22='2.805310714393272e-06' m32='0.5819048285484314'
            m03='0.0' m13='0.0' m23='0.0' m33='1.0'/>
        <transform name='peon L Thigh'
            m00='0.42248690128326416' m10='-0.1174074113368988' m20='-0.8987358808517456' m30='0.14437787234783173'
            m01='0.11145029217004776' m11='-0.9773215651512146' m21='0.18007047474384308' m31='0.20501744747161865'
            m02='-0.8994911909103394' m12='-0.17624084651470184' m22='-0.3998185396194458' m32='0.4053262174129486'
            m03='0.0' m13='0.0' m23='0.0' m33='1.0'/>
        <transform name='peon L Calf'
            m00='-0.01266816258430481' m10='-0.05971771478652954' m20='-0.9981378316879272' m30='0.11951752752065659'
            m01='0.979343831539154' m11='0.20073071122169495' m21='-0.02443443238735199' m31='-0.0019268691539764404'
            m02='0.20181500911712646' m12='-0.9778249263763428' m22='0.05594107508659363' m32='0.3680083751678467'
            m03='0.0' m13='0.0' m23='0.0' m33='1.0'/>
        <transform name='peon L Foot'
            m00='0.0060398634523153305' m10='-0.003741305321455002' m20='0.9999775886535645' m30='0.1120593249797821'
            m01='-0.9996745586395264' m11='0.02485082671046257' m21='0.006126269698143005' m31='0.02314075268805027'
            m02='-0.024872926995158195' m12='-0.9996842741966248' m22='-0.0035900361835956573' m32='0.2458956241607666'
            m03='0.0' m13='0.0' m23='0.0' m33='1.0'/>
        <transform name='peon L Toe0'
            m00='0.003739899955689907' m10='0.00603882223367691' m20='0.9999775886535645' m30='0.11233709007501602'
            m01='-0.024850836023688316' m11='-0.9996745586395264' m21='0.0061251940205693245' m31='-0.09308716654777527'
            m02='0.9996842741966248' m12='-0.024872979149222374' m22='-0.0035886571276932955' m32='0.12484894692897797'
            m03='0.0' m13='0.0' m23='0.0' m33='1.0'/>
        <transform name='peon R Thigh'
            m00='-0.18894416093826294' m10='0.3189047873020172' m20='-0.928765594959259' m30='-0.15105606615543365'
            m01='0.0743943303823471' m11='-0.9384323358535767' m21='-0.3373636305332184' m31='0.2050165832042694'
            m02='-0.9791656732559204' m12='-0.13283705711364746' m22='0.15358591079711914' m32='0.405325710773468'
            m03='0.0' m13='0.0' m23='0.0' m33='1.0'/>
        <transform name='peon R Calf'
            m00='0.2620854675769806' m10='0.14402395486831665' m20='-0.9542399644851685' m30='-0.0835295170545578'
            m01='0.9537572264671326' m11='0.11215739697217941' m21='0.27887582778930664' m31='0.006307212170213461'
            m02='0.14718902111053467' m12='-0.9831977486610413' m22='-0.10796850174665451' m32='0.37719789147377014'
            m03='0.0' m13='0.0' m23='0.0' m33='1.0'/>
        <transform name='peon R Foot'
            m00='-0.2671712040901184' m10='0.04466606304049492' m20='0.9626163244247437' m30='-0.06554388999938965'
            m01='-0.9631628394126892' m11='-0.044217661023139954' m21='-0.26526615023612976' m31='0.020313799381256104'
            m02='0.03071625530719757' m12='-0.9980229139328003' m22='0.054834045469760895' m32='0.2544141411781311'
            m03='0.0' m13='0.0' m23='0.0' m33='1.0'/>
        <transform name='peon R Toe0'
            m00='-0.044667646288871765' m10='-0.26716727018356323' m20='0.9626173377037048' m30='-0.09211397916078568'
            m01='0.044217973947525024' m11='-0.9631639122962952' m21='-0.2652621567249298' m31='-0.09972021728754044'
            m02='0.9980228543281555' m12='0.03071640431880951' m22='0.05483552813529968' m32='0.14019009470939636'
            m03='0.0' m13='0.0' m23='0.0' m33='1.0'/>
        <transform name='peon Spine1'
            m00='-0.011311383917927742' m10='-0.08967240154743195' m20='0.9959070682525635' m30='-0.0033391956239938736'
            m01='0.9995821714401245' m11='-0.027509693056344986' m21='0.008876126259565353' m31='0.2301964908838272'
            m02='0.026601148769259453' m12='0.9955911040306091' m22='0.08994608372449875' m32='0.7480977773666382'
            m03='0.0' m13='0.0' m23='0.0' m33='1.0'/>
        <transform name='peon Spine2'
            m00='-0.023271478712558746' m10='-0.08695488423109055' m20='0.9959403872489929' m30='-0.018245330080389977'
            m01='0.9796440005302429' m11='-0.20067133009433746' m21='0.00537020992487669' m31='0.225759819149971'
            m02='0.19938966631889343' m12='0.9757917523384094' m22='0.08985471725463867' m32='0.9135855436325073'
            m03='0.0' m13='0.0' m23='0.0' m33='1.0'/>
        <transform name='peon Neck'
            m00='-0.06361962109804153' m10='-0.06367655843496323' m20='0.9959406852722168' m30='-0.0333232581615448'
            m01='0.7480610013008118' m11='-0.6636085510253906' m21='0.005356793757528067' m31='0.1910332590341568'
            m02='0.660573422908783' m12='0.7453649640083313' m22='0.08985244482755661' m32='1.0827831029891968'
            m03='0.0' m13='0.0' m23='0.0' m33='1.0'/>
        <transform name='peon R Clavicle'
            m00='0.007732858415693045' m10='-0.9959407448768616' m20='0.0896785631775856' m30='-0.04087134823203087'
            m01='-0.9996289014816284' m11='-0.005356097128242254' m21='0.026713546365499496' m31='0.1909339427947998'
            m02='-0.02612471953034401' m12='-0.08985182642936707' m22='-0.9956122636795044' m32='1.0820503234863281'
            m03='0.0' m13='0.0' m23='0.0' m33='1.0'/>
        <transform name='peon R UpperArm'
            m00='0.7168363332748413' m10='-0.055845603346824646' m20='-0.695001482963562' m30='-0.09703505039215088'
            m01='-0.03394366800785065' m11='-0.9984007477760315' m21='0.045214712619781494' m31='0.19063177704811096'
            m02='-0.6964148283004761' m12='-0.008820421993732452' m22='-0.7175850868225098' m32='1.0769834518432617'
            m03='0.0' m13='0.0' m23='0.0' m33='1.0'/>
        <transform name='peon R Forearm'
            m00='0.7160841822624207' m10='-0.022034257650375366' m20='-0.6976661682128906' m30='-0.10855178534984589'
            m01='0.006959906313568354' m11='-0.9992267489433289' m21='0.03870212286710739' m31='-0.015324831008911133'
            m02='-0.6979793310165405' m12='-0.032569438219070435' m22='-0.7153767347335815' m32='1.0751675367355347'
            m03='0.0' m13='0.0' m23='0.0' m33='1.0'/>
        <transform name='peon R Hand'
            m00='0.9851008653640747' m10='-0.056878648698329926' m20='0.16229987144470215' m30='-0.11337178200483322'
            m01='-0.055734891444444656' m11='-0.9983785152435303' m21='-0.011595750227570534' m31='-0.23383411765098572'
            m02='0.162695974111557' m12='0.002377441618591547' m22='-0.9866732954978943' m32='1.06804358959198'
            m03='0.0' m13='0.0' m23='0.0' m33='1.0'/>
        <transform name='peon Prop1'
            m00='0.6799488067626953' m10='-0.7300435304641724' m20='-0.06860312819480896' m30='0.09892584383487701'
            m01='0.7173886299133301' m11='0.6816741228103638' m21='-0.14378765225410461' m31='0.4120445251464844'
            m02='0.1517358124256134' m12='0.048553287982940674' m22='0.9872276782989502' m32='0.6364622116088867'
            m03='0.0' m13='0.0' m23='0.0' m33='1.0'/>
        <transform name='peon Head'
            m00='0.007731385994702578' m10='-0.08967859297990799' m20='-0.9959407448768616' m30='-0.03959668427705765'
            m01='-0.9996289610862732' m11='-0.026712384074926376' m21='-0.005354723427444696' m31='0.1256595402956009'
            m02='-0.0261236522346735' m12='0.9956122040748596' m22='-0.08985181897878647' m32='1.1562163829803467'
            m03='0.0' m13='0.0' m23='0.0' m33='1.0'/>
        <transform name='peon Ponytail2'
            m00='-0.00461183674633503' m10='-0.8648618459701538' m20='0.5019888281822205' m30='-0.10996736586093903'
            m01='-0.9994272589683533' m11='0.020818090066313744' m21='0.026685014367103577' m31='0.06994705647230148'
            m02='-0.03352919965982437' m12='-0.5015780329704285' m22='-0.8644621968269348' m32='1.4166297912597656'
            m03='0.0' m13='0.0' m23='0.0' m33='1.0'/>
        <transform name='peon Ponytail1'
            m00='0.021200284361839294' m10='0.940394937992096' m20='0.33942243456840515' m30='-0.01637951284646988'
            m01='-0.9992884397506714' m11='0.030526669695973396' m21='-0.022160951048135757' m31='0.07045023888349533'
            m02='-0.03120139241218567' m12='-0.3387111723423004' m22='0.9403725266456604' m32='1.4250731468200684'
            m03='0.0' m13='0.0' m23='0.0' m33='1.0'/>
        <transform name='peon L Clavicle'
            m00='0.007732854690402746' m10='0.9959407448768616' m20='-0.0896785706281662' m30='-0.02576528862118721'
            m01='-0.9996289014816284' m11='0.005356097128242254' m21='-0.02671348676085472' m31='0.19101516902446747'
            m02='-0.02612468972802162' m12='0.08985182642936707' m22='0.9956123232841492' m32='1.0834131240844727'
            m03='0.0' m13='0.0' m23='0.0' m33='1.0'/>
        <transform name='peon L UpperArm'
            m00='0.7615692615509033' m10='0.4488440454006195' m20='-0.4674946963787079' m30='0.030398564413189888'
            m01='-0.1735534965991974' m11='-0.553756833076477' m21='-0.814391016960144' m31='0.19131743907928467'
            m02='-0.6244128346443176' m12='0.7013503909111023' m22='-0.34382563829421997' m32='1.0884804725646973'
            m03='0.0' m13='0.0' m23='0.0' m33='1.0'/>
        <transform name='peon L Forearm'
            m00='0.813852071762085' m10='0.1229531466960907' m20='-0.5679149627685547' m30='0.12298805266618729'
            m01='-0.16945958137512207' m11='-0.8846501708030701' m21='-0.43437057733535767' m31='0.07708338648080826'
            m02='-0.5558130145072937' m12='0.44975200295448303' m22='-0.6991386413574219' m32='1.233158826828003'
            m03='0.0' m13='0.0' m23='0.0' m33='1.0'/>
        <transform name='peon L Hand'
            m00='-0.9693934321403503' m10='0.06180939823389053' m20='-0.2376043051481247' m30='0.1498747318983078'
            m01='-0.15477637946605682' m11='-0.9051053524017334' m21='0.39601632952690125' m31='-0.11636994034051895'
            m02='-0.19057944416999817' m12='0.4206712245941162' m22='0.8869695663452148' m32='1.331508994102478'
            m03='0.0' m13='0.0' m23='0.0' m33='1.0'/>
        <transform name='peon L Finger1'
            m00='-0.9775893688201904' m10='0.06180940568447113' m20='-0.20124216377735138' m30='0.16128113865852356'
            m01='-0.13988149166107178' m11='-0.9051052927970886' m21='0.40151938796043396' m31='-0.2834368646144867'
            m02='-0.15732775628566742' m12='0.4206711947917938' m22='0.8934670686721802' m32='1.4091542959213257'
            m03='0.0' m13='0.0' m23='0.0' m33='1.0'/>
        <transform name='peon L Finger11'
            m00='-0.41039758920669556' m10='0.6442984938621521' m20='0.6453317403793335' m30='0.16594837605953217'
            m01='-0.5253134965896606' m11='-0.7454929351806641' m21='0.41022706031799316' m31='-0.3517661690711975'
            m02='0.745398759841919' m12='-0.1706450879573822' m22='0.6444071531295776' m32='1.4409135580062866'
            m03='0.0' m13='0.0' m23='0.0' m33='1.0'/>
        <transform name='peon L Finger01'
            m00='0.39705485105514526' m10='-0.0872994139790535' m20='0.9136332869529724' m30='0.04112749174237251'
            m01='-0.7199645638465881' m11='-0.647006094455719' m21='0.2510659992694855' m31='-0.26729777455329895'
            m02='0.5692088007926941' m12='-0.757470428943634' m22='-0.31974926590919495' m32='1.2046757936477661'
            m03='0.0' m13='0.0' m23='0.0' m33='1.0'/>
    </frame>
    <frame index="1">
        <transform name='peon Pelvis'
            m00='2.936520786533947e-06' m10='-1.3876707498639007e-06' m20='-1.0' m30='-0.003339140908792615'
            m01='-1.0' m11='0.0' m21='-2.936520786533947e-06' m31='0.2050168216228485'
            m02='4.092726157978177e-12' m12='1.0' m22='-1.3876707498639007e-06' m32='0.40532585978507996'
            m03='0.0' m13='0.0' m23='0.0' m33='1.0'/>
        <transform name='peon Spine'
            m00='-0.003522854298353195' m10='5.684341886080801e-13' m20='0.9999938011169434' m30='-0.0033392009790986776'
            m01='0.9999935030937195' m11='-0.0007963174721226096' m21='0.0035228529013693333' m31='0.23019659519195557'
            m02='0.0007963128155097365' m12='0.999999463558197' m22='2.805310714393272e-06' m32='0.5819048285484314'
            m03='0.0' m13='0.0' m23='0.0' m33='1.0'/>
        <transform name='peon L Thigh'
            m00='0.42248690128326416' m10='-0.1174074113368988' m20='-0.8987358808517456' m30='0.14437787234783173'
            m01='0.11145029217004776' m11='-0.9773215651512146' m21='0.18007047474384308' m31='0.20501744747161865'
            m02='-0.8994911909103394' m12='-0.17624084651470184' m22='-0.3998185396194458' m32='0.4053262174129486'
            m03='0.0' m13='0.0' m23='0.0' m33='1.0'/>
        <transform name='peon L Calf'
            m00='-0.01266816258430481' m10='-0.05971771478652954' m20='-0.9981378316879272' m30='0.11951752752065659'
            m01='0.979343831539154' m11='0.20073071122169495' m21='-0.02443443238735199' m31='-0.0019268691539764404'
            m02='0.20181500911712646' m12='-0.9778249263763428' m22='0.05594107508659363' m32='0.3680083751678467'
            m03='0.0' m13='0.0' m23='0.0' m33='1.0'/>
        <transform name='peon L Foot'
            m00='0.0060398634523153305' m10='-0.003741305321455002' m20='0.9999775886535645' m30='0.1120593249797821'
            m01='-0.9996745586395264' m11='0.02485082671046257' m21='0.006126269698143005' m31='0.02314075268805027'
            m02='-0.024872926995158195' m12='-0.9996842741966248' m22='-0.0035900361835956573' m32='0.2458956241607666'
            m03='0.0' m13='0.0' m23='0.0' m33='1.0'/>
        <transform name='peon L Toe0'
            m00='0.003739899955689907' m10='0.00603882223367691' m20='0.9999775886535645' m30='0.11233709007501602'
            m01='-0.024850836023688316' m11='-0.9996745586395264' m21='0.0061251940205693245' m31='-0.09308716654777527'
            m02='0.9996842741966248' m12='-0.024872979149222374' m22='-0.0035886571276932955' m32='0.12484894692897797'
            m03='0.0' m13='0.0' m23='0.0' m33='1.0'/>
        <transform name='peon R Thigh'
            m00='-0.18894416093826294' m10='0.3189047873020172' m20='-0.928765594959259' m30='-0.15105606615543365'
            m01='0.0743943303823471' m11='-0.9384323358535767' m21='-0.3373636305332184' m31='0.2050165832042694'
            m02='-0.9791656732559204' m12='-0.13283705711364746' m22='0.15358591079711914' m32='0.405325710773468'
            m03='0.0' m13='0.0' m23='0.0' m33='1.0'/>
        <transform name='peon R Calf'
            m00='0.2620854675769806' m10='0.14402395486831665' m20='-0.9542399644851685' m30='-0.0835295170545578'
            m01='0.9537572264671326' m11='0.11215739697217941' m21='0.27887582778930664' m31='0.006307212170213461'
            m02='0.14718902111053467' m12='-0.9831977486610413' m22='-0.10796850174665451' m32='0.37719789147377014'
            m03='0.0' m13='0.0' m23='0.0' m33='1.0'/>
        <transform name='peon R Foot'
            m00='-0.2671712040901184' m10='0.04466606304049492' m20='0.9626163244247437' m30='-0.06554388999938965'
            m01='-0.9631628394126892' m11='-0.044217661023139954' m21='-0.26526615023612976' m31='0.020313799381256104'
            m02='0.03071625530719757' m12='-0.9980229139328003' m22='0.054834045469760895' m32='0.2544141411781311'
            m03='0.0' m13='0.0' m23='0.0' m33='1.0'/>
        <transform name='peon R Toe0'
            m00='-0.044667646288871765' m10='-0.26716727018356323' m20='0.9626173377037048' m30='-0.09211397916078568'
            m01='0.044217973947525024' m11='-0.9631639122962952' m21='-0.2652621567249298' m31='-0.09972021728754044'
            m02='0.9980228543281555' m12='0.03071640431880951' m22='0.05483552813529968' m32='0.14019009470939636'
            m03='0.0' m13='0.0' m23='0.0' m33='1.0'/>
        <transform name='peon Spine1'
            m00='-0.011311383917927742' m10='-0.08967240154743195' m20='0.9959070682525635' m30='-0.0033391956239938736'
            m01='0.9995821714401245' m11='-0.027509693056344986' m21='0.008876126259565353' m31='0.2301964908838272'
            m02='0.026601148769259453' m12='0.9955911040306091' m22='0.08994608372449875' m32='0.7480977773666382'
            m03='0.0' m13='0.0' m23='0.0' m33='1.0'/>
        <transform name='peon Spine2'
            m00='-0.023271478712558746' m10='-0.08695488423109055' m20='0.9959403872489929' m30='-0.018245330080389977'
            m01='0.9796440005302429' m11='-0.20067133009433746' m21='0.00537020992487669' m31='0.225759819149971'
            m02='0.19938966631889343' m12='0.9757917523384094' m22='0.08985471725463867' m32='0.9135855436325073'
            m03='0.0' m13='0.0' m23='0.0' m33='1.0'/>
        <transform name='peon Neck'
            m00='-0.06361962109804153' m10='-0.06367655843496323' m20='0.9959406852722168' m30='-0.0333232581615448'
            m01='0.7480610013008118' m11='-0.6636085510253906' m21='0.005356793757528067' m31='0.1910332590341568'
            m02='0.660573422908783' m12='0.7453649640083313' m22='0.08985244482755661' m32='1.0827831029891968'
            m03='0.0' m13='0.0' m23='0.0' m33='1.0'/>
        <transform name='peon R Clavicle'
            m00='0.007732858415693045' m10='-0.9959407448768616' m20='0.0896785631775856' m30='-0.04087134823203087'
            m01='-0.9996289014816284' m11='-0.005356097128242254' m21='0.026713546365499496' m31='0.1909339427947998'
            m02='-0.02612471953034401' m12='-0.08985182642936707' m22='-0.9956122636795044' m32='1.0820503234863281'
            m03='0.0' m13='0.0' m23='0.0' m33='1.0'/>
        <transform name='peon R UpperArm'
            m00='0.7168363332748413' m10='-0.055845603346824646' m20='-0.695001482963562' m30='-0.09703505039215088'
            m01='-0.03394366800785065' m11='-0.9984007477760315' m21='0.045214712619781494' m31='0.19063177704811096'
            m02='-0.6964148283004761' m12='-0.008820421993732452' m22='-0.7175850868225098' m32='1.0769834518432617'
            m03='0.0' m13='0.0' m23='0.0' m33='1.0'/>
        <transform name='peon R Forearm'
            m00='0.7160841822624207' m10='-0.022034257650375366' m20='-0.6976661682128906' m30='-0.10855178534984589'
            m01='0.006959906313568354' m11='-0.9992267489433289' m21='0.03870212286710739' m31='-0.015324831008911133'
            m02='-0.6979793310165405' m12='-0.032569438219070435' m22='-0.7153767347335815' m32='1.0751675367355347'
            m03='0.0' m13='0.0' m23='0.0' m33='1.0'/>
        <transform name='peon R Hand'
            m00='0.9851008653640747' m10='-0.056878648698329926' m20='0.16229987144470215' m30='-0.11337178200483322'
            m01='-0.055734891444444656' m11='-0.9983785152435303' m21='-0.011595750227570534' m31='-0.23383411765098572'
            m02='0.162695974111557' m12='0.002377441618591547' m22='-0.9866732954978943' m32='1.06804358959198'
            m03='0.0' m13='0.0' m23='0.0' m33='1.0'/>
        <transform name='peon Prop1'
            m00='0.6799488067626953' m10='-0.7300435304641724' m20='-0.06860312819480896' m30='0.09892584383487701'
            m01='0.7173886299133301' m11='0.6816741228103638' m21='-0.14378765225410461' m31='0.4120445251464844'
            m02='0.1517358124256134' m12='0.048553287982940674' m22='0.9872276782989502' m32='0.6364622116088867'
            m03='0.0' m13='0.0' m23='0.0' m33='1.0'/>
        <transform name='peon Head'
            m00='0.007731385994702578' m10='-0.08967859297990799' m20='-0.9959407448768616' m30='-0.03959668427705765'
            m01='-0.9996289610862732' m11='-0.026712384074926376' m21='-0.005354723427444696' m31='0.1256595402956009'
            m02='-0.0261236522346735' m12='0.9956122040748596' m22='-0.08985181897878647' m32='1.1562163829803467'
            m03='0.0' m13='0.0' m23='0.0' m33='1.0'/>
        <transform name='peon Ponytail2'
            m00='-0.00461183674633503' m10='-0.8648618459701538' m20='0.5019888281822205' m30='-0.10996736586093903'
            m01='-0.9994272589683533' m11='0.020818090066313744' m21='0.026685014367103577' m31='0.06994705647230148'
            m02='-0.03352919965982437' m12='-0.5015780329704285' m22='-0.8644621968269348' m32='1.4166297912597656'
            m03='0.0' m13='0.0' m23='0.0' m33='1.0'/>
        <transform name='peon Ponytail1'
            m00='0.021200284361839294' m10='0.940394937992096' m20='0.33942243456840515' m30='-0.01637951284646988'
            m01='-0.9992884397506714' m11='0.030526669695973396' m21='-0.022160951048135757' m31='0.07045023888349533'
            m02='-0.03120139241218567' m12='-0.3387111723423004' m22='0.9403725266456604' m32='1.4250731468200684'
            m03='0.0' m13='0.0' m23='0.0' m33='1.0'/>
        <transform name='peon L Clavicle'
            m00='0.007732854690402746' m10='0.9959407448768616' m20='-0.0896785706281662' m30='-0.02576528862118721'
            m01='-0.9996289014816284' m11='0.005356097128242254' m21='-0.02671348676085472' m31='0.19101516902446747'
            m02='-0.02612468972802162' m12='0.08985182642936707' m22='0.9956123232841492' m32='1.0834131240844727'
            m03='0.0' m13='0.0' m23='0.0' m33='1.0'/>
        <transform name='peon L UpperArm'
            m00='0.7615692615509033' m10='0.4488440454006195' m20='-0.4674946963787079' m30='0.030398564413189888'
            m01='-0.1735534965991974' m11='-0.553756833076477' m21='-0.814391016960144' m31='0.19131743907928467'
            m02='-0.6244128346443176' m12='0.7013503909111023' m22='-0.34382563829421997' m32='1.0884804725646973'
            m03='0.0' m13='0.0' m23='0.0' m33='1.0'/>
        <transform name='peon L Forearm'
            m00='0.813852071762085' m10='0.1229531466960907' m20='-0.5679149627685547' m30='0.12298805266618729'
            m01='-0.16945958137512207' m11='-0.8846501708030701' m21='-0.43437057733535767' m31='0.07708338648080826'
            m02='-0.5558130145072937' m12='0.44975200295448303' m22='-0.6991386413574219' m32='1.233158826828003'
            m03='0.0' m13='0.0' m23='0.0' m33='1.0'/>
        <transform name='peon L Hand'
            m00='-0.9693934321403503' m10='0.06180939823389053' m20='-0.2376043051481247' m30='0.1498747318983078'
            m01='-0.15477637946605682' m11='-0.9051053524017334' m21='0.39601632952690125' m31='-0.11636994034051895'
            m02='-0.19057944416999817' m12='0.4206712245941162' m22='0.8869695663452148' m32='1.331508994102478'
            m03='0.0' m13='0.0' m23='0.0' m33='1.0'/>
        <transform name='peon L Finger1'
            m00='-0.9775893688201904' m10='0.06180940568447113' m20='-0.20124216377735138' m30='0.16128113865852356'
            m01='-0.13988149166107178' m11='-0.9051052927970886' m21='0.40151938796043396' m31='-0.2834368646144867'
            m02='-0.15732775628566742' m12='0.4206711947917938' m22='0.8934670686721802' m32='1.4091542959213257'
            m03='0.0' m13='0.0' m23='0.0' m33='1.0'/>
        <transform name='peon L Finger11'
            m00='-0.41039758920669556' m10='0.6442984938621521' m20='0.6453317403793335' m30='0.16594837605953217'
            m01='-0.5253134965896606' m11='-0.7454929351806641' m21='0.41022706031799316' m31='-0.3517661690711975'
            m02='0.745398759841919' m12='-0.1706450879573822' m22='0.6444071531295776' m32='1.4409135580062866'
            m03='0.0' m13='0.0' m23='0.0' m33='1.0'/>
        <transform name='peon L Finger01'
            m00='0.39705485105514526' m10='-0.0872994139790535' m20='0.9136332869529724' m30='0.04112749174237251'
            m01='-0.7199645638465881' m11='-0.647006094455719' m21='0.2510659992694855' m31='-0.26729777455329895'
            m02='0.5692088007926941' m12='-0.757470428943634' m22='-0.31974926590919495' m32='1.2046757936477661'
            m03='0.0' m13='0.0' m23='0.0' m33='1.0'/>
    </frame>
    <frame index="2">
        <transform name='peon Pelvis'
            m00='2.936520786533947e-06' m10='-1.3876707498639007e-06' m20='-1.0' m30='-0.003339140908792615'
            m01='-1.0' m11='0.0' m21='-2.936520786533947e-06' m31='0.2050168216228485'
            m02='4.092726157978177e-12' m12='1.0' m22='-1.3876707498639007e-06' m32='0.40532585978507996'
            m03='0.0' m13='0.0' m23='0.0' m33='1.0'/>
        <transform name='peon Spine'
            m00='-0.003522854298353195' m10='5.684341886080801e-13' m20='0.9999938011169434' m30='-0.0033392009790986776'
            m01='0.9999935030937195' m11='-0.0007963174721226096' m21='0.0035228529013693333' m31='0.23019659519195557'
            m02='0.0007963128155097365' m12='0.999999463558197' m22='2.805310714393272e-06' m32='0.5819048285484314'
            m03='0.0' m13='0.0' m23='0.0' m33='1.0'/>
        <transform name='peon L Thigh'
            m00='0.42248690128326416' m10='-0.1174074113368988' m20='-0.8987358808517456' m30='0.14437787234783173'
            m01='0.11145029217004776' m11='-0.9773215651512146' m21='0.18007047474384308' m31='0.20501744747161865'
            m02='-0.8994911909103394' m12='-0.17624084651470184' m22='-0.3998185396194458' m32='0.4053262174129486'
            m03='0.0' m13='0.0' m23='0.0' m33='1.0'/>
        <transform name='peon L Calf'
            m00='-0.012867078185081482' m10='-0.05975690484046936' m20='-0.9981329441070557' m30='0.11951752752065659'
            m01='0.9794597029685974' m11='0.20014417171478271' m21='-0.024604007601737976' m31='-0.0019268691539764404'
            m02='0.2012397050857544' m12='-0.9779427647590637' m22='0.05595409870147705' m32='0.3680083751678467'
            m03='0.0' m13='0.0' m23='0.0' m33='1.0'/>
        <transform name='peon L Foot'
            m00='0.006242627277970314' m10='-0.0037447959184646606' m20='0.9999763369560242' m30='0.11205443739891052'
            m01='-0.9996877908706665' m11='0.02426280826330185' m21='0.00632697157561779' m31='0.023067504167556763'
            m02='-0.024285733699798584' m12='-0.9996987581253052' m22='-0.003592308610677719' m32='0.24588090181350708'
            m03='0.0' m13='0.0' m23='0.0' m33='1.0'/>
        <transform name='peon L Toe0'
            m00='0.003743390552699566' m10='0.006241586059331894' m20='0.9999763369560242' m30='0.11235595494508743'
            m01='-0.024262817576527596' m11='-0.9996877908706665' m21='0.006325896363705397' m31='-0.0932314470410347'
            m02='0.9996987581253052' m12='-0.024285785853862762' m22='-0.0035909288562834263' m32='0.12490251660346985'
            m03='0.0' m13='0.0' m23='0.0' m33='1.0'/>
        <transform name='peon R Thigh'
            m00='-0.18894416093826294' m10='0.3189047873020172' m20='-0.928765594959259' m30='-0.15105606615543365'
            m01='0.0743943303823471' m11='-0.9384323358535767' m21='-0.3373636305332184' m31='0.2050165832042694'
            m02='-0.9791656732559204' m12='-0.13283705711364746' m22='0.15358591079711914' m32='0.405325710773468'
            m03='0.0' m13='0.0' m23='0.0' m33='1.0'/>
        <transform name='peon R Calf'
            m00='0.2620755732059479' m10='0.14400345087051392' m20='-0.9542458057403564' m30='-0.0835295170545578'
            m01='0.9538201093673706' m11='0.11176334321498871' m21='0.27881962060928345' m31='0.006307212170213461'
            m02='0.14679987728595734' m12='-0.9832457304000854' m22='-0.10806246101856232' m32='0.37719789147377014'
            m03='0.0' m13='0.0' m23='0.0' m33='1.0'/>
        <transform name='peon R Foot'
            m00='-0.26715776324272156' m10='0.04464734345674515' m20='0.9626209735870361' m30='-0.06554645299911499'
            m01='-0.963154137134552' m11='-0.04461901634931564' m21='-0.26523125171661377' m31='0.02026459015905857'
            m02='0.031109290197491646' m12='-0.9980059862136841' m22='0.054922349750995636' m32='0.25440818071365356'
            m03='0.0' m13='0.0' m23='0.0' m33='1.0'/>
        <transform name='peon R Toe0'
            m00='-0.044648926705121994' m10='-0.2671538293361664' m20='0.9626219868659973' m30='-0.09211715310811996'
            m01='0.044619329273700714' m11='-0.963155210018158' m21='-0.2652272582054138' m31='-0.09981579333543777'
            m02='0.9980059266090393' m12='0.031109439209103584' m22='0.054923828691244125' m32='0.14023298025131226'
            m03='0.0' m13='0.0' m23='0.0' m33='1.0'/>
        <transform name='peon Spine1'
            m00='-0.011311383917927742' m10='-0.08967240154743195' m20='0.9959070682525635' m30='-0.0033391956239938736'
            m01='0.9995821714401245' m11='-0.027509693056344986' m21='0.008876126259565353' m31='0.2301964908838272'
            m02='0.026601148769259453' m12='0.9955911040306091' m22='0.08994608372449875' m32='0.7480977773666382'
            m03='0.0' m13='0.0' m23='0.0' m33='1.0'/>
        <transform name='peon Spine2'
            m00='-0.023271478712558746' m10='-0.08695488423109055' m20='0.9959403872489929' m30='-0.018245330080389977'
            m01='0.9796440005302429' m11='-0.20067133009433746' m21='0.00537020992487669' m31='0.225759819149971'
            m02='0.19938966631889343' m12='0.9757917523384094' m22='0.08985471725463867' m32='0.9135855436325073'
            m03='0.0' m13='0.0' m23='0.0' m33='1.0'/>
        <transform name='peon Neck'
            m00='-0.06361962109804153' m10='-0.06367655843496323' m20='0.9959406852722168' m30='-0.0333232581615448'
            m01='0.7480610013008118' m11='-0.6636085510253906' m21='0.005356793757528067' m31='0.1910332590341568'
            m02='0.660573422908783' m12='0.7453649640083313' m22='0.08985244482755661' m32='1.0827831029891968'
            m03='0.0' m13='0.0' m23='0.0' m33='1.0'/>
        <transform name='peon R Clavicle'
            m00='0.007732858415693045' m10='-0.9959407448768616' m20='0.0896785631775856' m30='-0.04087134823203087'
            m01='-0.9996289014816284' m11='-0.005356097128242254' m21='0.026713546365499496' m31='0.1909339427947998'
            m02='-0.02612471953034401' m12='-0.08985182642936707' m22='-0.9956122636795044' m32='1.0820503234863281'
            m03='0.0' m13='0.0' m23='0.0' m33='1.0'/>
        <transform name='peon R UpperArm'
            m00='0.7168033719062805' m10='-0.055882878601551056' m20='-0.6950322389602661' m30='-0.09703505039215088'
            m01='-0.03390846401453018' m11='-0.9983976483345032' m21='0.04530385509133339' m31='0.19063177704811096'
            m02='-0.6964501738548279' m12='-0.008906429633498192' m22='-0.7175496816635132' m32='1.0769834518432617'
            m03='0.0' m13='0.0' m23='0.0' m33='1.0'/>
        <transform name='peon R Forearm'
            m00='0.7160527110099792' m10='-0.022072643041610718' m20='-0.6976970434188843' m30='-0.10855947434902191'
            m01='0.006995265372097492' m11='-0.9992228150367737' m21='0.03879116475582123' m31='-0.015324190258979797'
            m02='-0.698011040687561' m12='-0.032657042145729065' m22='-0.7153418064117432' m32='1.0751497745513916'
            m03='0.0' m13='0.0' m23='0.0' m33='1.0'/>
        <transform name='peon R Hand'
            m00='0.9851059913635254' m10='-0.056915413588285446' m20='0.1622546911239624' m30='-0.11338786780834198'
            m01='-0.05578561872243881' m11='-0.9983763694763184' m21='-0.011514408513903618' m31='-0.23383262753486633'
            m02='0.16264653205871582' m12='0.0022914872970432043' m22='-0.9866816401481628' m32='1.0680066347122192'
            m03='0.0' m13='0.0' m23='0.0' m33='1.0'/>
        <transform name='peon Prop1'
            m00='0.6799799799919128' m10='-0.7300148606300354' m20='-0.06859269738197327' m30='0.09889939427375793'
            m01='0.7173453569412231' m11='0.6816983819007874' m21='-0.14388497173786163' m31='0.41207632422447205'
            m02='0.1517975926399231' m12='0.04863426089286804' m22='0.9872140884399414' m32='0.636383056640625'
            m03='0.0' m13='0.0' m23='0.0' m33='1.0'/>
        <transform name='peon Head'
            m00='0.005733078811317682' m10='-0.09007714688777924' m20='-0.9959182739257812' m30='-0.03959668427705765'
            m01='-0.9996377229690552' m11='-0.026712188497185707' m21='-0.0033384698908776045' m31='0.1256595402956009'
            m02='-0.026302341371774673' m12='0.9955762624740601' m22='-0.09019763767719269' m32='1.1562163829803467'
            m03='0.0' m13='0.0' m23='0.0' m33='1.0'/>
        <transform name='peon Ponytail2'
            m00='-0.006906706839799881' m10='-0.864700436592102' m20='0.5022405385971069' m30='-0.11016936600208282'
            m01='-0.99941486120224' m11='0.022796662524342537' m21='0.025504956021904945' m31='0.07004141062498093'
            m02='-0.033503457903862' m12='-0.5017703771591187' m22='-0.8643516302108765' m32='1.416595458984375'
            m03='0.0' m13='0.0' m23='0.0' m33='1.0'/>
        <transform name='peon Ponytail1'
            m00='0.019737856462597847' m10='0.9407305121421814' m20='0.33857953548431396' m30='-0.01658361777663231'
            m01='-0.9993067383766174' m11='0.02925560623407364' m21='-0.023029938340187073' m31='0.070355124771595'
            m02='-0.031570225954055786' m12='-0.3378903567790985' m22='0.940655529499054' m32='1.4250712394714355'
            m03='0.0' m13='0.0' m23='0.0' m33='1.0'/>
        <transform name='peon L Clavicle'
            m00='0.007732854690402746' m10='0.9959407448768616' m20='-0.0896785706281662' m30='-0.02576528862118721'
            m01='-0.9996289014816284' m11='0.005356097128242254' m21='-0.02671348676085472' m31='0.19101516902446747'
            m02='-0.02612468972802162' m12='0.08985182642936707' m22='0.9956123232841492' m32='1.0834131240844727'
            m03='0.0' m13='0.0' m23='0.0' m33='1.0'/>
        <transform name='peon L UpperArm'
            m00='0.7610443234443665' m10='0.4489891529083252' m20='-0.46820947527885437' m30='0.030398564413189888'
            m01='-0.1738113909959793' m11='-0.5542401075363159' m21='-0.8140071034431458' m31='0.19131743907928467'
            m02='-0.6249807476997375' m12='0.7008755803108215' m22='-0.34376177191734314' m32='1.0884804725646973'
            m03='0.0' m13='0.0' m23='0.0' m33='1.0'/>
        <transform name='peon L Forearm'
            m00='0.8139739036560059' m10='0.12289102375507355' m20='-0.5677536129951477' m30='0.12301798909902573'
            m01='-0.16920635104179382' m11='-0.884827196598053' m21='-0.4341084659099579' m31='0.07698369026184082'
            m02='-0.5557117462158203' m12='0.4494205713272095' m22='-0.6994321942329407' m32='1.2330609560012817'
            m03='0.0' m13='0.0' m23='0.0' m33='1.0'/>
        <transform name='peon L Hand'
            m00='-0.9693480730056763' m10='0.06175408512353897' m20='-0.2378033846616745' m30='0.14989107847213745'
            m01='-0.1547338366508484' m11='-0.9052728414535522' m21='0.3956497609615326' m31='-0.116508349776268'
            m02='-0.19084396958351135' m12='0.4203187823295593' m22='0.8870797753334045' m32='1.33133864402771'
            m03='0.0' m13='0.0' m23='0.0' m33='1.0'/>
        <transform name='peon L Finger1'
            m00='-0.9775515198707581' m10='0.06175409257411957' m20='-0.20144280791282654' m30='0.16128727793693542'
            m01='-0.13985267281532288' m11='-0.9052727818489075' m21='0.40115150809288025' m31='-0.2836062014102936'
            m02='-0.15758797526359558' m12='0.42031875252723694' m22='0.8935871124267578' m32='1.408918857574463'
            m03='0.0' m13='0.0' m23='0.0' m33='1.0'/>
        <transform name='peon L Finger11'
            m00='-0.41053417325019836' m10='0.6443606615066528' m20='0.6451826691627502' m30='0.16595034301280975'
            m01='-0.525628924369812' m11='-0.7454010248184204' m21='0.40998977422714233' m31='-0.3519481420516968'
            m02='0.7451012134552002' m12='-0.17081165313720703' m22='0.6447071433067322' m32='1.440651535987854'
            m03='0.0' m13='0.0' m23='0.0' m33='1.0'/>
        <transform name='peon L Finger01'
            m00='0.39706552028656006' m10='-0.0866977870464325' m20='0.9136859178543091' m30='0.04117156192660332'
            m01='-0.7197255492210388' m11='-0.6471547484397888' m21='0.2513679265975952' m31='-0.2674483060836792'
            m02='0.5695034861564636' m12='-0.7574124336242676' m22='-0.31936144828796387' m32='1.204390525817871'
            m03='0.0' m13='0.0' m23='0.0' m33='1.0'/>
    </frame>
    <frame index="3">
        <transform name='peon Pelvis'
            m00='2.936520786533947e-06' m10='-1.3876707498639007e-06' m20='-1.0' m30='-0.003339140908792615'
            m01='-1.0' m11='0.0' m21='-2.936520786533947e-06' m31='0.2050168216228485'
            m02='4.092726157978177e-12' m12='1.0' m22='-1.3876707498639007e-06' m32='0.40532585978507996'
            m03='0.0' m13='0.0' m23='0.0' m33='1.0'/>
        <transform name='peon Spine'
            m00='-0.003522854298353195' m10='5.684341886080801e-13' m20='0.9999938011169434' m30='-0.0033392009790986776'
            m01='0.9999935030937195' m11='-0.0007963174721226096' m21='0.0035228529013693333' m31='0.23019659519195557'
            m02='0.0007963128155097365' m12='0.999999463558197' m22='2.805310714393272e-06' m32='0.5819048285484314'
            m03='0.0' m13='0.0' m23='0.0' m33='1.0'/>
        <transform name='peon L Thigh'
            m00='0.42248690128326416' m10='-0.1174074113368988' m20='-0.8987358808517456' m30='0.14437787234783173'
            m01='0.11145029217004776' m11='-0.9773215651512146' m21='0.18007047474384308' m31='0.20501744747161865'
            m02='-0.8994911909103394' m12='-0.17624084651470184' m22='-0.3998185396194458' m32='0.4053262174129486'
            m03='0.0' m13='0.0' m23='0.0' m33='1.0'/>
        <transform name='peon L Calf'
            m00='-0.013454549014568329' m10='-0.05986422300338745' m20='-0.9981187582015991' m30='0.11951752752065659'
            m01='0.9797971248626709' m11='0.19842281937599182' m21='-0.025103643536567688' m31='-0.0019268691539764404'
            m02='0.1995512694120407' m12='-0.978286862373352' m22='0.05598491430282593' m32='0.3680083751678467'
            m03='0.0' m13='0.0' m23='0.0' m33='1.0'/>
        <transform name='peon L Foot'
