<?xml version="1.0" encoding="UTF-8" standalone="yes"?>

<!DOCTYPE animation [
	<!ELEMENT animation  (frame+)>
	<!ELEMENT frame      (transform+)>
	<!ELEMENT transform   EMPTY>
	<!ATTLIST frame index CDATA #REQUIRED>
	<!ATTLIST transform name CDATA #REQUIRED>
	<!ATTLIST transform m00 CDATA #REQUIRED>
	<!ATTLIST transform m01 CDATA #REQUIRED>
	<!ATTLIST transform m02 CDATA #REQUIRED>
	<!ATTLIST transform m03 CDATA #REQUIRED>
	<!ATTLIST transform m10 CDATA #REQUIRED>
	<!ATTLIST transform m11 CDATA #REQUIRED>
	<!ATTLIST transform m12 CDATA #REQUIRED>
	<!ATTLIST transform m13 CDATA #REQUIRED>
	<!ATTLIST transform m20 CDATA #REQUIRED>
	<!ATTLIST transform m21 CDATA #REQUIRED>
	<!ATTLIST transform m22 CDATA #REQUIRED>
	<!ATTLIST transform m23 CDATA #REQUIRED>
	<!ATTLIST transform m30 CDATA #REQUIRED>
	<!ATTLIST transform m31 CDATA #REQUIRED>
	<!ATTLIST transform m32 CDATA #REQUIRED>
	<!ATTLIST transform m33 CDATA #REQUIRED>
]>

<animation>
	<frame index="0">
		<transform name="peon Head" m00="-0.243137" m01="0.0627708" m02="0.967959" m03="0" m10="0.964921" m11="0.117556" m12="0.234751" m13="0" m20="-0.0990542" m21="0.99108" m22="-0.0891512" m23="0" m30="-0.0535604" m31="-0.0105596" m32="1.17121" m33="1"/>
		<transform name="peon L Calf" m00="-0.0432798" m01="-0.0634858" m02="-0.997044" m03="0" m10="0.996613" m11="-0.0725946" m12="-0.0386387" m13="0" m20="-0.069927" m21="-0.995339" m22="0.0664127" m23="0" m30="-0.0160019" m31="0.122054" m32="0.246023" m33="1"/>
		<transform name="peon L Clavicle" m00="-0.281101" m01="0.957773" m02="0.0604404" m03="0" m10="-0.941598" m11="-0.287425" m12="0.175442" m13="0" m20="0.185405" m21="-0.00759363" m22="0.982633" m23="0" m30="-0.119383" m31="-0.0173298" m32="1.09783" m33="1"/>
		<transform name="peon L Finger01" m00="0.776401" m01="-0.310844" m02="-0.54825" m03="0" m10="-0.596712" m11="-0.0826076" m12="-0.798193" m13="0" m20="0.202824" m21="0.946864" m22="-0.249621" m23="0" m30="0.211561" m31="0.381239" m32="1.03366" m33="1"/>
		<transform name="peon L Finger1" m00="0.78124" m01="0.284783" m02="-0.555484" m03="0" m10="0.111308" m11="-0.939161" m12="-0.32494" m13="0" m20="-0.614227" m21="0.192026" m22="-0.765409" m23="0" m30="0.107822" m31="0.507008" m32="0.861619" m33="1"/>
		<transform name="peon L Finger11" m00="0.679409" m01="-0.364699" m02="-0.636709" m03="0" m10="-0.401409" m11="-0.911109" m12="0.0935437" m13="0" m20="-0.614227" m21="0.192026" m22="-0.765409" m23="0" m30="0.166801" m31="0.528508" m32="0.819683" m33="1"/>
		<transform name="peon L Foot" m00="4.32104e-06" m01="0.000549175" m02="-1" m03="0" m10="0.981547" m11="0.191219" m12="0.000109245" m13="0" m20="0.191219" m21="-0.981547" m22="-0.000538238" m23="0" m30="-0.0214068" m31="0.114126" m32="0.12151" m33="1"/>
		<transform name="peon L Forearm" m00="0.534277" m01="0.698515" m02="-0.476052" m03="0" m10="-0.754289" m11="0.64817" m12="0.104521" m13="0" m20="0.381572" m21="0.303237" m22="0.873184" m23="0" m30="-0.129397" m31="0.23067" m32="1.03132" m33="1"/>
		<transform name="peon L Hand" m00="0.652206" m01="0.669565" m02="-0.355402" m03="0" m10="0.443755" m11="-0.717349" m12="-0.537114" m13="0" m20="-0.61458" m21="0.192598" m22="-0.764982" m23="0" m30="-0.0125625" m31="0.383419" m32="0.927219" m33="1"/>
		<transform name="peon L Thigh" m00="0.115708" m01="-0.0742192" m02="-0.990507" m03="0" m10="0.990819" m11="-0.0615786" m12="0.120359" m13="0" m20="-0.069927" m21="-0.995339" m22="0.0664127" m23="0" m30="-0.0405027" m31="0.13777" m32="0.455758" m33="1"/>
		<transform name="peon L Toe0" m00="0.981547" m01="0.191219" m02="0.000109186" m03="0" m10="-4.26254e-06" m11="-0.000549163" m12="1" m13="0" m20="0.191219" m21="-0.981547" m22="-0.000538238" m23="0" m30="0.0955962" m31="0.136984" m32="0.003404" m33="1"/>
		<transform name="peon L UpperArm" m00="0.0282998" m01="0.940382" m02="-0.33894" m03="0" m10="-0.923906" m11="0.154041" m12="0.350242" m13="0" m20="0.381572" m21="0.303237" m22="0.873184" m23="0" m30="-0.135235" m31="0.0366816" m32="1.10124" m33="1"/>
		<transform name="peon Neck" m00="0.64709" m01="0.142655" m02="0.748949" m03="0" m10="0.708701" m11="0.249638" m12="-0.659866" m13="0" m20="-0.281099" m21="0.957774" m22="0.0604386" m23="0" m30="-0.117307" m31="-0.0246129" m32="1.09742" m33="1"/>
		<transform name="peon Pelvis" m00="-0.23909" m01="-0.130691" m02="0.962162" m03="0" m10="0.9709" m11="-0.0461691" m12="0.234991" m13="0" m20="0.0137109" m21="0.990347" m22="0.137927" m23="0" m30="-0.0425283" m31="-0.00852182" m32="0.435384" m33="1"/>
		<transform name="peon Ponytail1" m00="-0.0917372" m01="0.960333" m02="-0.263333" m03="0" m10="-0.971662" m11="-0.144182" m12="-0.18731" m13="0" m20="-0.217848" m21="0.238687" m22="0.946346" m23="0" m30="-0.0765007" m31="0.0584573" m32="1.43688" m33="1"/>
		<transform name="peon Ponytail2" m00="0.103272" m01="-0.990768" m02="-0.0878235" m03="0" m10="-0.977596" m11="-0.084823" m12="-0.192644" m13="0" m20="0.183417" m21="0.105751" m22="-0.977331" m23="0" m30="-0.0671917" m31="-0.0346816" m32="1.44526" m33="1"/>
		<transform name="peon Prop1" m00="0.65324" m01="0.749228" m02="-0.109245" m03="0" m10="-0.637695" m11="0.622207" m12="0.454096" m13="0" m20="0.408195" m21="-0.226969" m22="0.88423" m23="0" m30="0.107748" m31="-0.396848" m32="0.674563" m33="1"/>
		<transform name="peon R Calf" m00="-0.249202" m01="0.141935" m02="-0.957994" m03="0" m10="0.927168" m11="-0.250772" m12="-0.278338" m13="0" m20="-0.279744" m21="-0.957584" m22="-0.0691043" m23="0" m30="0.11476" m31="-0.191646" m32="0.280479" m33="1"/>
		<transform name="peon R Clavicle" m00="0.281101" m01="-0.957773" m02="-0.0604405" m03="0" m10="-0.941598" m11="-0.287425" m12="0.175442" m13="0" m20="-0.185405" m21="0.00759371" m22="-0.982633" m23="0" m30="-0.115119" m31="-0.0318569" m32="1.09691" m33="1"/>
		<transform name="peon R Foot" m00="0.0974101" m01="-0.0515979" m02="-0.993906" m03="0" m10="0.783386" m11="-0.611983" m12="0.108548" m13="0" m20="-0.613855" m21="-0.789185" m22="-0.0191923" m23="0" m30="0.0836392" m31="-0.173921" m32="0.160842" m33="1"/>
		<transform name="peon R Forearm" m00="0.646385" m01="-0.581401" m02="-0.494125" m03="0" m10="-0.687998" m11="-0.724125" m12="-0.0479742" m13="0" m20="-0.329916" m21="0.370967" m22="-0.868066" m23="0" m30="-0.0755973" m31="-0.270902" m32="1.00544" m33="1"/>
		<transform name="peon R Hand" m00="0.614993" m01="-0.619058" m02="-0.488417" m03="0" m10="0.651042" m11="0.748097" m12="-0.128434" m13="0" m20="0.444891" m21="-0.238993" m22="0.863107" m23="0" m30="0.0657529" m31="-0.398042" m32="0.897382" m33="1"/>
		<transform name="peon R Thigh" m00="0.752383" m01="-0.173948" m02="-0.635345" m03="0" m10="0.596375" m11="-0.229727" m12="0.769131" m13="0" m20="-0.279744" m21="-0.957584" m22="-0.0691043" m23="0" m30="-0.0445538" m31="-0.154813" m32="0.41501" m33="1"/>
		<transform name="peon R Toe0" m00="0.783386" m01="-0.611983" m02="0.108548" m03="0" m10="-0.0974101" m11="0.0515979" m12="0.993906" m13="0" m20="-0.613855" m21="-0.789185" m22="-0.0191923" m23="0" m30="0.188526" m31="-0.252965" m32="0.0563826" m33="1"/>
		<transform name="peon R UpperArm" m00="0.114743" m01="-0.896975" m02="-0.42693" m03="0" m10="-0.937011" m11="-0.240455" m12="0.253361" m13="0" m20="-0.329916" m21="0.370967" m22="-0.868066" m23="0" m30="-0.0992672" m31="-0.0858682" m32="1.09351" m33="1"/>
		<transform name="peon Spine" m00="-0.155653" m01="0.00739172" m02="0.987784" m03="0" m10="0.984797" m11="0.0792261" m12="0.154589" m13="0" m20="-0.0771156" m21="0.996829" m22="-0.0196111" m23="0" m30="-0.109264" m31="-0.0391642" m32="0.597946" m33="1"/>
		<transform name="peon Spine1" m00="-0.0850125" m01="0.0883571" m02="0.992455" m03="0" m10="0.978871" m11="0.193314" m12="0.0666384" m13="0" m20="-0.185968" m21="0.97715" m22="-0.102924" m23="0" m30="-0.135262" m31="-0.0379613" m32="0.7621" m33="1"/>
		<transform name="peon Spine2" m00="0.186155" m01="-0.00736479" m02="0.982493" m03="0" m10="0.941451" m11="0.287429" m12="-0.176224" m13="0" m20="-0.281099" m21="0.957774" m22="0.0604399" m23="0" m30="-0.14952" m31="-0.0233167" m32="0.927063" m33="1"/>
	</frame>
	<frame index="1">
		<transform name="peon Head" m00="-0.479826" m01="-0.352119" m02="0.803604" m03="0" m10="0.589963" m11="0.548447" m12="0.592578" m13="0" m20="-0.649392" m21="0.758431" m22="-0.0554221" m23="0" m30="-0.174665" m31="-0.175082" m32="1.13259" m33="1"/>
		<transform name="peon L Calf" m00="0.284538" m01="0.0315869" m02="-0.958144" m03="0" m10="0.832726" m11="0.487047" m12="0.263349" m13="0" m20="0.474979" m21="-0.872805" m22="0.11228" m23="0" m30="-0.0574702" m31="0.110114" m32="0.242886" m33="1"/>
		<transform name="peon L Clavicle" m00="-0.786857" m01="0.615429" m02="0.0458465" m03="0" m10="-0.61482" m11="-0.775313" m12="-0.144518" m13="0" m20="-0.053395" m21="-0.141902" m22="0.988439" m23="0" m30="-0.206361" m31="-0.196497" m32="1.04149" m33="1"/>
		<transform name="peon L Finger01" m00="0.832048" m01="0.348697" m02="-0.431402" m03="0" m10="-0.364743" m11="-0.24202" m12="-0.899105" m13="0" m20="-0.417923" m21="0.905448" m22="-0.0741872" m23="0" m30="-0.192683" m31="0.325278" m32="1.09087" m33="1"/>
		<transform name="peon L Finger1" m00="0.464452" m01="0.811216" m02="-0.355264" m03="0" m10="0.69267" m11="-0.582717" m12="-0.425029" m13="0" m20="-0.551808" m21="-0.0486747" m22="-0.832549" m23="0" m30="-0.341546" m31="0.39841" m32="0.921544" m33="1"/>
		<transform name="peon L Finger11" m00="0.79549" m01="0.269024" m02="-0.542974" m03="0" m10="0.250405" m11="-0.961903" m12="-0.109729" m13="0" m20="-0.551808" m21="-0.0486747" m22="-0.832549" m23="0" m30="-0.306482" m31="0.459652" m32="0.894724" m33="1"/>
		<transform name="peon L Foot" m00="4.53883e-06" m01="0.0005495" m02="-1" m03="0" m10="0.981547" m11="0.191219" m12="0.000109548" m13="0" m20="0.191219" m21="-0.981547" m22="-0.000538505" m23="0" m30="-0.0219365" m31="0.114059" m32="0.123231" m33="1"/>
		<transform name="peon L Forearm" m00="0.00901294" m01="0.963678" m02="-0.266916" m03="0" m10="-0.998451" m11="0.0233275" m12="0.0505076" m13="0" m20="0.0548995" m21="0.266048" m22="0.962395" m23="0" m30="-0.364118" m31="0.00586206" m32="1.0042" m33="1"/>
		<transform name="peon L Hand" m00="0.111613" m01="0.985004" m02="-0.131564" m03="0" m10="0.826029" m11="-0.16556" m12="-0.538764" m13="0" m20="-0.552466" m21="-0.0485429" m22="-0.832121" m23="0" m30="-0.362148" m31="0.216597" m32="0.945829" m33="1"/>
		<transform name="peon L Thigh" m00="0.300752" m01="0.041096" m02="-0.952816" m03="0" m10="0.827008" m11="0.486337" m12="0.282018" m13="0" m20="0.474979" m21="-0.872805" m22="0.11228" m23="0" m30="-0.121153" m31="0.101412" m32="0.444641" m33="1"/>
		<transform name="peon L Toe0" m00="0.981547" m01="0.191219" m02="0.000109489" m03="0" m10="-4.48032e-06" m11="-0.000549488" m12="1" m13="0" m20="0.191219" m21="-0.981547" m22="-0.000538505" m23="0" m30="0.0950665" m31="0.136917" m32="0.00512507" m33="1"/>
		<transform name="peon L UpperArm" m00="-0.549647" m01="0.812722" m02="-0.193317" m03="0" m10="-0.833591" m11="-0.518365" m12="0.19085" m13="0" m20="0.0548995" m21="0.266048" m22="0.962395" m23="0" m30="-0.250734" m31="-0.161791" m32="1.04408" m33="1"/>
		<transform name="peon Neck" m00="0.261614" m01="0.265357" m02="0.927978" m03="0" m10="0.558942" m11="0.742179" m12="-0.369803" m13="0" m20="-0.786856" m21="0.615431" m22="0.0458455" m23="0" m30="-0.200437" m31="-0.201223" m32="1.04117" m33="1"/>
		<transform name="peon Pelvis" m00="-0.238671" m01="-0.38792" m02="0.890255" m03="0" m10="0.785756" m11="0.461553" m12="0.411773" m13="0" m20="-0.570635" m21="0.797801" m22="0.194652" m23="0" m30="-0.0368609" m31="-0.0164369" m32="0.415888" m33="1"/>
		<transform name="peon Ponytail1" m00="-0.599022" m01="0.779007" m02="-0.185258" m03="0" m10="-0.59163" m11="-0.586489" m12="-0.553176" m13="0" m20="-0.53958" m21="-0.221761" m22="0.812204" m23="0" m30="-0.304805" m31="-0.20697" m32="1.37325" m33="1"/>
		<transform name="peon Ponytail2" m00="0.686639" m01="-0.723128" m02="-0.0749193" m03="0" m10="-0.630532" m11="-0.54106" m12="-0.556492" m13="0" m20="0.361879" m21="0.429348" m22="-0.827468" m23="0" m30="-0.243777" m31="-0.278245" m32="1.37846" m33="1"/>
		<transform name="peon Prop1" m00="-0.00149516" m01="0.990946" m02="0.134256" m03="0" m10="-0.910573" m11="-0.0568432" m12="0.409421" m13="0" m20="0.413345" m21="-0.121637" m22="0.902413" m23="0" m30="0.208075" m31="-0.265534" m32="0.628563" m33="1"/>
		<transform name="peon R Calf" m00="0.0790336" m01="0.129103" m02="-0.988477" m03="0" m10="0.995694" m11="0.0379691" m12="0.0845697" m13="0" m20="0.0484498" m21="-0.990904" m22="-0.125547" m23="0" m30="0.228957" m31="-0.111892" m32="0.280441" m33="1"/>
		<transform name="peon R Clavicle" m00="0.786857" m01="-0.615429" m02="-0.0458466" m03="0" m10="-0.61482" m11="-0.775313" m12="-0.144518" m13="0" m20="0.053395" m21="0.141902" m22="-0.988439" m23="0" m30="-0.194426" m31="-0.205832" m32="1.0408" m33="1"/>
		<transform name="peon R Foot" m00="0.113906" m01="0.054092" m02="-0.992018" m03="0" m10="0.978586" m11="-0.178425" m12="0.102635" m13="0" m20="-0.171449" m21="-0.982465" m22="-0.0732575" m23="0" m30="0.238827" m31="-0.0957697" m32="0.156998" m33="1"/>
		<transform name="peon R Forearm" m00="0.891984" m01="0.102039" m02="-0.4404" m03="0" m10="-0.0336444" m11="-0.956507" m12="-0.289762" m13="0" m20="-0.450812" m21="0.27328" m22="-0.849757" m23="0" m30="-0.0285734" m31="-0.369335" m32="0.932342" m33="1"/>
		<transform name="peon R Hand" m00="0.893126" m01="0.0530936" m02="-0.446663" m03="0" m10="-0.0014396" m11="0.993341" m12="0.115197" m13="0" m20="0.449805" m21="-0.102243" m22="0.887255" m23="0" m30="0.166484" m31="-0.347021" m32="0.836036" m33="1"/>
		<transform name="peon R Thigh" m00="0.857278" m01="0.105757" m02="-0.503874" m03="0" m10="0.512569" m11="-0.0832159" m12="0.854604" m13="0" m20="0.0484498" m21="-0.990904" m22="-0.125547" m23="0" m30="0.0474315" m31="-0.134286" m32="0.387134" m33="1"/>
		<transform name="peon R Toe0" m00="0.978586" m01="-0.178425" m02="0.102635" m03="0" m10="-0.113906" m11="-0.054092" m12="0.992018" m13="0" m20="-0.171449" m21="-0.982465" m22="-0.0732575" m23="0" m30="0.368931" m31="-0.110649" m32="0.0520562" m33="1"/>
		<transform name="peon R UpperArm" m00="0.588888" m01="-0.624361" m02="-0.51321" m03="0" m10="-0.670805" m11="-0.731773" m12="0.120538" m13="0" m20="-0.450812" m21="0.27328" m22="-0.849757" m23="0" m30="-0.150053" m31="-0.240537" m32="1.03821" m33="1"/>
		<transform name="peon Spine" m00="-0.284608" m01="-0.257909" m02="0.923299" m03="0" m10="0.723544" m11="0.574025" m12="0.383378" m13="0" m20="-0.628873" m21="0.77716" m22="0.0232364" m23="0" m30="-0.0936934" m31="-0.103527" m32="0.560809" m33="1"/>
		<transform name="peon Spine1" m00="-0.301202" m01="-0.18104" m02="0.936217" m03="0" m10="0.655836" m11="0.673388" m12="0.341213" m13="0" m20="-0.692211" m21="0.716779" m22="-0.0840929" m23="0" m30="-0.14108" m31="-0.146479" m32="0.71421" m33="1"/>
		<transform name="peon Spine2" m00="-0.0529054" m01="-0.141285" m02="0.988554" m03="0" m10="0.614865" m11="0.775424" m12="0.14373" m13="0" m20="-0.786856" m21="0.615431" m22="0.0458469" m23="0" m30="-0.191223" m31="-0.176674" m32="0.869782" m33="1"/>
	</frame>
	<frame index="2">
		<transform name="peon Head" m00="-0.351966" m01="-0.480902" m02="0.803028" m03="0" m10="0.180376" m11="0.806995" m12="0.562337" m13="0" m20="-0.918468" m21="0.342771" m22="-0.197291" m23="0" m30="-0.143951" m31="-0.111393" m32="1.13838" m33="1"/>
		<transform name="peon L Calf" m00="-0.0462697" m01="-0.503934" m02="-0.862502" m03="0" m10="0.634517" m11="0.65204" m12="-0.415007" m13="0" m20="0.771522" m21="-0.566474" m22="0.289585" m23="0" m30="-0.0338127" m31="0.204796" m32="0.236166" m33="1"/>
		<transform name="peon L Clavicle" m00="-0.982989" m01="0.153483" m02="-0.100871" m03="0" m10="-0.139589" m11="-0.981267" m12="-0.13278" m13="0" m20="-0.119361" m21="-0.116441" m22="0.985999" m23="0" m30="-0.139647" m31="-0.0987578" m32="1.04048" m33="1"/>
		<transform name="peon L Finger01" m00="0.486906" m01="0.734605" m02="-0.472524" m03="0" m10="-0.103688" m11="-0.488545" m12="-0.866356" m13="0" m20="-0.867278" m21="0.470829" m22="-0.161705" m23="0" m30="-0.436632" m31="0.34235" m32="1.03024" m33="1"/>
		<transform name="peon L Finger1" m00="-0.0862235" m01="0.893746" m02="-0.440209" m03="0" m10="0.924221" m11="-0.0932261" m12="-0.370302" m13="0" m20="-0.371995" m21="-0.438779" m22="-0.817981" m23="0" m30="-0.590816" m31="0.297882" m32="0.855803" m33="1"/>
		<transform name="peon L Finger11" m00="0.510357" m01="0.639392" m02="-0.575077" m03="0" m10="0.775342" m11="-0.631388" m12="-0.0139164" m13="0" m20="-0.371995" m21="-0.438779" m22="-0.817981" m23="0" m30="-0.597326" m31="0.365355" m32="0.82257" m33="1"/>
		<transform name="peon L Foot" m00="0.0372192" m01="0.0455997" m02="-0.998266" m03="0" m10="0.845609" m11="0.530881" m12="0.0557776" m13="0" m20="0.532504" m21="-0.846218" m22="-0.0188005" m23="0" m30="-0.0395909" m31="0.141864" m32="0.128455" m33="1"/>
		<transform name="peon L Forearm" m00="-0.547686" m01="0.753629" m02="-0.363433" m03="0" m10="-0.82058" m11="-0.568638" m12="0.0574458" m13="0" m20="-0.163369" m21="0.329688" m22="0.929848" m23="0" m30="-0.381575" m31="-0.0225847" m32="0.978089" m33="1"/>
		<transform name="peon L Hand" m00="-0.484747" m01="0.843343" m02="-0.231934" m03="0" m10="0.79131" m11="0.309886" m12="-0.527067" m13="0" m20="-0.372625" m21="-0.439026" m22="-0.817562" m23="0" m30="-0.501341" m31="0.142217" m32="0.898614" m33="1"/>
		<transform name="peon L Thigh" m00="0.428493" m01="0.126228" m02="-0.894684" m03="0" m10="0.470262" m11="0.814354" m12="0.340118" m13="0" m20="0.771522" m21="-0.566474" m22="0.289585" m23="0" m30="-0.124544" m31="0.178068" m32="0.425612" m33="1"/>
		<transform name="peon L Toe0" m00="0.845608" m01="0.530881" m02="0.0557775" m03="0" m10="-0.0372191" m11="-0.0455997" m12="0.998266" m13="0" m20="0.532504" m21="-0.846218" m22="-0.0188005" m23="0" m30="0.0656036" m31="0.210532" m32="0.0171898" m33="1"/>
		<transform name="peon L UpperArm" m00="-0.904053" m01="0.327301" m02="-0.274885" m03="0" m10="-0.394966" m11="-0.885539" m12="0.244584" m13="0" m20="-0.163369" m21="0.329688" m22="0.929848" m23="0" m30="-0.195081" m31="-0.0901025" m32="1.03479" m33="1"/>
		<transform name="peon Neck" m00="-0.11925" m01="-0.11566" m02="0.986105" m03="0" m10="0.139686" m11="0.981359" m12="0.131996" m13="0" m20="-0.982989" m21="0.153486" m22="-0.10087" m23="0" m30="-0.132203" m31="-0.0999987" m32="1.04124" m33="1"/>
		<transform name="peon Pelvis" m00="-0.135615" m01="-0.389032" m02="0.911187" m03="0" m10="0.414832" m11="0.812891" m12="0.408806" m13="0" m20="-0.899735" m21="0.43343" m22="0.0511426" m23="0" m30="0.00836179" m31="0.114043" m32="0.418057" m33="1"/>
		<transform name="peon Ponytail1" m00="-0.87907" m01="0.366014" m02="-0.305401" m03="0" m10="-0.168726" m11="-0.838097" m12="-0.518773" m13="0" m20="-0.445834" m21="-0.404508" m22="0.798502" m23="0" m30="-0.272388" m31="-0.184707" m32="1.37076" m33="1"/>
		<transform name="peon Ponytail2" m00="0.944645" m01="-0.315943" m02="0.0884681" m03="0" m10="-0.22375" m11="-0.817564" m12="-0.530589" m13="0" m20="0.239964" m21="0.481423" m22="-0.843" m23="0" m30="-0.186073" m31="-0.21692" m32="1.3893" m33="1"/>
		<transform name="peon Prop1" m00="-0.581956" m01="0.801814" m02="0.135727" m03="0" m10="-0.689786" m11="-0.575099" m12="0.439836" m13="0" m20="0.430723" m21="0.162342" m22="0.887763" m23="0" m30="0.217723" m31="0.0432521" m32="0.632078" m33="1"/>
		<transform name="peon R Calf" m00="0.264894" m01="0.120421" m02="-0.956729" m03="0" m10="0.826903" m11="0.482029" m12="0.28962" m13="0" m20="0.496048" m21="-0.86784" m22="0.0281106" m23="0" m30="0.315654" m31="0.147418" m32="0.340225" m33="1"/>
		<transform name="peon R Clavicle" m00="0.982989" m01="-0.153483" m02="0.100871" m03="0" m10="-0.139589" m11="-0.981267" m12="-0.13278" m13="0" m20="0.119361" m21="0.116441" m22="-0.985999" m23="0" m30="-0.124738" m31="-0.101086" m32="1.04201" m33="1"/>
		<transform name="peon R Foot" m00="0.297224" m01="-0.00784401" m02="-0.954776" m03="0" m10="0.876288" m11="0.399354" m12="0.269509" m13="0" m20="0.379179" m21="-0.916763" m22="0.125571" m23="0" m30="0.348735" m31="0.162457" m32="0.220747" m33="1"/>
		<transform name="peon R Forearm" m00="0.647206" m01="0.600085" m02="-0.47013" m03="0" m10="0.528816" m11="-0.797618" m12="-0.290102" m13="0" m20="-0.54907" m21="-0.0608567" m22="-0.833558" m23="0" m30="0.0963083" m31="-0.174861" m32="0.943365" m33="1"/>
		<transform name="peon R Hand" m00="0.676819" m01="0.561117" m02="-0.476512" m03="0" m10="-0.583799" m11="0.80344" m12="0.116887" m13="0" m20="0.448436" m21="0.199076" m22="0.871363" m23="0" m30="0.237838" m31="-0.0436359" m32="0.840558" m33="1"/>
		<transform name="peon R Thigh" m00="0.823563" m01="0.459988" m02="-0.331896" m03="0" m10="0.275102" m11="0.187787" m12="0.942897" m13="0" m20="0.496048" m21="-0.86784" m22="0.0281106" m23="0" m30="0.141268" m31="0.0500176" m32="0.410503" m33="1"/>
		<transform name="peon R Toe0" m00="0.876288" m01="0.399354" m02="0.269509" m03="0" m10="-0.297224" m11="0.00784401" m12="0.954776" m13="0" m20="0.379179" m21="-0.916763" m22="0.125571" m23="0" m30="0.488298" m31="0.209134" m32="0.140096" m33="1"/>
		<transform name="peon R UpperArm" m00="0.802828" m01="-0.315678" m02="-0.505781" m03="0" m10="-0.232356" m11="-0.946913" m12="0.222187" m13="0" m20="-0.54907" m21="-0.0608567" m22="-0.833558" m23="0" m30="-0.0693044" m31="-0.109741" m32="1.0477" m33="1"/>
		<transform name="peon Spine" m00="-0.254548" m01="-0.332777" m02="0.908001" m03="0" m10="0.296158" m11="0.866991" m12="0.400772" m13="0" m20="-0.920595" m21="0.370927" m22="-0.122136" m23="0" m30="-0.0180445" m31="0.0211332" m32="0.568009" m33="1"/>
		<transform name="peon Spine1" m00="-0.307639" m01="-0.273439" m02="0.911367" m03="0" m10="0.195895" m11="0.919097" m12="0.341885" m13="0" m20="-0.931119" m21="0.283709" m22="-0.229185" m23="0" m30="-0.0603745" m31="-0.0342936" m32="0.718867" m33="1"/>
		<transform name="peon Spine2" m00="-0.11925" m01="-0.11566" m02="0.986105" m03="0" m10="0.139686" m11="0.981359" m12="0.131996" m13="0" m20="-0.982989" m21="0.153486" m22="-0.100871" m23="0" m30="-0.111521" m31="-0.0798727" m32="0.870311" m33="1"/>
	</frame>
	<frame index="3">
		<transform name="peon Head" m00="-0.423876" m01="-0.0249773" m02="0.905376" m03="0" m10="-0.260346" m11="0.960792" m12="-0.0953821" m13="0" m20="-0.867496" m21="-0.276141" m22="-0.41376" m23="0" m30="-0.343901" m31="0.079023" m32="1.17892" m33="1"/>
		<transform name="peon L Calf" m00="0.499213" m01="-0.326756" m02="-0.802507" m03="0" m10="0.0496785" m11="0.935439" m12="-0.349979" m13="0" m20="0.865054" m21="0.134847" m22="0.483216" m23="0" m30="-0.16732" m31="0.210401" m32="0.23877" m33="1"/>
		<transform name="peon L Clavicle" m00="-0.71909" m01="-0.650963" m02="-0.243222" m03="0" m10="0.616878" m11="-0.759109" m12="0.207882" m13="0" m20="-0.319955" m21="-0.000552425" m22="0.947432" m23="0" m30="-0.317835" m31="0.0741407" m32="1.08374" m33="1"/>
		<transform name="peon L Finger01" m00="0.0914458" m01="0.611722" m02="-0.78577" m03="0" m10="0.591874" m11="-0.66796" m12="-0.451126" m13="0" m20="-0.800826" m21="-0.423823" m22="-0.423144" m23="0" m30="-0.780178" m31="0.112307" m32="0.813743" m33="1"/>
		<transform name="peon L Finger1" m00="-0.406073" m01="0.293918" m02="-0.865284" m03="0" m10="0.840114" m11="0.492665" m12="-0.226914" m13="0" m20="0.359601" m21="-0.819081" m22="-0.446983" m23="0" m30="-0.783634" m31="-0.0890701" m32="0.688783" m33="1"/>
		<transform name="peon L Finger11" m00="0.208112" m01="0.537362" m02="-0.817271" m03="0" m10="0.909602" m11="0.200869" m12="0.363697" m13="0" m20="0.359601" m21="-0.819081" m22="-0.446983" m23="0" m30="-0.814291" m31="-0.066881" m32="0.623459" m33="1"/>
		<transform name="peon L Foot" m00="0.0493407" m01="0.169977" m02="-0.984212" m03="0" m10="0.189864" m11="0.965848" m12="0.176323" m13="0" m20="0.98057" m21="-0.195567" m22="0.0153831" m23="0" m30="-0.104977" m31="0.169595" m32="0.138552" m33="1"/>
		<transform name="peon L Forearm" m00="-0.667613" m01="-0.0983408" m02="-0.737985" m03="0" m10="-0.239969" m11="-0.909913" m12="0.338338" m13="0" m20="-0.704775" m21="0.402972" m22="0.583871" m23="0" m30="-0.502015" m31="-0.0761828" m32="0.975069" m33="1"/>
		<transform name="peon L Hand" m00="-0.734783" m01="0.0466875" m02="-0.676693" m03="0" m10="0.575421" m11="0.571123" m12="-0.585414" m13="0" m20="0.359143" m21="-0.819536" m22="-0.446517" m23="0" m30="-0.648007" m31="-0.0976877" m32="0.813688" m33="1"/>
		<transform name="peon L Thigh" m00="0.359282" m01="0.505731" m02="-0.784317" m03="0" m10="-0.35014" m11="0.852087" m12="0.389036" m13="0" m20="0.865054" m21="0.134847" m22="0.483216" m23="0" m30="-0.243396" m31="0.103314" m32="0.404846" m33="1"/>
		<transform name="peon L Toe0" m00="0.189864" m01="0.965848" m02="0.176323" m03="0" m10="-0.0493407" m11="-0.169977" m12="0.984212" m13="0" m20="0.98057" m21="-0.195567" m22="0.0153831" m23="0" m30="-0.0765166" m31="0.304803" m32="0.0433157" m33="1"/>
		<transform name="peon L UpperArm" m00="-0.696258" m01="-0.550758" m02="-0.460315" m03="0" m10="0.136077" m11="-0.730944" m12="0.668733" m13="0" m20="-0.704775" m21="0.402972" m22="0.583871" m23="0" m30="-0.358387" m31="0.0374311" m32="1.07003" m33="1"/>
		<transform name="peon Neck" m00="-0.320446" m01="5.20962e-05" m02="0.947267" m03="0" m10="-0.616621" m11="0.759111" m12="-0.208636" m13="0" m20="-0.719092" m21="-0.650961" m22="-0.243222" m23="0" m30="-0.312333" m31="0.0790179" m32="1.0856" m33="1"/>
		<transform name="peon Pelvis" m00="-0.252662" m01="-0.028862" m02="0.967124" m03="0" m10="-0.352815" m11="0.93348" m12="-0.0643153" m13="0" m20="-0.900935" m21="-0.357466" m22="-0.246038" m23="0" m30="-0.110313" m31="0.156118" m32="0.441191" m33="1"/>
		<transform name="peon Ponytail1" m00="-0.811061" m01="-0.305164" m02="-0.499054" m03="0" m10="0.266517" m11="-0.952223" m12="0.149128" m13="0" m20="-0.52072" m21="-0.0120546" m22="0.853642" m23="0" m30="-0.510455" m31="0.105826" m32="1.39667" m33="1"/>
		<transform name="peon Ponytail2" m00="0.912646" m01="0.24419" m02="0.327794" m03="0" m10="0.214546" m11="-0.968767" m12="0.124342" m13="0" m20="0.347919" m21="-0.0431537" m22="-0.936531" m23="0" m30="-0.42893" m31="0.131777" m32="1.43555" m33="1"/>
		<transform name="peon Prop1" m00="-0.952026" m01="0.0920482" m02="-0.291845" m03="0" m10="-0.270755" m11="-0.697808" m12="0.663141" m13="0" m20="-0.142611" m21="0.710346" m22="0.689254" m23="0" m30="-0.00602857" m31="0.269001" m32="0.681304" m33="1"/>
		<transform name="peon R Calf" m00="0.614522" m01="0.223609" m02="-0.756546" m03="0" m10="0.0533916" m11="0.945001" m12="0.322679" m13="0" m20="0.787091" m21="-0.238687" m22="0.568785" m23="0" m30="0.111856" m31="0.395695" m32="0.432637" m33="1"/>
		<transform name="peon R Clavicle" m00="0.71909" m01="0.650963" m02="0.243222" m03="0" m10="0.616878" m11="-0.759109" m12="0.207882" m13="0" m20="0.319955" m21="0.000552368" m22="-0.947432" m23="0" m30="-0.306928" m31="0.0840142" m32="1.08743" m33="1"/>
		<transform name="peon R Foot" m00="0.752533" m01="0.0369489" m02="-0.657517" m03="0" m10="0.0194598" m11="0.996741" m12="0.0782833" m13="0" m20="0.658267" m21="-0.071706" m22="0.749362" m23="0" m30="0.188599" m31="0.42362" m32="0.338158" m33="1"/>
		<transform name="peon R Forearm" m00="0.237375" m01="0.671099" m02="-0.702338" m03="0" m10="0.97116" m11="-0.180616" m12="0.155648" m13="0" m20="-0.0223985" m21="-0.71903" m22="-0.694618" m23="0" m30="-0.0673957" m31="0.155195" m32="1.05905" m33="1"/>
		<transform name="peon R Hand" m00="0.284469" m01="0.667666" m02="-0.687968" m03="0" m10="-0.947296" m11="0.085475" m12="-0.308746" m13="0" m20="-0.147335" m21="0.739538" m22="0.656792" m23="0" m30="-0.0154871" m31="0.301949" m32="0.905462" m33="1"/>
		<transform name="peon R Thigh" m00="0.420715" m01="0.882065" m02="-0.212037" m03="0" m10="-0.451095" m11="0.406189" m12="0.794684" m13="0" m20="0.787091" m21="-0.238687" m22="0.568785" m23="0" m30="0.022771" m31="0.208922" m32="0.477535" m33="1"/>
		<transform name="peon R Toe0" m00="0.0194598" m01="0.996741" m02="0.0782833" m03="0" m10="-0.752533" m11="-0.0369489" m12="0.657517" m13="0" m20="0.658267" m21="-0.071706" m22="0.749362" m23="0" m30="0.279806" m31="0.546798" m32="0.269824" m33="1"/>
		<transform name="peon R UpperArm" m00="0.964587" m01="0.167103" m02="-0.204079" m03="0" m10="0.262812" m11="-0.674591" m12="0.689824" m13="0" m20="-0.0223985" m21="-0.71903" m22="-0.694618" m23="0" m30="-0.266377" m31="0.120724" m32="1.10115" m33="1"/>
		<transform name="peon Spine" m00="-0.346056" m01="-0.119196" m02="0.930611" m03="0" m10="-0.475916" m11="0.877113" m12="-0.0646303" m13="0" m20="-0.808547" m21="-0.465259" m22="-0.360257" m23="0" m30="-0.138021" m31="0.130685" m32="0.615542" m33="1"/>
		<transform name="peon Spine1" m00="-0.369836" m01="-0.190115" m02="0.909438" m03="0" m10="-0.58692" m11="0.806608" m12="-0.070061" m13="0" m20="-0.72024" m21="-0.559678" m22="-0.409895" m23="0" m30="-0.195455" m31="0.110769" m32="0.770212" m33="1"/>
		<transform name="peon Spine2" m00="-0.320446" m01="5.20962e-05" m02="0.947267" m03="0" m10="-0.616621" m11="0.759111" m12="-0.208636" m13="0" m20="-0.719092" m21="-0.650961" m22="-0.243222" m23="0" m30="-0.256834" m31="0.0790684" m32="0.921383" m33="1"/>
	</frame>
	<frame index="4">
		<transform name="peon Head" m00="-0.538456" m01="-0.0450732" m02="0.841447" m03="0" m10="-0.658827" m11="0.645095" m12="-0.387039" m13="0" m20="-0.525368" m21="-0.762772" m22="-0.377051" m23="0" m30="-0.455595" m31="0.162974" m32="1.18002" m33="1"/>
		<transform name="peon L Calf" m00="0.466782" m01="-0.0670472" m02="-0.881827" m03="0" m10="-0.514199" m11="0.79068" m12="-0.332301" m13="0" m20="0.719523" m21="0.608547" m22="0.3346" m23="0" m30="-0.228758" m31="0.148851" m32="0.251793" m33="1"/>
		<transform name="peon L Clavicle" m00="-0.260652" m01="-0.962858" m02="-0.0704577" m03="0" m10="0.874934" m11="-0.266439" m12="0.404352" m13="0" m20="-0.408107" m21="0.0437493" m22="0.911885" m23="0" m30="-0.417369" m31="0.151362" m32="1.08965" m33="1"/>
		<transform name="peon L Finger01" m00="0.103116" m01="0.346099" m02="-0.932514" m03="0" m10="0.946848" m11="-0.321352" m12="-0.0145683" m13="0" m20="-0.304708" m21="-0.881446" m22="-0.36084" m23="0" m30="-0.717263" m31="-0.127607" m32="0.723455" m33="1"/>
		<transform name="peon L Finger1" m00="-0.134631" m01="-0.196307" m02="-0.971256" m03="0" m10="0.550439" m11="0.800222" m12="-0.238037" m13="0" m20="0.823949" m21="-0.566664" m22="0.000320195" m23="0" m30="-0.583977" m31="-0.321015" m32="0.692619" m33="1"/>
		<transform name="peon L Finger11" m00="0.240409" m01="0.349051" m02="-0.905741" m03="0" m10="0.513139" m11="0.746361" m12="0.423831" m13="0" m20="0.823949" m21="-0.566664" m22="0.000320195" m23="0" m30="-0.594141" m31="-0.335835" m32="0.619294" m33="1"/>
		<transform name="peon L Foot" m00="-0.0335529" m01="0.262437" m02="-0.964366" m03="0" m10="-0.582009" m11="0.77929" m12="0.232321" m13="0" m20="0.81249" m21="0.569064" m22="0.126593" m23="0" m30="-0.170466" m31="0.140478" m32="0.141669" m33="1"/>
		<transform name="peon L Forearm" m00="-0.224036" m01="-0.628484" m02="-0.744859" m03="0" m10="0.081782" m11="-0.773715" m12="0.628234" m13="0" m20="-0.971143" m21="0.0798311" m22="0.224739" m23="0" m30="-0.467671" m31="-0.0856207" m32="0.996722" m33="1"/>
		<transform name="peon L Hand" m00="-0.364692" m01="-0.530706" m02="-0.765082" m03="0" m10="0.434371" m11="0.62982" m12="-0.643932" m13="0" m20="0.823603" m21="-0.567166" m22="0.00083297" m23="0" m30="-0.516662" m31="-0.223056" m32="0.833838" m33="1"/>
		<transform name="peon L Thigh" m00="-0.00228543" m01="0.483879" m02="-0.875132" m03="0" m10="-0.694465" m11="0.628913" m12="0.349553" m13="0" m20="0.719523" m21="0.608547" m22="0.3346" m23="0" m30="-0.228274" m31="0.0463919" m32="0.437099" m33="1"/>
		<transform name="peon L Toe0" m00="-0.582009" m01="0.77929" m02="0.232321" m03="0" m10="0.0335529" m11="-0.262437" m12="0.964366" m13="0" m20="0.81249" m21="0.569064" m22="0.126593" m23="0" m30="-0.243805" m31="0.26437" m32="0.0554523" m33="1"/>
		<transform name="peon L UpperArm" m00="-0.17259" m01="-0.885584" m02="-0.431222" m03="0" m10="0.1646" m11="-0.457566" m12="0.873808" m13="0" m20="-0.971143" m21="0.0798311" m22="0.224739" m23="0" m30="-0.432068" m31="0.0970634" m32="1.08568" m33="1"/>
		<transform name="peon Neck" m00="-0.408803" m01="0.0439615" m02="0.911563" m03="0" m10="-0.874608" m11="0.266406" m12="-0.405078" m13="0" m20="-0.260654" m21="-0.962858" m22="-0.0704588" m23="0" m30="-0.415323" m31="0.158643" m32="1.09022" m33="1"/>
		<transform name="peon Pelvis" m00="-0.482599" m01="0.130938" m02="0.865998" m03="0" m10="-0.680433" m11="0.566508" m12="-0.464844" m13="0" m20="-0.55146" m21="-0.813587" m22="-0.184302" m23="0" m30="-0.146814" m31="0.166573" m32="0.464324" m33="1"/>
		<transform name="peon Ponytail1" m00="-0.445197" m01="-0.776085" m02="-0.446644" m03="0" m10="0.648899" m11="-0.623343" m12="0.436318" m13="0" m20="-0.617033" m21="-0.0955798" m22="0.781111" m23="0" m30="-0.655939" m31="0.146281" m32="1.36832" m33="1"/>
		<transform name="peon Ponytail2" m00="0.59661" m01="0.741064" m02="0.308026" m03="0" m10="0.617425" m11="-0.669039" m12="0.413731" m13="0" m20="0.512682" m21="-0.0566533" m22="-0.856707" m23="0" m30="-0.606566" m31="0.217965" m32="1.40375" m33="1"/>
		<transform name="peon Prop1" m00="-0.539607" m01="-0.386566" m02="-0.747924" m03="0" m10="0.0311093" m11="-0.896907" m12="0.441124" m13="0" m20="-0.841342" m21="0.214766" m22="0.496003" m23="0" m30="-0.174021" m31="0.63255" m32="0.854016" m33="1"/>
		<transform name="peon R Calf" m00="0.535978" m01="0.554342" m02="-0.636735" m03="0" m10="-0.59393" m11="0.7836" m12="0.182257" m13="0" m20="0.599979" m21="0.28049" m22="0.749233" m23="0" m30="-0.0892014" m31="0.489354" m32="0.434798" m33="1"/>
		<transform name="peon R Clavicle" m00="0.260652" m01="0.962858" m02="0.0704577" m03="0" m10="0.874934" m11="-0.266439" m12="0.404352" m13="0" m20="0.408107" m21="-0.0437494" m22="-0.911885" m23="0" m30="-0.413415" m31="0.165966" m32="1.09072" m33="1"/>
		<transform name="peon R Foot" m00="0.76781" m01="0.440456" m02="-0.465259" m03="0" m10="-0.620432" m11="0.692292" m12="-0.368504" m13="0" m20="0.159786" m21="0.571603" m22="0.804822" m23="0" m30="-0.0222673" m31="0.558581" m32="0.355281" m33="1"/>
		<transform name="peon R Forearm" m00="-0.0183506" m01="0.870745" m02="-0.491393" m03="0" m10="0.665767" m11="0.377312" m12="0.643732" m13="0" m20="0.745934" m21="-0.31534" m22="-0.586637" m23="0" m30="-0.287469" m31="0.385882" m32="1.14712" m33="1"/>
		<transform name="peon R Hand" m00="0.00763183" m01="0.89072" m02="-0.454487" m03="0" m10="-0.52571" m11="-0.383049" m12="-0.759541" m13="0" m20="-0.850629" m21="0.244726" m22="0.465338" m23="0" m30="-0.291482" m31="0.576294" m32="1.03967" m33="1"/>
		<transform name="peon R Thigh" m00="-0.112623" m01="0.95681" m02="-0.268014" m03="0" m10="-0.792049" m11="0.0764219" m12="0.605655" m13="0" m20="0.599979" m21="0.28049" m22="0.749233" m23="0" m30="-0.065354" m31="0.286753" m32="0.491548" m33="1"/>
		<transform name="peon R Toe0" m00="-0.620432" m01="0.692292" m02="-0.368504" m03="0" m10="-0.76781" m11="-0.440456" m12="0.465259" m13="0" m20="0.159786" m21="0.571603" m22="0.804822" m23="0" m30="-0.0055313" m31="0.69313" m32="0.256398" m33="1"/>
		<transform name="peon R UpperArm" m00="0.539286" m01="0.802853" m02="0.25416" m03="0" m10="0.390836" m11="-0.505952" m12="0.768934" m13="0" m20="0.745934" m21="-0.31534" m22="-0.586637" m23="0" m30="-0.398716" m31="0.220264" m32="1.09469" m33="1"/>
		<transform name="peon Spine" m00="-0.42887" m01="-0.0506766" m02="0.901944" m03="0" m10="-0.805522" m11="0.473388" m12="-0.356424" m13="0" m20="-0.408907" m21="-0.879395" m22="-0.243843" m23="0" m30="-0.209908" m31="0.182592" m32="0.630366" m33="1"/>
		<transform name="peon Spine1" m00="-0.38258" m01="-0.138654" m02="0.913459" m03="0" m10="-0.880333" m11="0.3548" m12="-0.314851" m13="0" m20="-0.28044" m21="-0.924604" m22="-0.257801" m23="0" m30="-0.281067" m31="0.174123" m32="0.780305" m33="1"/>
		<transform name="peon Spine2" m00="-0.408803" m01="0.0439615" m02="0.911563" m03="0" m10="-0.874608" m11="0.266406" m12="-0.405078" m13="0" m20="-0.260654" m21="-0.962858" m22="-0.0704588" m23="0" m30="-0.344528" m31="0.151043" m32="0.932171" m33="1"/>
	</frame>
	<frame index="5">
		<transform name="peon Head" m00="-0.259016" m01="-0.245251" m02="0.934218" m03="0" m10="-0.854818" m11="0.5085" m12="-0.10351" m13="0" m20="-0.449664" m21="-0.825397" m22="-0.341354" m23="0" m30="-0.425878" m31="0.15294" m32="1.19867" m33="1"/>
		<transform name="peon L Calf" m00="0.512913" m01="-0.221213" m02="-0.829448" m03="0" m10="-0.461527" m11="0.74364" m12="-0.483727" m13="0" m20="0.723818" m21="0.630923" m22="0.279327" m23="0" m30="-0.252274" m31="0.139923" m32="0.243603" m33="1"/>
		<transform name="peon L Clavicle" m00="-0.189104" m01="-0.979937" m02="-0.062952" m03="0" m10="0.940221" m11="-0.199186" m12="0.276241" m13="0" m20="-0.283238" m21="-0.00695055" m22="0.959025" m23="0" m30="-0.39941" m31="0.146193" m32="1.10372" m33="1"/>
		<transform name="peon L Finger01" m00="0.116975" m01="0.370689" m02="-0.921361" m03="0" m10="0.978085" m11="-0.203895" m12="0.0421442" m13="0" m20="-0.172238" m21="-0.9061" m22="-0.386416" m23="0" m30="-0.644435" m31="-0.149671" m32="0.699475" m33="1"/>
		<transform name="peon L Finger1" m00="-0.0467002" m01="-0.199182" m02="-0.978849" m03="0" m10="0.465001" m11="0.862935" m12="-0.19778" m13="0" m20="0.884077" m21="-0.464403" m22="0.0523209" m23="0" m30="-0.486981" m31="-0.32531" m32="0.676275" m33="1"/>
		<transform name="peon L Finger11" m00="0.254184" m01="0.383876" m02="-0.88771" m03="0" m10="0.39217" m11="0.798104" m12="0.45742" m13="0" m20="0.884077" m21="-0.464403" m22="0.0523209" m23="0" m30="-0.490506" m31="-0.340347" m32="0.602377" m33="1"/>
		<transform name="peon L Foot" m00="-0.0899149" m01="0.276053" m02="-0.956927" m03="0" m10="-0.832318" m11="0.506836" m12="0.224418" m13="0" m20="0.546956" m21="0.816647" m22="0.184192" m23="0" m30="-0.188221" m31="0.112298" m32="0.140019" m33="1"/>
		<transform name="peon L Forearm" m00="-0.0960033" m01="-0.635836" m02="-0.76583" m03="0" m10="0.13262" m11="-0.770695" m12="0.62325" m13="0" m20="-0.986507" m21="-0.0417304" m22="0.158314" m23="0" m30="-0.42042" m31="-0.0830621" m32="0.989836" m33="1"/>
		<transform name="peon L Hand" m00="-0.246869" m01="-0.55913" m02="-0.791473" m03="0" m10="0.39752" m11="0.686437" m12="-0.608919" m13="0" m20="0.883761" m21="-0.464949" m22="0.0528058" m23="0" m30="-0.441413" m31="-0.222105" m32="0.822365" m33="1"/>
		<transform name="peon L Thigh" m00="0.00464904" m01="0.400358" m02="-0.916347" m03="0" m10="-0.689975" m11="0.664567" m12="0.286853" m13="0" m20="0.723818" m21="0.630923" m22="0.279327" m23="0" m30="-0.253259" m31="0.0551491" m32="0.437636" m33="1"/>
		<transform name="peon L Toe0" m00="-0.832318" m01="0.506836" m02="0.224418" m03="0" m10="0.0899149" m11="-0.276053" m12="0.956927" m13="0" m20="0.546956" m21="0.816647" m22="0.184192" m23="0" m30="-0.298055" m31="0.205321" m32="0.0537394" m33="1"/>
		<transform name="peon L UpperArm" m00="-0.0501527" m01="-0.843458" m02="-0.534848" m03="0" m10="0.155851" m11="-0.535571" m12="0.829984" m13="0" m20="-0.986507" m21="-0.0417304" m22="0.158314" m23="0" m30="-0.410074" m31="0.090932" m32="1.10017" m33="1"/>
		<transform name="peon Neck" m00="-0.283986" m01="-0.00679189" m02="0.958804" m03="0" m10="-0.939995" m11="0.199194" m12="-0.277004" m13="0" m20="-0.189107" m21="-0.979936" m22="-0.0629527" m23="0" m30="-0.397902" m31="0.153609" m32="1.10422" m33="1"/>
