<?xml version="1.0" encoding="ISO-8859-1" standalone="yes"?>
<!DOCTYPE animation [
    <!ELEMENT animation  (frame+)>
    <!ELEMENT frame      (transform+)>
    <!ELEMENT transform   EMPTY>
    <!ATTLIST frame index CDATA #REQUIRED>
    <!ATTLIST transform name CDATA #REQUIRED>
    <!ATTLIST transform m00 CDATA #REQUIRED>
    <!ATTLIST transform m01 CDATA #REQUIRED>
    <!ATTLIST transform m02 CDATA #REQUIRED>
    <!ATTLIST transform m03 CDATA #REQUIRED>
    <!ATTLIST transform m10 CDATA #REQUIRED>
    <!ATTLIST transform m11 CDATA #REQUIRED>
    <!ATTLIST transform m12 CDATA #REQUIRED>
    <!ATTLIST transform m13 CDATA #REQUIRED>
    <!ATTLIST transform m20 CDATA #REQUIRED>
    <!ATTLIST transform m21 CDATA #REQUIRED>
    <!ATTLIST transform m22 CDATA #REQUIRED>
    <!ATTLIST transform m23 CDATA #REQUIRED>
    <!ATTLIST transform m30 CDATA #REQUIRED>
    <!ATTLIST transform m31 CDATA #REQUIRED>
    <!ATTLIST transform m32 CDATA #REQUIRED>
    <!ATTLIST transform m33 CDATA #REQUIRED>
]>

<animation>
    <frame index="0">
        <transform name='ship'
            m00='0.027977170422673225' m10='-0.9928436279296875' m20='0.11609801650047302' m30='0.5090197324752808'
            m01='-0.11609819531440735' m11='-0.11858485639095306' m21='-0.986133337020874' m31='0.06373582035303116'
            m02='0.992843747138977' m12='0.0141105642542243' m22='-0.1185850203037262' m32='0.8409090638160706'
            m03='0.0' m13='0.0' m23='0.0' m33='1.0'/>
        <transform name='ship bottom'
            m00='-1.1471274774521589e-07' m10='-1.0' m20='1.4901161193847656e-08' m30='-0.48382389545440674'
            m01='-0.11776315420866013' m11='0.0' m21='-0.9930418133735657' m31='-0.054849036037921906'
            m02='0.9930417537689209' m12='-2.7939677238464355e-09' m22='-0.11776313930749893' m32='0.8550196290016174'
            m03='0.0' m13='0.0' m23='0.0' m33='1.0'/>
        <transform name='ship column'
            m00='0.9944515824317932' m10='0.008323759771883488' m20='-0.10486562550067902' m30='-5.411092758178711'
            m01='-0.1047530472278595' m11='-0.012973815202713013' m21='-0.9944137930870056' m31='-0.054849036037921906'
            m02='-0.009637866169214249' m12='0.9998812675476074' m22='-0.012029871344566345' m32='0.8550196290016174'
            m03='0.0' m13='0.0' m23='0.0' m33='1.0'/>
        <transform name='ship sail base'
            m00='0.9844748377799988' m10='-0.13734297454357147' m20='-0.10929796099662781' m30='-5.379798412322998'
            m01='-0.10870549827814102' m11='0.011829795315861702' m21='-0.9940037727355957' m31='-0.10362592339515686'
            m02='0.1378122717142105' m12='0.9904530048370361' m22='-0.0032837800681591034' m32='4.6142144203186035'
            m03='0.0' m13='0.0' m23='0.0' m33='1.0'/>
        <transform name='ship sail  1'
            m00='0.9294111132621765' m10='0.06495179980993271' m20='-0.3632851243019104' m30='-5.971714019775391'
            m01='-0.11873631179332733' m11='0.9846776127815247' m21='-0.12771858274936676' m31='-0.05264230817556381'
            m02='0.34942305088043213' m12='0.16183820366859436' m22='0.9228824377059937' m32='8.882831573486328'
            m03='0.0' m13='0.0' m23='0.0' m33='1.0'/>
        <transform name='ship sail  2'
            m00='0.9159687757492065' m10='0.15028192102909088' m20='-0.37204331159591675' m30='-5.849033355712891'
            m01='-0.11850561201572418' m11='0.9871721267700195' m21='0.10699475556612015' m31='1.8072123527526855'
            m02='0.38335007429122925' m12='-0.0539146363735199' m22='0.922028124332428' m32='9.18851089477539'
            m03='0.0' m13='0.0' m23='0.0' m33='1.0'/>
        <transform name='ship sail 3'
            m00='0.986421525478363' m10='0.16055506467819214' m20='-0.03455974906682968' m30='-5.971714019775391'
            m01='0.1584050953388214' m11='-0.9856753945350647' m21='-0.05789973586797714' m31='-0.05264230817556381'
            m02='-0.04336101934313774' m12='0.05163922905921936' m22='-0.9977242350578308' m32='8.882831573486328'
            m03='0.0' m13='0.0' m23='0.0' m33='1.0'/>
        <transform name='ship sail 4'
            m00='0.9957802891731262' m10='0.08367016166448593' m20='-0.037691544741392136' m30='-5.6256561279296875'
            m01='0.0830550491809845' m11='-0.9963896870613098' m21='-0.017604369670152664' m31='-2.177151679992676'
            m02='-0.03902864828705788' m12='0.014399748295545578' m22='-0.9991345405578613' m32='8.994133949279785'
            m03='0.0' m13='0.0' m23='0.0' m33='1.0'/>
    </frame>
    <frame index="1">
        <transform name='ship'
            m00='0.027977170422673225' m10='-0.9928436279296875' m20='0.11609801650047302' m30='0.5090197324752808'
            m01='-0.11609819531440735' m11='-0.11858485639095306' m21='-0.986133337020874' m31='0.06373582035303116'
            m02='0.992843747138977' m12='0.0141105642542243' m22='-0.1185850203037262' m32='0.8409090638160706'
            m03='0.0' m13='0.0' m23='0.0' m33='1.0'/>
        <transform name='ship bottom'
            m00='-1.1471274774521589e-07' m10='-1.0' m20='1.4901161193847656e-08' m30='-0.48382389545440674'
            m01='-0.11776315420866013' m11='0.0' m21='-0.9930418133735657' m31='-0.054849036037921906'
            m02='0.9930417537689209' m12='-2.7939677238464355e-09' m22='-0.11776313930749893' m32='0.8550196290016174'
            m03='0.0' m13='0.0' m23='0.0' m33='1.0'/>
        <transform name='ship column'
            m00='0.9944515824317932' m10='0.008323759771883488' m20='-0.10486562550067902' m30='-5.411092758178711'
            m01='-0.1047530472278595' m11='-0.012973815202713013' m21='-0.9944137930870056' m31='-0.054849036037921906'
            m02='-0.009637866169214249' m12='0.9998812675476074' m22='-0.012029871344566345' m32='0.8550196290016174'
            m03='0.0' m13='0.0' m23='0.0' m33='1.0'/>
        <transform name='ship sail base'
            m00='0.9844748377799988' m10='-0.13734297454357147' m20='-0.10929796099662781' m30='-5.379798412322998'
            m01='-0.10870549827814102' m11='0.011829795315861702' m21='-0.9940037727355957' m31='-0.10362592339515686'
            m02='0.1378122717142105' m12='0.9904530048370361' m22='-0.0032837800681591034' m32='4.6142144203186035'
            m03='0.0' m13='0.0' m23='0.0' m33='1.0'/>
        <transform name='ship sail  1'
            m00='0.9294111132621765' m10='0.06495179980993271' m20='-0.3632851243019104' m30='-5.971714019775391'
            m01='-0.11873631179332733' m11='0.9846776127815247' m21='-0.12771858274936676' m31='-0.05264230817556381'
            m02='0.34942305088043213' m12='0.16183820366859436' m22='0.9228824377059937' m32='8.882831573486328'
            m03='0.0' m13='0.0' m23='0.0' m33='1.0'/>
        <transform name='ship sail  2'
            m00='0.9159687757492065' m10='0.15028192102909088' m20='-0.37204331159591675' m30='-5.849033355712891'
            m01='-0.11850561201572418' m11='0.9871721267700195' m21='0.10699475556612015' m31='1.8072123527526855'
            m02='0.38335007429122925' m12='-0.0539146363735199' m22='0.922028124332428' m32='9.18851089477539'
            m03='0.0' m13='0.0' m23='0.0' m33='1.0'/>
        <transform name='ship sail 3'
            m00='0.986421525478363' m10='0.16055506467819214' m20='-0.03455974906682968' m30='-5.971714019775391'
            m01='0.1584050953388214' m11='-0.9856753945350647' m21='-0.05789973586797714' m31='-0.05264230817556381'
            m02='-0.04336101934313774' m12='0.05163922905921936' m22='-0.9977242350578308' m32='8.882831573486328'
            m03='0.0' m13='0.0' m23='0.0' m33='1.0'/>
        <transform name='ship sail 4'
            m00='0.9957802891731262' m10='0.08367016166448593' m20='-0.037691544741392136' m30='-5.6256561279296875'
            m01='0.0830550491809845' m11='-0.9963896870613098' m21='-0.017604369670152664' m31='-2.177151679992676'
            m02='-0.03902864828705788' m12='0.014399748295545578' m22='-0.9991345405578613' m32='8.994133949279785'
            m03='0.0' m13='0.0' m23='0.0' m33='1.0'/>
    </frame>
    <frame index="2">
        <transform name='ship'
            m00='0.027977170422673225' m10='-0.9928436279296875' m20='0.11609801650047302' m30='0.5090197324752808'
            m01='-0.11609819531440735' m11='-0.11858485639095306' m21='-0.986133337020874' m31='0.06373582035303116'
            m02='0.992843747138977' m12='0.0141105642542243' m22='-0.1185850203037262' m32='0.8409090638160706'
            m03='0.0' m13='0.0' m23='0.0' m33='1.0'/>
        <transform name='ship bottom'
            m00='-1.1471274774521589e-07' m10='-1.0' m20='1.4901161193847656e-08' m30='-0.48382389545440674'
            m01='-0.11776315420866013' m11='0.0' m21='-0.9930418133735657' m31='-0.054849036037921906'
            m02='0.9930417537689209' m12='-2.7939677238464355e-09' m22='-0.11776313930749893' m32='0.8550196290016174'
            m03='0.0' m13='0.0' m23='0.0' m33='1.0'/>
        <transform name='ship column'
            m00='0.9944515824317932' m10='0.008323759771883488' m20='-0.10486562550067902' m30='-5.411092758178711'
            m01='-0.1047530472278595' m11='-0.012973815202713013' m21='-0.9944137930870056' m31='-0.054849036037921906'
            m02='-0.009637866169214249' m12='0.9998812675476074' m22='-0.012029871344566345' m32='0.8550196290016174'
            m03='0.0' m13='0.0' m23='0.0' m33='1.0'/>
        <transform name='ship sail base'
            m00='0.9844171404838562' m10='-0.13775740563869476' m20='-0.10929657518863678' m30='-5.379798412322998'
            m01='-0.10870550572872162' m11='0.011829795315861702' m21='-0.9940037727355957' m31='-0.10362592339515686'
            m02='0.13822419941425323' m12='0.9903954267501831' m22='-0.0033295138273388147' m32='4.6142144203186035'
            m03='0.0' m13='0.0' m23='0.0' m33='1.0'/>
        <transform name='ship sail  1'
            m00='0.9292648434638977' m10='0.06488406658172607' m20='-0.3636712431907654' m30='-5.9735002517700195'
            m01='-0.11873631924390793' m11='0.9846776127815247' m21='-0.12771858274936676' m31='-0.05264230817556381'
            m02='0.3498118817806244' m12='0.16186538338661194' m22='0.9227303862571716' m32='8.882583618164062'
            m03='0.0' m13='0.0' m23='0.0' m33='1.0'/>
        <transform name='ship sail  2'
            m00='0.9158647656440735' m10='0.15148785710334778' m20='-0.3718102276325226' m30='-5.850947380065918'
            m01='-0.11962655931711197' m11='0.9869863986968994' m21='0.10745994001626968' m31='1.8072123527526855'
            m02='0.38325035572052' m12='-0.05394037812948227' m22='0.9220681190490723' m32='9.188314437866211'
            m03='0.0' m13='0.0' m23='0.0' m33='1.0'/>
        <transform name='ship sail 3'
            m00='0.9864396452903748' m10='0.16053347289562225' m20='-0.03414226323366165' m30='-5.9735002517700195'
            m01='0.1584050953388214' m11='-0.9856753945350647' m21='-0.05789973586797714' m31='-0.05264230817556381'
            m02='-0.042948246002197266' m12='0.051706403493881226' m22='-0.9977385401725769' m32='8.882583618164062'
            m03='0.0' m13='0.0' m23='0.0' m33='1.0'/>
        <transform name='ship sail 4'
            m00='0.9957244992256165' m10='0.08464532345533371' m20='-0.03698161616921425' m30='-5.62748908996582'
            m01='0.08404120802879333' m11='-0.9963070750236511' m21='-0.017599167302250862' m31='-2.177151679992676'
            m02='-0.038334935903549194' m12='0.014416078105568886' m22='-0.9991610646247864' m32='8.994030952453613'
            m03='0.0' m13='0.0' m23='0.0' m33='1.0'/>
    </frame>
    <frame index="3">
        <transform name='ship'
            m00='0.027977170422673225' m10='-0.9928436279296875' m20='0.11609801650047302' m30='0.5090197324752808'
            m01='-0.11609819531440735' m11='-0.11858485639095306' m21='-0.986133337020874' m31='0.06373582035303116'
            m02='0.992843747138977' m12='0.0141105642542243' m22='-0.1185850203037262' m32='0.8409090638160706'
            m03='0.0' m13='0.0' m23='0.0' m33='1.0'/>
        <transform name='ship bottom'
            m00='-1.1471274774521589e-07' m10='-1.0' m20='1.4901161193847656e-08' m30='-0.48382389545440674'
            m01='-0.11776315420866013' m11='0.0' m21='-0.9930418133735657' m31='-0.054849036037921906'
            m02='0.9930417537689209' m12='-2.7939677238464355e-09' m22='-0.11776313930749893' m32='0.8550196290016174'
            m03='0.0' m13='0.0' m23='0.0' m33='1.0'/>
        <transform name='ship column'
            m00='0.9944515824317932' m10='0.008323759771883488' m20='-0.10486562550067902' m30='-5.411092758178711'
            m01='-0.1047530472278595' m11='-0.012973815202713013' m21='-0.9944137930870056' m31='-0.054849036037921906'
            m02='-0.009637866169214249' m12='0.9998812675476074' m22='-0.012029871344566345' m32='0.8550196290016174'
            m03='0.0' m13='0.0' m23='0.0' m33='1.0'/>
        <transform name='ship sail base'
            m00='0.9842484593391418' m10='-0.13896015286445618' m20='-0.10929245501756668' m30='-5.379798412322998'
            m01='-0.10870549827814102' m11='0.011829795315861702' m21='-0.9940037727355957' m31='-0.10362592339515686'
            m02='0.13941968977451324' m12='0.9902274012565613' m22='-0.0034622526727616787' m32='4.6142144203186035'
            m03='0.0' m13='0.0' m23='0.0' m33='1.0'/>
        <transform name='ship sail  1'
            m00='0.9288392663002014' m10='0.06468744575977325' m20='-0.3647916615009308' m30='-5.9786834716796875'
            m01='-0.11873631179332733' m11='0.9846776127815247' m21='-0.12771858274936676' m31='-0.05264230817556381'
            m02='0.3509402573108673' m12='0.16194406151771545' m22='0.9222880005836487' m32='8.88185977935791'
            m03='0.0' m13='0.0' m23='0.0' m33='1.0'/>
        <transform name='ship sail  2'
            m00='0.915554940700531' m10='0.15498749911785126' m20='-0.37113016843795776' m30='-5.856502056121826'
            m01='-0.12288117408752441' m11='0.9864389300346375' m21='0.10880609601736069' m31='1.8072123527526855'
            m02='0.382960706949234' m12='-0.05401304364204407' m22='0.92218416929245' m32='9.187739372253418'
            m03='0.0' m13='0.0' m23='0.0' m33='1.0'/>
        <transform name='ship sail 3'
            m00='0.9864909648895264' m10='0.16047053039073944' m20='-0.03293045610189438' m30='-5.9786834716796875'
            m01='0.1584050953388214' m11='-0.9856753945350647' m21='-0.05789973586797714' m31='-0.05264230817556381'
            m02='-0.04175017029047012' m12='0.05190134048461914' m22='-0.9977793097496033' m32='8.88185977935791'
            m03='0.0' m13='0.0' m23='0.0' m33='1.0'/>
        <transform name='ship sail 4'
            m00='0.9955541491508484' m10='0.0874755010008812' m20='-0.03492086008191109' m30='-5.632807731628418'
            m01='0.08690337836742401' m11='-0.9960617423057556' m21='-0.01758243329823017' m31='-2.177151679992676'
            m02='-0.03632158786058426' m12='0.014469661749899387' m22='-0.9992355108261108' m32='8.99372673034668'
            m03='0.0' m13='0.0' m23='0.0' m33='1.0'/>
    </frame>
    <frame index="4">
        <transform name='ship'
            m00='0.027977170422673225' m10='-0.9928436279296875' m20='0.11609801650047302' m30='0.5090197324752808'
            m01='-0.11609819531440735' m11='-0.11858485639095306' m21='-0.986133337020874' m31='0.06373582035303116'
            m02='0.992843747138977' m12='0.0141105642542243' m22='-0.1185850203037262' m32='0.8409090638160706'
            m03='0.0' m13='0.0' m23='0.0' m33='1.0'/>
        <transform name='ship bottom'
            m00='-1.1471274774521589e-07' m10='-1.0' m20='1.4901161193847656e-08' m30='-0.48382389545440674'
            m01='-0.11776315420866013' m11='0.0' m21='-0.9930418133735657' m31='-0.054849036037921906'
            m02='0.9930417537689209' m12='-2.7939677238464355e-09' m22='-0.11776313930749893' m32='0.8550196290016174'
            m03='0.0' m13='0.0' m23='0.0' m33='1.0'/>
        <transform name='ship column'
            m00='0.9944515824317932' m10='0.008323759771883488' m20='-0.10486562550067902' m30='-5.411092758178711'
            m01='-0.1047530472278595' m11='-0.012973815202713013' m21='-0.9944137930870056' m31='-0.054849036037921906'
            m02='-0.009637866169214249' m12='0.9998812675476074' m22='-0.012029871344566345' m32='0.8550196290016174'
            m03='0.0' m13='0.0' m23='0.0' m33='1.0'/>
        <transform name='ship sail base'
            m00='0.9839748740196228' m10='-0.1408902406692505' m20='-0.10928549617528915' m30='-5.379798412322998'
            m01='-0.10870549827814102' m11='0.011829794384539127' m21='-0.9940037727355957' m31='-0.10362592339515686'
            m02='0.14133813977241516' m12='0.9899546504020691' m22='-0.0036753027234226465' m32='4.6142144203186035'
            m03='0.0' m13='0.0' m23='0.0' m33='1.0'/>
        <transform name='ship sail  1'
            m00='0.9281534552574158' m10='0.06437161564826965' m20='-0.36658889055252075' m30='-5.987001895904541'
            m01='-0.11873631179332733' m11='0.9846776127815247' m21='-0.12771858274936676' m31='-0.05264231562614441'
            m02='0.352750301361084' m12='0.16206985712051392' m22='0.921575129032135' m32='8.880683898925781'
            m03='0.0' m13='0.0' m23='0.0' m33='1.0'/>
        <transform name='ship sail  2'
            m00='0.9150334596633911' m10='0.1606028825044632' m20='-0.3700273633003235' m30='-5.865417003631592'
            m01='-0.1281084567308426' m11='0.9855341911315918' m21='0.11095426231622696' m31='1.8072123527526855'
            m02='0.3824940025806427' m12='-0.054123230278491974' m22='0.9223713874816895' m32='9.186800956726074'
            m03='0.0' m13='0.0' m23='0.0' m33='1.0'/>
        <transform name='ship sail 3'
            m00='0.9865705370903015' m10='0.16036906838417053' m20='-0.030985331162810326' m30='-5.987001895904541'
            m01='0.1584050953388214' m11='-0.9856753945350647' m21='-0.05789973586797714' m31='-0.05264231562614441'
            m02='-0.039827000349760056' m12='0.052214063704013824' m22='-0.9978415966033936' m32='8.880683898925781'
            m03='0.0' m13='0.0' m23='0.0' m33='1.0'/>
        <transform name='ship sail 4'
            m00='0.9952552318572998' m10='0.09201782196760178' m20='-0.031612686812877655' m30='-5.641345024108887'
            m01='0.09149694442749023' m11='-0.9956508874893188' m21='-0.017550474032759666' m31='-2.177151679992676'
            m02='-0.033090345561504364' m12='0.014574872329831123' m22='-0.9993462562561035' m32='8.99322509765625'
            m03='0.0' m13='0.0' m23='0.0' m33='1.0'/>
    </frame>
    <frame index="5">
        <transform name='ship'
            m00='0.027977170422673225' m10='-0.9928436279296875' m20='0.11609801650047302' m30='0.5090197324752808'
            m01='-0.11609819531440735' m11='-0.11858485639095306' m21='-0.986133337020874' m31='0.06373582035303116'
            m02='0.992843747138977' m12='0.0141105642542243' m22='-0.1185850203037262' m32='0.8409090638160706'
            m03='0.0' m13='0.0' m23='0.0' m33='1.0'/>
        <transform name='ship bottom'
            m00='-1.1471274774521589e-07' m10='-1.0' m20='1.4901161193847656e-08' m30='-0.48382389545440674'
            m01='-0.11776315420866013' m11='0.0' m21='-0.9930418133735657' m31='-0.054849036037921906'
            m02='0.9930417537689209' m12='-2.7939677238464355e-09' m22='-0.11776313930749893' m32='0.8550196290016174'
            m03='0.0' m13='0.0' m23='0.0' m33='1.0'/>
        <transform name='ship column'
            m00='0.9944515824317932' m10='0.008323759771883488' m20='-0.10486562550067902' m30='-5.411092758178711'
            m01='-0.1047530472278595' m11='-0.012973815202713013' m21='-0.9944137930870056' m31='-0.054849036037921906'
            m02='-0.009637866169214249' m12='0.9998812675476074' m22='-0.012029871344566345' m32='0.8550196290016174'
            m03='0.0' m13='0.0' m23='0.0' m33='1.0'/>
        <transform name='ship sail base'
            m00='0.9836007356643677' m10='-0.1434866040945053' m20='-0.10927548259496689' m30='-5.379798412322998'
            m01='-0.10870550572872162' m11='0.011829795315861702' m21='-0.9940037727355957' m31='-0.10362592339515686'
            m02='0.14391878247261047' m12='0.9895816445350647' m22='-0.003961966838687658' m32='4.6142144203186035'
            m03='0.0' m13='0.0' m23='0.0' m33='1.0'/>
        <transform name='ship sail  1'
            m00='0.9272249341011047' m10='0.06394626200199127' m20='-0.36900511384010315' m30='-5.998191833496094'
            m01='-0.11873631924390793' m11='0.9846776127815247' m21='-0.12771858274936676' m31='-0.05264230817556381'
            m02='0.35518378019332886' m12='0.16223816573619843' m22='0.920610249042511' m32='8.879076957702637'
            m03='0.0' m13='0.0' m23='0.0' m33='1.0'/>
        <transform name='ship sail  2'
            m00='0.9142842292785645' m10='0.16815483570098877' m20='-0.36852166056632996' m30='-5.877410411834717'
            m01='-0.13514825701713562' m11='0.9842662811279297' m21='0.11382025480270386' m31='1.8072123527526855'
            m02='0.38186269998550415' m12='-0.05425896868109703' m22='0.9226248860359192' m32='9.185511589050293'
            m03='0.0' m13='0.0' m23='0.0' m33='1.0'/>
        <transform name='ship sail 3'
            m00='0.9866716265678406' m10='0.16023153066635132' m20='-0.028367696329951286' m30='-5.998191833496094'
            m01='0.1584050953388214' m11='-0.9856753945350647' m21='-0.05789973586797714' m31='-0.05264230817556381'
            m02='-0.03723892942070961' m12='0.05263455957174301' m22='-0.9979194402694702' m32='8.879076957702637'
            m03='0.0' m13='0.0' m23='0.0' m33='1.0'/>
        <transform name='ship sail 4'
            m00='0.9948028922080994' m10='0.0981287732720375' m20='-0.02716023102402687' m30='-5.652831077575684'
            m01='0.09767689555883408' m11='-0.9950644969940186' m21='-0.01749754324555397' m31='-2.177151679992676'
            m02='-0.02874341979622841' m12='0.014753811061382294' m22='-0.9994781017303467' m32='8.992525100708008'
            m03='0.0' m13='0.0' m23='0.0' m33='1.0'/>
    </frame>
    <frame index="6">
        <transform name='ship'
            m00='0.027977170422673225' m10='-0.9928436279296875' m20='0.11609801650047302' m30='0.5090197324752808'
            m01='-0.11609819531440735' m11='-0.11858485639095306' m21='-0.986133337020874' m31='0.06373582035303116'
            m02='0.992843747138977' m12='0.0141105642542243' m22='-0.1185850203037262' m32='0.8409090638160706'
            m03='0.0' m13='0.0' m23='0.0' m33='1.0'/>
        <transform name='ship bottom'
            m00='-1.1471274774521589e-07' m10='-1.0' m20='1.4901161193847656e-08' m30='-0.48382389545440674'
            m01='-0.11776315420866013' m11='0.0' m21='-0.9930418133735657' m31='-0.054849036037921906'
            m02='0.9930417537689209' m12='-2.7939677238464355e-09' m22='-0.11776313930749893' m32='0.8550196290016174'
            m03='0.0' m13='0.0' m23='0.0' m33='1.0'/>
        <transform name='ship column'
            m00='0.9944515824317932' m10='0.008323759771883488' m20='-0.10486562550067902' m30='-5.411092758178711'
            m01='-0.1047530472278595' m11='-0.012973815202713013' m21='-0.9944137930870056' m31='-0.054849036037921906'
            m02='-0.009637866169214249' m12='0.9998812675476074' m22='-0.012029871344566345' m32='0.8550196290016174'
            m03='0.0' m13='0.0' m23='0.0' m33='1.0'/>
        <transform name='ship sail base'
            m00='0.9831297993659973' m10='-0.14668796956539154' m20='-0.10926208645105362' m30='-5.379798412322998'
            m01='-0.10870549082756042' m11='0.011829795315861702' m21='-0.9940037727355957' m31='-0.10362592339515686'
            m02='0.14710082113742828' m12='0.989112138748169' m22='-0.004315544385462999' m32='4.6142144203186035'
            m03='0.0' m13='0.0' m23='0.0' m33='1.0'/>
        <transform name='ship sail  1'
            m00='0.9260706305503845' m10='0.06342095136642456' m20='-0.37198206782341003' m30='-6.011988639831543'
            m01='-0.11873630434274673' m11='0.9846776127815247' m21='-0.12771858274936676' m31='-0.05264230817556381'
            m02='0.35818228125572205' m12='0.16244423389434814' m22='0.9194114208221436' m32='8.877053260803223'
            m03='0.0' m13='0.0' m23='0.0' m33='1.0'/>
        <transform name='ship sail  2'
            m00='0.9132845401763916' m10='0.17746281623840332' m20='-0.3666304647922516' m30='-5.892199516296387'
            m01='-0.143840491771698' m11='0.982622504234314' m21='0.11731614917516708' m31='1.8072123527526855'
            m02='0.3810785114765167' m12='-0.054406728595495224' m22='0.9229403734207153' m32='9.183876991271973'
            m03='0.0' m13='0.0' m23='0.0' m33='1.0'/>
        <transform name='ship sail 3'
            m00='0.9867869019508362' m10='0.16006037592887878' m20='-0.025138435885310173' m30='-6.011988639831543'
            m01='0.1584051102399826' m11='-0.9856753945350647' m21='-0.05789973959326744' m31='-0.05264230817556381'
            m02='-0.0340459980070591' m12='0.053152769804000854' m22='-0.9980060458183289' m32='8.877053260803223'
            m03='0.0' m13='0.0' m23='0.0' m33='1.0'/>
        <transform name='ship sail 4'
            m00='0.9941655993461609' m10='0.10566417872905731' m20='-0.02166685089468956' m30='-5.666996955871582'
            m01='0.10529769212007523' m11='-0.994288444519043' m21='-0.017416561022400856' m31='-2.177151679992676'
            m02='-0.023383604362607002' m12='0.015033605508506298' m22='-0.9996136426925659' m32='8.991618156433105'
            m03='0.0' m13='0.0' m23='0.0' m33='1.0'/>
    </frame>
    <frame index="7">
        <transform name='ship'
            m00='0.027977170422673225' m10='-0.9928436279296875' m20='0.11609801650047302' m30='0.5090197324752808'
            m01='-0.11609819531440735' m11='-0.11858485639095306' m21='-0.986133337020874' m31='0.06373582035303116'
            m02='0.992843747138977' m12='0.0141105642542243' m22='-0.1185850203037262' m32='0.8409090638160706'
            m03='0.0' m13='0.0' m23='0.0' m33='1.0'/>
        <transform name='ship bottom'
            m00='-1.1471274774521589e-07' m10='-1.0' m20='1.4901161193847656e-08' m30='-0.48382389545440674'
            m01='-0.11776315420866013' m11='0.0' m21='-0.9930418133735657' m31='-0.054849036037921906'
            m02='0.9930417537689209' m12='-2.7939677238464355e-09' m22='-0.11776313930749893' m32='0.8550196290016174'
            m03='0.0' m13='0.0' m23='0.0' m33='1.0'/>
        <transform name='ship column'
            m00='0.9944515824317932' m10='0.008323759771883488' m20='-0.10486562550067902' m30='-5.411092758178711'
            m01='-0.1047530472278595' m11='-0.012973815202713013' m21='-0.9944137930870056' m31='-0.054849036037921906'
            m02='-0.009637866169214249' m12='0.9998812675476074' m22='-0.012029871344566345' m32='0.8550196290016174'
            m03='0.0' m13='0.0' m23='0.0' m33='1.0'/>
        <transform name='ship sail base'
            m00='0.982565701007843' m10='-0.15043306350708008' m20='-0.10924495756626129' m30='-5.379798412322998'
            m01='-0.10870549827814102' m11='0.011829796247184277' m21='-0.9940037131309509' m31='-0.10362592339515686'
            m02='0.1508232206106186' m12='0.988549530506134' m22='-0.00472932867705822' m32='4.6142144203186035'
            m03='0.0' m13='0.0' m23='0.0' m33='1.0'/>
        <transform name='ship sail  1'
            m00='0.9247075319290161' m10='0.06280525028705597' m20='-0.375461608171463' m30='-6.0281291007995605'
            m01='-0.11873631179332733' m11='0.9846775531768799' m21='-0.12771856784820557' m31='-0.052642304450273514'
            m02='0.3616870939731598' m12='0.16268327832221985' m22='0.9179960489273071' m32='8.874628067016602'
            m03='0.0' m13='0.0' m23='0.0' m33='1.0'/>
        <transform name='ship sail  2'
            m00='0.9120089411735535' m10='0.18834470212459564' m20='-0.3643703758716583' m30='-5.909502983093262'
            m01='-0.154024139046669' m11='0.9805868268013' m21='0.12135173380374908' m31='1.8072123527526855'
            m02='0.3801526427268982' m12='-0.05455201119184494' m22='0.9233136177062988' m32='9.181903839111328'
            m03='0.0' m13='0.0' m23='0.0' m33='1.0'/>
        <transform name='ship sail 3'
            m00='0.9869088530540466' m10='0.15985795855522156' m20='-0.021358422935009003' m30='-6.0281291007995605'
            m01='0.15840506553649902' m11='-0.9856753349304199' m21='-0.057899732142686844' m31='-0.052642304450273514'
            m02='-0.03030845709145069' m12='0.053758591413497925' m22='-0.9980940818786621' m32='8.874628067016602'
            m03='0.0' m13='0.0' m23='0.0' m33='1.0'/>
        <transform name='ship sail 4'
            m00='0.9933087825775146' m10='0.11447861790657043' m20='-0.01523610856384039' m30='-5.6835737228393555'
            m01='0.11421290785074234' m11='-0.9933058023452759' m21='-0.01729973405599594' m31='-2.1771514415740967'
            m02='-0.017114810645580292' m12='0.015443939715623856' m22='-0.9997344017028809' m32='8.990498542785645'
            m03='0.0' m13='0.0' m23='0.0' m33='1.0'/>
    </frame>
    <frame index="8">
        <transform name='ship'
            m00='0.027977170422673225' m10='-0.9928436279296875' m20='0.11609801650047302' m30='0.5090197324752808'
            m01='-0.11609819531440735' m11='-0.11858485639095306' m21='-0.986133337020874' m31='0.06373582035303116'
            m02='0.992843747138977' m12='0.0141105642542243' m22='-0.1185850203037262' m32='0.8409090638160706'
            m03='0.0' m13='0.0' m23='0.0' m33='1.0'/>
        <transform name='ship bottom'
            m00='-1.1471274774521589e-07' m10='-1.0' m20='1.4901161193847656e-08' m30='-0.48382389545440674'
            m01='-0.11776315420866013' m11='0.0' m21='-0.9930418133735657' m31='-0.054849036037921906'
            m02='0.9930417537689209' m12='-2.7939677238464355e-09' m22='-0.11776313930749893' m32='0.8550196290016174'
            m03='0.0' m13='0.0' m23='0.0' m33='1.0'/>
        <transform name='ship column'
            m00='0.9944515824317932' m10='0.008323759771883488' m20='-0.10486562550067902' m30='-5.411092758178711'
            m01='-0.1047530472278595' m11='-0.012973815202713013' m21='-0.9944137930870056' m31='-0.054849036037921906'
            m02='-0.009637866169214249' m12='0.9998812675476074' m22='-0.012029871344566345' m32='0.8550196290016174'
            m03='0.0' m13='0.0' m23='0.0' m33='1.0'/>
        <transform name='ship sail base'
            m00='0.9819114804267883' m10='-0.1546604335308075' m20='-0.10922373086214066' m30='-5.379798412322998'
            m01='-0.10870550572872162' m11='0.011829795315861702' m21='-0.9940037727355957' m31='-0.10362592339515686'
            m02='0.15502502024173737' m12='0.9878969192504883' m22='-0.005196606740355492' m32='4.6142144203186035'
            m03='0.0' m13='0.0' m23='0.0' m33='1.0'/>
        <transform name='ship sail  1'
            m00='0.9231517910957336' m10='0.06210876628756523' m20='-0.3793850839138031' m30='-6.0463480949401855'
            m01='-0.11873631924390793' m11='0.9846776127815247' m21='-0.12771858274936676' m31='-0.05264230817556381'
            m02='0.36563941836357117' m12='0.16295044124126434' m22='0.9163814783096313' m32='8.871816635131836'
            m03='0.0' m13='0.0' m23='0.0' m33='1.0'/>
        <transform name='ship sail  2'
            m00='0.9104304909706116' m10='0.20061661303043365' m20='-0.361758291721344' m30='-5.929037094116211'
            m01='-0.16553659737110138' m11='0.9781427383422852' m21='0.12583580613136292' m31='1.8072123527526855'
            m02='0.3790959119796753' m12='-0.05468050390481949' m22='0.9237403273582458' m32='9.179596900939941'
            m03='0.0' m13='0.0' m23='0.0' m33='1.0'/>
        <transform name='ship sail 3'
            m00='0.9870294332504272' m10='0.15962648391723633' m20='-0.01708865910768509' m30='-6.0463480949401855'
            m01='0.1584050953388214' m11='-0.9856753945350647' m21='-0.05789973586797714' m31='-0.05264230817556381'
            m02='-0.02608642168343067' m12='0.05444193631410599' m22='-0.9981762766838074' m32='8.871816635131836'
            m03='0.0' m13='0.0' m23='0.0' m33='1.0'/>
        <transform name='ship sail 4'
            m00='0.9921967387199402' m10='0.12442530691623688' m20='-0.007972100749611855' m30='-5.702291488647461'
            m01='0.12427548319101334' m11='-0.992099940776825' m21='-0.01713918335735798' m31='-2.177151679992676'
            m02='-0.01004188135266304' m12='0.016014834865927696' m22='-0.9998214840888977' m32='8.98915958404541'
            m03='0.0' m13='0.0' m23='0.0' m33='1.0'/>
    </frame>
    <frame index="9">
        <transform name='ship'
            m00='0.027977170422673225' m10='-0.9928436279296875' m20='0.11609801650047302' m30='0.5090197324752808'
            m01='-0.11609819531440735' m11='-0.11858485639095306' m21='-0.986133337020874' m31='0.06373582035303116'
            m02='0.992843747138977' m12='0.0141105642542243' m22='-0.1185850203037262' m32='0.8409090638160706'
            m03='0.0' m13='0.0' m23='0.0' m33='1.0'/>
        <transform name='ship bottom'
            m00='-1.1471274774521589e-07' m10='-1.0' m20='1.4901161193847656e-08' m30='-0.48382389545440674'
            m01='-0.11776315420866013' m11='0.0' m21='-0.9930418133735657' m31='-0.054849036037921906'
            m02='0.9930417537689209' m12='-2.7939677238464355e-09' m22='-0.11776313930749893' m32='0.8550196290016174'
            m03='0.0' m13='0.0' m23='0.0' m33='1.0'/>
        <transform name='ship column'
            m00='0.9944515824317932' m10='0.008323759771883488' m20='-0.10486562550067902' m30='-5.411092758178711'
            m01='-0.1047530472278595' m11='-0.012973815202713013' m21='-0.9944137930870056' m31='-0.054849036037921906'
            m02='-0.009637866169214249' m12='0.9998812675476074' m22='-0.012029871344566345' m32='0.8550196290016174'
            m03='0.0' m13='0.0' m23='0.0' m33='1.0'/>
        <transform name='ship sail base'
            m00='0.9811708927154541' m10='-0.15930868685245514' m20='-0.10919806361198425' m30='-5.379798412322998'
            m01='-0.10870549827814102' m11='0.011829795315861702' m21='-0.9940037727355957' m31='-0.10362592339515686'
            m02='0.15964508056640625' m12='0.9871580004692078' m22='-0.005710659082978964' m32='4.6142144203186035'
            m03='0.0' m13='0.0' m23='0.0' m33='1.0'/>
        <transform name='ship sail  1'
            m00='0.9214205741882324' m10='0.06134108453989029' m20='-0.38369423151016235' m30='-6.066380977630615'
            m01='-0.11873631179332733' m11='0.9846776127815247' m21='-0.12771858274936676' m31='-0.05264230817556381'
            m02='0.3699805438518524' m12='0.16324098408222198' m22='0.9145855903625488' m32='8.868631362915039'
            m03='0.0' m13='0.0' m23='0.0' m33='1.0'/>
        <transform name='ship sail  2'
            m00='0.9085246920585632' m10='0.2140929251909256' m20='-0.35881322622299194' m30='-5.950520038604736'
            m01='-0.17821308970451355' m11='0.9752762913703918' m21='0.13067737221717834' m31='1.8072123527526855'
            m02='0.37791892886161804' m12='-0.05477841570973396' m22='0.9242166876792908' m32='9.176959991455078'
            m03='0.0' m13='0.0' m23='0.0' m33='1.0'/>
        <transform name='ship sail 3'
            m00='0.9871413111686707' m10='0.15936847031116486' m20='-0.01239011064171791' m30='-6.066380977630615'
            m01='0.1584050953388214' m11='-0.9856753945350647' m21='-0.05789973586797714' m31='-0.05264230817556381'
            m02='-0.021440252661705017' m12='0.055192675441503525' m22='-0.9982457160949707' m32='8.868631362915039'
            m03='0.0' m13='0.0' m23='0.0' m33='1.0'/>
        <transform name='ship sail 4'
            m00='0.9907969236373901' m10='0.1353561133146286' m20='2.0623207092285156e-05' m30='-5.722880840301514'
            m01='0.13533714413642883' m11='-0.990655243396759' m21='-0.0169274490326643' m31='-2.177151679992676'
            m02='-0.002271031029522419' m12='0.01677456684410572' m22='-0.9998569488525391' m32='8.987592697143555'
            m03='0.0' m13='0.0' m23='0.0' m33='1.0'/>
    </frame>
    <frame index="10">
        <transform name='ship'
            m00='0.027977170422673225' m10='-0.9928436279296875' m20='0.11609801650047302' m30='0.5090197324752808'
            m01='-0.11609819531440735' m11='-0.11858485639095306' m21='-0.986133337020874' m31='0.06373582035303116'
            m02='0.992843747138977' m12='0.0141105642542243' m22='-0.1185850203037262' m32='0.8409090638160706'
            m03='0.0' m13='0.0' m23='0.0' m33='1.0'/>
        <transform name='ship bottom'
            m00='-1.1471274774521589e-07' m10='-1.0' m20='1.4901161193847656e-08' m30='-0.48382389545440674'
            m01='-0.11776315420866013' m11='0.0' m21='-0.9930418133735657' m31='-0.054849036037921906'
            m02='0.9930417537689209' m12='-2.7939677238464355e-09' m22='-0.11776313930749893' m32='0.8550196290016174'
            m03='0.0' m13='0.0' m23='0.0' m33='1.0'/>
        <transform name='ship column'
            m00='0.9944515824317932' m10='0.008323759771883488' m20='-0.10486562550067902' m30='-5.411092758178711'
            m01='-0.1047530472278595' m11='-0.012973815202713013' m21='-0.9944137930870056' m31='-0.054849036037921906'
            m02='-0.009637866169214249' m12='0.9998812675476074' m22='-0.012029871344566345' m32='0.8550196290016174'
            m03='0.0' m13='0.0' m23='0.0' m33='1.0'/>
        <transform name='ship sail base'
            m00='0.9803481101989746' m10='-0.16431638598442078' m20='-0.1091676726937294' m30='-5.379798412322998'
            m01='-0.10870550572872162' m11='0.011829796247184277' m21='-0.9940037131309509' m31='-0.10362592339515686'
            m02='0.16462241113185883' m12='0.986336886882782' m22='-0.00626475689932704' m32='4.6142144203186035'
            m03='0.0' m13='0.0' m23='0.0' m33='1.0'/>
        <transform name='ship sail  1'
            m00='0.9195310473442078' m10='0.06051184982061386' m20='-0.38833075761795044' m30='-6.087963104248047'
            m01='-0.11873631924390793' m11='0.9846775531768799' m21='-0.12771856784820557' m31='-0.052642304450273514'
            m02='0.3746519982814789' m12='0.16355016827583313' m22='0.9126266241073608' m32='8.865093231201172'
            m03='0.0' m13='0.0' m23='0.0' m33='1.0'/>
        <transform name='ship sail  2'
            m00='0.9062710404396057' m10='0.22858650982379913' m20='-0.35555681586265564' m30='-5.973668575286865'
            m01='-0.19188646972179413' m11='0.9719782471656799' m21='0.1357869654893875' m31='1.8072123527526855'
            m02='0.3766324520111084' m12='-0.05483325943350792' m22='0.9247384667396545' m32='9.174006462097168'
            m03='0.0' m13='0.0' m23='0.0' m33='1.0'/>
        <transform name='ship sail 3'
            m00='0.9872373938560486' m10='0.15908633172512054' m20='-0.007323943078517914' m30='-6.087963104248047'
            m01='0.15840506553649902' m11='-0.9856753349304199' m21='-0.057899732142686844' m31='-0.052642304450273514'
            m02='-0.016430307179689407' m12='0.05600075423717499' m22='-0.9982957243919373' m32='8.865093231201172'
            m03='0.0' m13='0.0' m23='0.0' m33='1.0'/>
        <transform name='ship sail 4'
            m00='0.9890806078910828' m10='0.14712153375148773' m20='0.008636828511953354' m30='-5.745070934295654'
            m01='0.14724895358085632' m11='-0.9889593720436096' m21='-0.016657980158925056' m31='-2.1771514415740967'
            m02='0.006090506911277771' m12='0.017747962847352028' m22='-0.9998241066932678' m32='8.985795974731445'
            m03='0.0' m13='0.0' m23='0.0' m33='1.0'/>
    </frame>
    <frame index="11">
        <transform name='ship'
