<?xml version="1.0" encoding="ISO-8859-1" standalone="yes"?>
<!DOCTYPE skeleton [
    <!ELEMENT skeleton   (bones, init_pose)>
    <!ELEMENT bones      (bone+)>
    <!ELEMENT init_pose  (transform+)>
    <!ELEMENT bone        EMPTY>
    <!ELEMENT transform   EMPTY>
    <!ATTLIST transform name CDATA #REQUIRED>
    <!ATTLIST transform m00 CDATA #REQUIRED>
    <!ATTLIST transform m01 CDATA #REQUIRED>
    <!ATTLIST transform m02 CDATA #REQUIRED>
    <!ATTLIST transform m03 CDATA #REQUIRED>
    <!ATTLIST transform m10 CDATA #REQUIRED>
    <!ATTLIST transform m11 CDATA #REQUIRED>
    <!ATTLIST transform m12 CDATA #REQUIRED>
    <!ATTLIST transform m13 CDATA #REQUIRED>
    <!ATTLIST transform m20 CDATA #REQUIRED>
    <!ATTLIST transform m21 CDATA #REQUIRED>
    <!ATTLIST transform m22 CDATA #REQUIRED>
    <!ATTLIST transform m23 CDATA #REQUIRED>
    <!ATTLIST transform m30 CDATA #REQUIRED>
    <!ATTLIST transform m31 CDATA #REQUIRED>
    <!ATTLIST transform m32 CDATA #REQUIRED>
    <!ATTLIST transform m33 CDATA #REQUIRED>
    <!ATTLIST bone name CDATA #REQUIRED>
    <!ATTLIST bone parent CDATA #REQUIRED>
]>

<skeleton>
    <bones>
        <bone name='ship' parent='root'/>
        <bone name='ship bottom' parent='ship'/>
        <bone name='ship column' parent='ship bottom'/>
        <bone name='ship sail base' parent='ship column'/>
        <bone name='ship sail  1' parent='ship sail base'/>
        <bone name='ship sail  2' parent='ship sail  1'/>
        <bone name='ship sail 3' parent='ship sail base'/>
        <bone name='ship sail 4' parent='ship sail 3'/>
    </bones>
    <init_pose>
        <transform name='ship'
            m00='0.027977170422673225' m10='-0.9928436279296875' m20='0.11609801650047302' m30='0.5090197324752808'
            m01='-0.11609819531440735' m11='-0.11858485639095306' m21='-0.986133337020874' m31='0.06373582035303116'
            m02='0.992843747138977' m12='0.0141105642542243' m22='-0.1185850203037262' m32='0.8409090638160706'
            m03='0.0' m13='0.0' m23='0.0' m33='1.0'/>
        <transform name='ship bottom'
            m00='-1.1471274774521589e-07' m10='-1.0' m20='1.4901161193847656e-08' m30='-0.48382389545440674'
            m01='-0.11776315420866013' m11='0.0' m21='-0.9930418133735657' m31='-0.054849036037921906'
            m02='0.9930417537689209' m12='-2.7939677238464355e-09' m22='-0.11776313930749893' m32='0.8550196290016174'
            m03='0.0' m13='0.0' m23='0.0' m33='1.0'/>
        <transform name='ship column'
            m00='0.9944515824317932' m10='0.008323759771883488' m20='-0.10486562550067902' m30='-5.411092758178711'
            m01='-0.1047530472278595' m11='-0.012973815202713013' m21='-0.9944137930870056' m31='-0.054849036037921906'
            m02='-0.009637866169214249' m12='0.9998812675476074' m22='-0.012029871344566345' m32='0.8550196290016174'
            m03='0.0' m13='0.0' m23='0.0' m33='1.0'/>
        <transform name='ship sail base'
            m00='0.9808979034423828' m10='-0.16293153166770935' m20='-0.10626647621393204' m30='-5.379798412322998'
            m01='-0.10534979403018951' m11='0.014281137846410275' m21='-0.9943328499794006' m31='-0.10362592339515686'
            m02='0.16352564096450806' m12='0.9865341186523438' m22='-0.003156444989144802' m32='4.6142144203186035'
            m03='0.0' m13='0.0' m23='0.0' m33='1.0'/>
        <transform name='ship sail  1'
            m00='0.9105872511863708' m10='0.18256789445877075' m20='-0.37080955505371094' m30='-6.084784030914307'
            m01='-0.22096148133277893' m11='0.973216712474823' m21='-0.06344665586948395' m31='-0.04183311387896538'
            m02='0.34929460287094116' m12='0.13970820605754852' m22='0.9265391826629639' m32='8.882831573486328'
            m03='0.0' m13='0.0' m23='0.0' m33='1.0'/>
        <transform name='ship sail  2'
            m00='0.9213685393333435' m10='0.10555858165025711' m20='-0.3740820586681366' m30='-5.685328483581543'
            m01='-0.07493890076875687' m11='0.9926031231880188' m21='0.09551745653152466' m31='2.0875492095947266'
            m02='0.381397545337677' m12='-0.059973567724227905' m22='0.922463595867157' m32='9.18851089477539'
            m03='0.0' m13='0.0' m23='0.0' m33='1.0'/>
        <transform name='ship sail 3'
            m00='0.9936308264732361' m10='0.10682357102632523' m20='-0.0358642153441906' m30='-6.084784030914307'
            m01='0.10516863316297531' m11='-0.9934251308441162' m21='-0.04523791745305061' m31='-0.04183311387896538'
            m02='-0.040461037307977676' m12='0.04117804020643234' m22='-0.9983323216438293' m32='8.882831573486328'
            m03='0.0' m13='0.0' m23='0.0' m33='1.0'/>
        <transform name='ship sail 4'
            m00='0.9791789054870605' m10='0.1993137001991272' m20='-0.03850170224905014' m30='-5.796044826507568'
            m01='0.19838465750217438' m11='-0.9797621369361877' m21='-0.02664707414805889' m31='-2.7270164489746094'
            m02='-0.04303378984332085' m12='0.018454130738973618' m22='-0.998903214931488' m32='8.994133949279785'
            m03='0.0' m13='0.0' m23='0.0' m33='1.0'/>
    </init_pose>
</skeleton>
