<?xml version="1.0" encoding="ISO-8859-1" standalone="yes"?>
<!DOCTYPE animation [
    <!ELEMENT animation  (frame+)>
    <!ELEMENT frame      (transform+)>
    <!ELEMENT transform   EMPTY>
    <!ATTLIST frame index CDATA #REQUIRED>
    <!ATTLIST transform name CDATA #REQUIRED>
    <!ATTLIST transform m00 CDATA #REQUIRED>
    <!ATTLIST transform m01 CDATA #REQUIRED>
    <!ATTLIST transform m02 CDATA #REQUIRED>
    <!ATTLIST transform m03 CDATA #REQUIRED>
    <!ATTLIST transform m10 CDATA #REQUIRED>
    <!ATTLIST transform m11 CDATA #REQUIRED>
    <!ATTLIST transform m12 CDATA #REQUIRED>
    <!ATTLIST transform m13 CDATA #REQUIRED>
    <!ATTLIST transform m20 CDATA #REQUIRED>
    <!ATTLIST transform m21 CDATA #REQUIRED>
    <!ATTLIST transform m22 CDATA #REQUIRED>
    <!ATTLIST transform m23 CDATA #REQUIRED>
    <!ATTLIST transform m30 CDATA #REQUIRED>
    <!ATTLIST transform m31 CDATA #REQUIRED>
    <!ATTLIST transform m32 CDATA #REQUIRED>
    <!ATTLIST transform m33 CDATA #REQUIRED>
]>

<animation>
    <frame index="0">
        <transform name='pBip Pelvis'
            m00='2.8998540528846206e-06' m10='-1.3686410511581926e-06' m20='-1.0' m30='2.958051936730044e-08'
            m01='-0.9580674767494202' m11='0.28654274344444275' m21='-3.1704300909041194e-06' m31='0.29901570081710815'
            m02='0.28654274344444275' m12='0.9580674767494202' m22='-4.803183060175797e-07' m32='0.346097856760025'
            m03='0.0' m13='0.0' m23='0.0' m33='1.0'/>
        <transform name='pBip Spine'
            m00='-1.0097674021380953e-05' m10='3.6388925650499004e-07' m20='1.0' m30='3.361159883752407e-08'
            m01='0.999607503414154' m11='0.028017161414027214' m21='1.0083515007863753e-05' m31='0.37879568338394165'
            m02='-0.028017133474349976' m12='0.9996073246002197' m22='-6.466540867222648e-07' m32='0.4641287624835968'
            m03='0.0' m13='0.0' m23='0.0' m33='1.0'/>
        <transform name='pBip L Thigh'
            m00='-0.03838179260492325' m10='0.02489769272506237' m20='-0.9989528656005859' m30='0.12879301607608795'
            m01='-0.2646094858646393' m11='-0.9642558097839355' m21='-0.013866037130355835' m31='0.2990158498287201'
            m02='-0.9635913372039795' m12='0.26379984617233276' m22='0.0435979925096035' m32='0.3460976481437683'
            m03='0.0' m13='0.0' m23='0.0' m33='1.0'/>
        <transform name='pBip L Calf'
            m00='0.10648343712091446' m10='0.013566767796874046' m20='-0.9942219853401184' m30='0.13296401500701904'
            m01='0.7434548735618591' m11='-0.6650545001029968' m21='0.07055066525936127' m31='0.1374676525592804'
            m02='-0.6602544188499451' m12='-0.746671736240387' m22='-0.08090357482433319' m32='0.3902939558029175'
            m03='0.0' m13='0.0' m23='0.0' m33='1.0'/>
        <transform name='pBip L Foot'
            m00='-0.08484240621328354' m10='-0.02741946093738079' m20='0.9960172772407532' m30='0.1353389173746109'
            m01='-0.6183313727378845' m11='-0.7824059128761292' m21='-0.07420949637889862' m31='0.01363273523747921'
            m02='0.7813243269920349' m12='-0.622164785861969' m22='0.04942692443728447' m32='0.2513178884983063'
            m03='0.0' m13='0.0' m23='0.0' m33='1.0'/>
        <transform name='pBip L Toe0'
            m00='0.027096986770629883' m10='-0.08476141840219498' m20='0.9960330724716187' m30='0.12314198911190033'
            m01='0.7823688983917236' m11='-0.6184138655662537' m21='-0.07391076534986496' m31='-0.13580022752285004'
            m02='0.622225284576416' m12='0.7812677621841431' m22='0.04955759271979332' m32='0.27469298243522644'
            m03='0.0' m13='0.0' m23='0.0' m33='1.0'/>
        <transform name='pBip Spine1'
            m00='0.061751075088977814' m10='0.005967810284346342' m20='0.9980737566947937' m30='8.155848263413645e-08'
            m01='0.9651960730552673' m11='-0.2549706697463989' m21='-0.05819238722324371' m31='0.3818477690219879'
            m02='0.25413215160369873' m12='0.9669302701950073' m22='-0.02150481753051281' m32='0.5700644254684448'
            m03='0.0' m13='0.0' m23='0.0' m33='1.0'/>
        <transform name='pBip Spine2'
            m00='0.059840425848960876' m10='0.016605498269200325' m20='0.9980699419975281' m30='0.0006379022379405797'
            m01='0.9948042631149292' m11='-0.08349314332008362' m21='-0.058255504816770554' m31='0.3549097180366516'
            m02='0.08236454427242279' m12='0.9963700175285339' m22='-0.02151547744870186' m32='0.6725619435310364'
            m03='0.0' m13='0.0' m23='0.0' m33='1.0'/>
        <transform name='pBip Neck'
            m00='0.06134364381432533' m10='-0.009420843794941902' m20='0.9980722665786743' m30='0.002478216541931033'
            m01='0.8727560639381409' m11='-0.48467299342155457' m21='-0.058216292411088943' m31='0.34574273228645325'
            m02='0.48428699374198914' m12='0.8746447563171387' m22='-0.021509503945708275' m32='0.7827517986297607'
            m03='0.0' m13='0.0' m23='0.0' m33='1.0'/>
        <transform name='pBip L Clavicle'
            m00='-0.0610172264277935' m10='0.9980717897415161' m20='0.011378291063010693' m30='0.017524564638733864'
            m01='-0.9838785529136658' m11='-0.05822179839015007' m21='-0.169094979763031' m31='0.344801127910614'
            m02='-0.16810636222362518' m12='-0.021512558683753014' m22='0.9855340719223022' m32='0.782392144203186'
            m03='0.0' m13='0.0' m23='0.0' m33='1.0'/>
        <transform name='pBip L UpperArm'
            m00='-0.3227119445800781' m10='0.36346936225891113' m20='-0.8739262819290161' m30='0.1378350704908371'
            m01='-0.5311107039451599' m11='-0.8338004350662231' m21='-0.15065932273864746' m31='0.3377828598022461'
            m02='-0.7834400534629822' m12='0.41553211212158203' m22='0.4621198773384094' m32='0.7797988057136536'
            m03='0.0' m13='0.0' m23='0.0' m33='1.0'/>
        <transform name='pBip L Forearm'
            m00='-0.42392319440841675' m10='0.07296150922775269' m20='-0.902754545211792' m30='0.21350033581256866'
            m01='-0.799138605594635' m11='-0.49920493364334106' m21='0.3349202275276184' m31='0.16420677304267883'
            m02='-0.42622292041778564' m12='0.8634065985679626' m22='0.26993104815483093' m32='0.8663023114204407'
            m03='0.0' m13='0.0' m23='0.0' m33='1.0'/>
        <transform name='pBip L Hand'
            m00='-0.9292796850204468' m10='0.04802797734737396' m20='0.36624109745025635' m30='0.22542399168014526'
            m01='0.28551965951919556' m11='-0.5356510281562805' m21='0.7947052121162415' m31='0.08252502977848053'
            m02='0.23434558510780334' m12='0.843072772026062' m22='0.48405635356903076' m32='1.0074900388717651'
            m03='0.0' m13='0.0' m23='0.0' m33='1.0'/>
        <transform name='pBip L Finger1'
            m00='-0.9102153778076172' m10='0.15820753574371338' m20='0.3827243447303772' m30='0.23430562019348145'
            m01='0.18654823303222656' m11='-0.6684536933898926' m21='0.7199784517288208' m31='-0.016356224194169044'
            m02='0.3697396516799927' m12='0.7267327308654785' m22='0.5789231657981873' m32='1.1631040573120117'
            m03='0.0' m13='0.0' m23='0.0' m33='1.0'/>
        <transform name='pBip L Finger11'
            m00='-0.41981571912765503' m10='0.565458357334137' m20='0.7099372148513794' m30='0.24622566998004913'
            m01='-0.0895630493760109' m11='-0.8041983842849731' m21='0.5875734686851501' m31='-0.06681043654680252'
            m02='0.903179407119751' m12='0.18308895826339722' m22='0.3882588744163513' m32='1.2179824113845825'
            m03='0.0' m13='0.0' m23='0.0' m33='1.0'/>
        <transform name='pBip L Finger0'
            m00='0.6224667429924011' m10='-0.7218654751777649' m20='-0.30239832401275635' m30='0.11702743917703629'
            m01='-0.7122898101806641' m11='-0.3624076247215271' m21='-0.6010852456092834' m31='-0.03247634693980217'
            m02='0.3243114948272705' m12='0.5895512104034424' m22='-0.7397642731666565' m32='1.017396092414856'
            m03='0.0' m13='0.0' m23='0.0' m33='1.0'/>
        <transform name='pBip L Finger01'
            m00='0.8541905879974365' m10='-0.46982401609420776' m20='0.2227620631456375' m30='0.048965416848659515'
            m01='-0.37750792503356934' m11='-0.8549821376800537' m21='-0.355658620595932' m31='-0.06652045994997025'
            m02='0.3575546145439148' m12='0.21970616281032562' m22='-0.9076802730560303' m32='1.0729737281799316'
            m03='0.0' m13='0.0' m23='0.0' m33='1.0'/>
        <transform name='pBip R Clavicle'
            m00='-0.0610172301530838' m10='-0.9980718493461609' m20='-0.011378277093172073' m30='-0.01257709227502346'
            m01='-0.9838785529136658' m11='0.05822180211544037' m21='0.16909515857696533' m31='0.34655696153640747'
            m02='-0.1681065708398819' m12='0.021512560546398163' m22='-0.9855339527130127' m32='0.7830410003662109'
            m03='0.0' m13='0.0' m23='0.0' m33='1.0'/>
        <transform name='pBip R UpperArm'
            m00='0.9925925731658936' m10='-0.11999397724866867' m20='-0.019017798826098442' m30='-0.13288728892803192'
            m01='-0.11901368200778961' m11='-0.9918144345283508' m21='0.0462578609585762' m31='0.3535756468772888'
            m02='-0.024412790313363075' m12='-0.04365174472332001' m22='-0.9987484216690063' m32='0.7856342792510986'
            m03='0.0' m13='0.0' m23='0.0' m33='1.0'/>
        <transform name='pBip R Forearm'
            m00='0.7125270366668701' m10='-0.20225918292999268' m20='-0.6718605756759644' m30='-0.15786704421043396'
            m01='-0.2605476677417755' m11='-0.9653551578521729' m21='0.014295680448412895' m31='0.14710503816604614'
            m02='-0.6514754295349121' m12='0.16486574709415436' m22='-0.7405397295951843' m32='0.7765469551086426'
            m03='0.0' m13='0.0' m23='0.0' m33='1.0'/>
        <transform name='pBip R Hand'
            m00='0.7175738215446472' m10='-0.2538601756095886' m20='0.6485699415206909' m30='-0.19084908068180084'
            m01='0.201078861951828' m11='-0.8160443902015686' m21='-0.5418844819068909' m31='-0.01080692745745182'
            m02='0.6668247580528259' m12='0.5192558765411377' m22='-0.5345259308815002' m32='0.8034582138061523'
            m03='0.0' m13='0.0' m23='0.0' m33='1.0'/>
        <transform name='pBip Prop1'
            m00='0.3559650480747223' m10='0.9296705722808838' m20='-0.09487900137901306' m30='-0.14734843373298645'
            m01='-0.9343081712722778' m11='0.35200005769729614' m21='-0.056252382695674896' m31='0.2710334062576294'
            m02='-0.018898651003837585' m12='0.10867011547088623' m22='0.993898332118988' m32='1.0606306791305542'
            m03='0.0' m13='0.0' m23='0.0' m33='1.0'/>
        <transform name='pBip Head'
            m00='-0.8372169137001038' m10='-0.23031015694141388' m20='-0.4960091710090637' m30='0.0016154198674485087'
            m01='-0.49111875891685486' m11='-0.08233523368835449' m21='0.8671929240226746' m31='0.30134832859039307'
            m02='-0.24056226015090942' m12='0.9696276783943176' m22='-0.04417716711759567' m32='0.8628658056259155'
            m03='0.0' m13='0.0' m23='0.0' m33='1.0'/>
        <transform name='pBip Ponytail1'
            m00='-0.8666481971740723' m10='0.021690553054213524' m20='-0.49844813346862793' m30='-0.17903302609920502'
            m01='-0.4968591332435608' m11='0.0531860888004303' m21='0.8662000894546509' m31='0.2183544784784317'
            m02='0.04529888927936554' m12='0.9983487725257874' m22='-0.03531645983457565' m32='1.261976957321167'
            m03='0.0' m13='0.0' m23='0.0' m33='1.0'/>
        <transform name='pBip Tail'
            m00='0.00017545363516546786' m10='-1.7197453416883945e-07' m20='-1.0' m30='2.695281509090819e-08'
            m01='0.03199798986315727' m11='-0.9994898438453674' m21='5.785361281596124e-06' m31='0.23502926528453827'
            m02='-0.9994885921478271' m12='-0.03199614956974983' m22='-0.0001753580872900784' m32='0.33961567282676697'
            m03='0.0' m13='0.0' m23='0.0' m33='1.0'/>
        <transform name='pBip R Thigh'
            m00='0.03844158351421356' m10='-0.024897461757063866' m20='-0.9989506602287292' m30='-0.12879300117492676'
            m01='-0.1727895736694336' m11='-0.9847970604896545' m21='0.017895476892590523' m31='0.299015611410141'
            m02='-0.9842084050178528' m12='0.17192110419273376' m22='-0.04215921461582184' m32='0.3460977375507355'
            m03='0.0' m13='0.0' m23='0.0' m33='1.0'/>
        <transform name='pBip R Calf'
            m00='-0.13212552666664124' m10='-0.11193446815013885' m20='-0.9848926663398743' m30='-0.13296398520469666'
            m01='0.8640140891075134' m11='-0.49999016523361206' m21='-0.059084758162498474' m31='0.1340256929397583'
            m02='-0.48582348227500916' m12='-0.8587669134140015' m22='0.16277432441711426' m32='0.3749006688594818'
            m03='0.0' m13='0.0' m23='0.0' m33='1.0'/>
        <transform name='pBip R Foot'
            m00='0.12684983015060425' m10='-0.06630432605743408' m20='0.989703357219696' m30='-0.15384118258953094'
            m01='-0.7669268846511841' m11='-0.6393342614173889' m21='0.055464986711740494' m31='0.04128929600119591'
            m02='0.6290740370750427' m12='-0.7660651803016663' m22='-0.13194991648197174' m32='0.21484093368053436'
            m03='0.0' m13='0.0' m23='0.0' m33='1.0'/>
        <transform name='pBip R Toe0'
            m00='0.06620718538761139' m10='0.1269371062517166' m20='0.9896987080574036' m30='-0.146444171667099'
            m01='0.639940083026886' m11='-0.7664196491241455' m21='0.05549004301428795' m31='-0.11019034683704376'
            m02='0.7655676007270813' m12='0.6296743750572205' m22='-0.13197453320026398' m32='0.20663830637931824'
            m03='0.0' m13='0.0' m23='0.0' m33='1.0'/>
    </frame>
    <frame index="1">
        <transform name='pBip Pelvis'
            m00='2.8998540528846206e-06' m10='-1.3686410511581926e-06' m20='-1.0' m30='2.958051936730044e-08'
            m01='-0.9580674767494202' m11='0.28654274344444275' m21='-3.1704300909041194e-06' m31='0.29901570081710815'
            m02='0.28654274344444275' m12='0.9580674767494202' m22='-4.803183060175797e-07' m32='0.346097856760025'
            m03='0.0' m13='0.0' m23='0.0' m33='1.0'/>
        <transform name='pBip Spine'
            m00='-1.0097674021380953e-05' m10='3.6388925650499004e-07' m20='1.0' m30='3.361159883752407e-08'
            m01='0.999607503414154' m11='0.028017161414027214' m21='1.0083515007863753e-05' m31='0.37879568338394165'
            m02='-0.028017133474349976' m12='0.9996073246002197' m22='-6.466540867222648e-07' m32='0.4641287624835968'
            m03='0.0' m13='0.0' m23='0.0' m33='1.0'/>
        <transform name='pBip L Thigh'
            m00='-0.03838179260492325' m10='0.02489769272506237' m20='-0.9989528656005859' m30='0.12879301607608795'
            m01='-0.2646094858646393' m11='-0.9642558097839355' m21='-0.013866037130355835' m31='0.2990158498287201'
            m02='-0.9635913372039795' m12='0.26379984617233276' m22='0.0435979925096035' m32='0.3460976481437683'
            m03='0.0' m13='0.0' m23='0.0' m33='1.0'/>
        <transform name='pBip L Calf'
            m00='0.10648343712091446' m10='0.013566767796874046' m20='-0.9942219853401184' m30='0.13296401500701904'
            m01='0.7434548735618591' m11='-0.6650545001029968' m21='0.07055066525936127' m31='0.1374676525592804'
            m02='-0.6602544188499451' m12='-0.746671736240387' m22='-0.08090357482433319' m32='0.3902939558029175'
            m03='0.0' m13='0.0' m23='0.0' m33='1.0'/>
        <transform name='pBip L Foot'
            m00='-0.08484240621328354' m10='-0.02741946093738079' m20='0.9960172772407532' m30='0.1353389173746109'
            m01='-0.6183313727378845' m11='-0.7824059128761292' m21='-0.07420949637889862' m31='0.01363273523747921'
            m02='0.7813243269920349' m12='-0.622164785861969' m22='0.04942692443728447' m32='0.2513178884983063'
            m03='0.0' m13='0.0' m23='0.0' m33='1.0'/>
        <transform name='pBip L Toe0'
            m00='0.027096986770629883' m10='-0.08476141840219498' m20='0.9960330724716187' m30='0.12314198911190033'
            m01='0.7823688983917236' m11='-0.6184138655662537' m21='-0.07391076534986496' m31='-0.13580022752285004'
            m02='0.622225284576416' m12='0.7812677621841431' m22='0.04955759271979332' m32='0.27469298243522644'
            m03='0.0' m13='0.0' m23='0.0' m33='1.0'/>
        <transform name='pBip Spine1'
            m00='0.061751075088977814' m10='0.005967810284346342' m20='0.9980737566947937' m30='8.155848263413645e-08'
            m01='0.9651960730552673' m11='-0.2549706697463989' m21='-0.05819238722324371' m31='0.3818477690219879'
            m02='0.25413215160369873' m12='0.9669302701950073' m22='-0.02150481753051281' m32='0.5700644254684448'
            m03='0.0' m13='0.0' m23='0.0' m33='1.0'/>
        <transform name='pBip Spine2'
            m00='0.059840425848960876' m10='0.016605498269200325' m20='0.9980699419975281' m30='0.0006379022379405797'
            m01='0.9948042631149292' m11='-0.08349314332008362' m21='-0.058255504816770554' m31='0.3549097180366516'
            m02='0.08236454427242279' m12='0.9963700175285339' m22='-0.02151547744870186' m32='0.6725619435310364'
            m03='0.0' m13='0.0' m23='0.0' m33='1.0'/>
        <transform name='pBip Neck'
            m00='0.06134364381432533' m10='-0.009420843794941902' m20='0.9980722665786743' m30='0.002478216541931033'
            m01='0.8727560639381409' m11='-0.48467299342155457' m21='-0.058216292411088943' m31='0.34574273228645325'
            m02='0.48428699374198914' m12='0.8746447563171387' m22='-0.021509503945708275' m32='0.7827517986297607'
            m03='0.0' m13='0.0' m23='0.0' m33='1.0'/>
        <transform name='pBip L Clavicle'
            m00='-0.0610172264277935' m10='0.9980717897415161' m20='0.011378291063010693' m30='0.017524564638733864'
            m01='-0.9838785529136658' m11='-0.05822179839015007' m21='-0.169094979763031' m31='0.344801127910614'
            m02='-0.16810636222362518' m12='-0.021512558683753014' m22='0.9855340719223022' m32='0.782392144203186'
            m03='0.0' m13='0.0' m23='0.0' m33='1.0'/>
        <transform name='pBip L UpperArm'
            m00='-0.3227119445800781' m10='0.36346936225891113' m20='-0.8739262819290161' m30='0.1378350704908371'
            m01='-0.5311107039451599' m11='-0.8338004350662231' m21='-0.15065932273864746' m31='0.3377828598022461'
            m02='-0.7834400534629822' m12='0.41553211212158203' m22='0.4621198773384094' m32='0.7797988057136536'
            m03='0.0' m13='0.0' m23='0.0' m33='1.0'/>
        <transform name='pBip L Forearm'
            m00='-0.42392319440841675' m10='0.07296150922775269' m20='-0.902754545211792' m30='0.21350033581256866'
            m01='-0.799138605594635' m11='-0.49920493364334106' m21='0.3349202275276184' m31='0.16420677304267883'
            m02='-0.42622292041778564' m12='0.8634065985679626' m22='0.26993104815483093' m32='0.8663023114204407'
            m03='0.0' m13='0.0' m23='0.0' m33='1.0'/>
        <transform name='pBip L Hand'
            m00='-0.9292796850204468' m10='0.04802797734737396' m20='0.36624109745025635' m30='0.22542399168014526'
            m01='0.28551965951919556' m11='-0.5356510281562805' m21='0.7947052121162415' m31='0.08252502977848053'
            m02='0.23434558510780334' m12='0.843072772026062' m22='0.48405635356903076' m32='1.0074900388717651'
            m03='0.0' m13='0.0' m23='0.0' m33='1.0'/>
        <transform name='pBip L Finger1'
            m00='-0.9102153778076172' m10='0.15820753574371338' m20='0.3827243447303772' m30='0.23430562019348145'
            m01='0.18654823303222656' m11='-0.6684536933898926' m21='0.7199784517288208' m31='-0.016356224194169044'
            m02='0.3697396516799927' m12='0.7267327308654785' m22='0.5789231657981873' m32='1.1631040573120117'
            m03='0.0' m13='0.0' m23='0.0' m33='1.0'/>
        <transform name='pBip L Finger11'
            m00='-0.41981571912765503' m10='0.565458357334137' m20='0.7099372148513794' m30='0.24622566998004913'
            m01='-0.0895630493760109' m11='-0.8041983842849731' m21='0.5875734686851501' m31='-0.06681043654680252'
            m02='0.903179407119751' m12='0.18308895826339722' m22='0.3882588744163513' m32='1.2179824113845825'
            m03='0.0' m13='0.0' m23='0.0' m33='1.0'/>
        <transform name='pBip L Finger0'
            m00='0.6224667429924011' m10='-0.7218654751777649' m20='-0.30239832401275635' m30='0.11702743917703629'
            m01='-0.7122898101806641' m11='-0.3624076247215271' m21='-0.6010852456092834' m31='-0.03247634693980217'
            m02='0.3243114948272705' m12='0.5895512104034424' m22='-0.7397642731666565' m32='1.017396092414856'
            m03='0.0' m13='0.0' m23='0.0' m33='1.0'/>
        <transform name='pBip L Finger01'
            m00='0.8541905879974365' m10='-0.46982401609420776' m20='0.2227620631456375' m30='0.048965416848659515'
            m01='-0.37750792503356934' m11='-0.8549821376800537' m21='-0.355658620595932' m31='-0.06652045994997025'
            m02='0.3575546145439148' m12='0.21970616281032562' m22='-0.9076802730560303' m32='1.0729737281799316'
            m03='0.0' m13='0.0' m23='0.0' m33='1.0'/>
        <transform name='pBip R Clavicle'
            m00='-0.0610172301530838' m10='-0.9980718493461609' m20='-0.011378277093172073' m30='-0.01257709227502346'
            m01='-0.9838785529136658' m11='0.05822180211544037' m21='0.16909515857696533' m31='0.34655696153640747'
            m02='-0.1681065708398819' m12='0.021512560546398163' m22='-0.9855339527130127' m32='0.7830410003662109'
            m03='0.0' m13='0.0' m23='0.0' m33='1.0'/>
        <transform name='pBip R UpperArm'
            m00='0.9925925731658936' m10='-0.11999397724866867' m20='-0.019017798826098442' m30='-0.13288728892803192'
            m01='-0.11901368200778961' m11='-0.9918144345283508' m21='0.0462578609585762' m31='0.3535756468772888'
            m02='-0.024412790313363075' m12='-0.04365174472332001' m22='-0.9987484216690063' m32='0.7856342792510986'
            m03='0.0' m13='0.0' m23='0.0' m33='1.0'/>
        <transform name='pBip R Forearm'
            m00='0.7125270366668701' m10='-0.20225918292999268' m20='-0.6718605756759644' m30='-0.15786704421043396'
            m01='-0.2605476677417755' m11='-0.9653551578521729' m21='0.014295680448412895' m31='0.14710503816604614'
            m02='-0.6514754295349121' m12='0.16486574709415436' m22='-0.7405397295951843' m32='0.7765469551086426'
            m03='0.0' m13='0.0' m23='0.0' m33='1.0'/>
        <transform name='pBip R Hand'
            m00='0.7175738215446472' m10='-0.2538601756095886' m20='0.6485699415206909' m30='-0.19084908068180084'
            m01='0.201078861951828' m11='-0.8160443902015686' m21='-0.5418844819068909' m31='-0.01080692745745182'
            m02='0.6668247580528259' m12='0.5192558765411377' m22='-0.5345259308815002' m32='0.8034582138061523'
            m03='0.0' m13='0.0' m23='0.0' m33='1.0'/>
        <transform name='pBip Prop1'
            m00='0.3559650480747223' m10='0.9296705722808838' m20='-0.09487900137901306' m30='-0.14734843373298645'
            m01='-0.9343081712722778' m11='0.35200005769729614' m21='-0.056252382695674896' m31='0.2710334062576294'
            m02='-0.018898651003837585' m12='0.10867011547088623' m22='0.993898332118988' m32='1.0606306791305542'
            m03='0.0' m13='0.0' m23='0.0' m33='1.0'/>
        <transform name='pBip Head'
            m00='-0.8372169137001038' m10='-0.23031015694141388' m20='-0.4960091710090637' m30='0.0016154198674485087'
            m01='-0.49111875891685486' m11='-0.08233523368835449' m21='0.8671929240226746' m31='0.30134832859039307'
            m02='-0.24056226015090942' m12='0.9696276783943176' m22='-0.04417716711759567' m32='0.8628658056259155'
            m03='0.0' m13='0.0' m23='0.0' m33='1.0'/>
        <transform name='pBip Ponytail1'
            m00='-0.8666481971740723' m10='0.021690553054213524' m20='-0.49844813346862793' m30='-0.17903302609920502'
            m01='-0.4968591332435608' m11='0.0531860888004303' m21='0.8662000894546509' m31='0.2183544784784317'
            m02='0.04529888927936554' m12='0.9983487725257874' m22='-0.03531645983457565' m32='1.261976957321167'
            m03='0.0' m13='0.0' m23='0.0' m33='1.0'/>
        <transform name='pBip Tail'
            m00='0.00017545363516546786' m10='-1.7197453416883945e-07' m20='-1.0' m30='2.695281509090819e-08'
            m01='0.03199798986315727' m11='-0.9994898438453674' m21='5.785361281596124e-06' m31='0.23502926528453827'
            m02='-0.9994885921478271' m12='-0.03199614956974983' m22='-0.0001753580872900784' m32='0.33961567282676697'
            m03='0.0' m13='0.0' m23='0.0' m33='1.0'/>
        <transform name='pBip R Thigh'
            m00='0.03844158351421356' m10='-0.024897461757063866' m20='-0.9989506602287292' m30='-0.12879300117492676'
            m01='-0.1727895736694336' m11='-0.9847970604896545' m21='0.017895476892590523' m31='0.299015611410141'
            m02='-0.9842084050178528' m12='0.17192110419273376' m22='-0.04215921461582184' m32='0.3460977375507355'
            m03='0.0' m13='0.0' m23='0.0' m33='1.0'/>
        <transform name='pBip R Calf'
            m00='-0.13212552666664124' m10='-0.11193446815013885' m20='-0.9848926663398743' m30='-0.13296398520469666'
            m01='0.8640140891075134' m11='-0.49999016523361206' m21='-0.059084758162498474' m31='0.1340256929397583'
            m02='-0.48582348227500916' m12='-0.8587669134140015' m22='0.16277432441711426' m32='0.3749006688594818'
            m03='0.0' m13='0.0' m23='0.0' m33='1.0'/>
        <transform name='pBip R Foot'
            m00='0.12684983015060425' m10='-0.06630432605743408' m20='0.989703357219696' m30='-0.15384118258953094'
            m01='-0.7669268846511841' m11='-0.6393342614173889' m21='0.055464986711740494' m31='0.04128929600119591'
            m02='0.6290740370750427' m12='-0.7660651803016663' m22='-0.13194991648197174' m32='0.21484093368053436'
            m03='0.0' m13='0.0' m23='0.0' m33='1.0'/>
        <transform name='pBip R Toe0'
            m00='0.06620718538761139' m10='0.1269371062517166' m20='0.9896987080574036' m30='-0.146444171667099'
            m01='0.639940083026886' m11='-0.7664196491241455' m21='0.05549004301428795' m31='-0.11019034683704376'
            m02='0.7655676007270813' m12='0.6296743750572205' m22='-0.13197453320026398' m32='0.20663830637931824'
            m03='0.0' m13='0.0' m23='0.0' m33='1.0'/>
    </frame>
    <frame index="2">
        <transform name='pBip Pelvis'
            m00='2.8998540528846206e-06' m10='-1.3686410511581926e-06' m20='-1.0' m30='2.958051936730044e-08'
            m01='-0.9580674767494202' m11='0.28654274344444275' m21='-3.1704300909041194e-06' m31='0.29901570081710815'
            m02='0.28654274344444275' m12='0.9580674767494202' m22='-4.803183060175797e-07' m32='0.346097856760025'
            m03='0.0' m13='0.0' m23='0.0' m33='1.0'/>
        <transform name='pBip Spine'
            m00='-1.0097674021380953e-05' m10='3.6388925650499004e-07' m20='1.0' m30='3.361159883752407e-08'
            m01='0.999607503414154' m11='0.028017161414027214' m21='1.0083515007863753e-05' m31='0.37879568338394165'
            m02='-0.028017133474349976' m12='0.9996073246002197' m22='-6.466540867222648e-07' m32='0.4641287624835968'
            m03='0.0' m13='0.0' m23='0.0' m33='1.0'/>
        <transform name='pBip L Thigh'
            m00='-0.03838179260492325' m10='0.02489769272506237' m20='-0.9989528656005859' m30='0.12879301607608795'
            m01='-0.2646094858646393' m11='-0.9642558097839355' m21='-0.013866037130355835' m31='0.2990158498287201'
            m02='-0.9635913372039795' m12='0.26379984617233276' m22='0.0435979925096035' m32='0.3460976481437683'
            m03='0.0' m13='0.0' m23='0.0' m33='1.0'/>
        <transform name='pBip L Calf'
            m00='0.10625769942998886' m10='0.013647032901644707' m20='-0.9942449927330017' m30='0.13296401500701904'
            m01='0.7441924214363098' m11='-0.6642432808876038' m21='0.07041651010513306' m31='0.1374676525592804'
            m02='-0.6594594120979309' m12='-0.7473919987678528' m22='-0.08073697984218597' m32='0.3902939558029175'
            m03='0.0' m13='0.0' m23='0.0' m33='1.0'/>
        <transform name='pBip L Foot'
            m00='-0.08463353663682938' m10='-0.027301713824272156' m20='0.9960381984710693' m30='0.13535387814044952'
            m01='-0.6191951632499695' m11='-0.7817384004592896' m21='-0.07404088973999023' m31='0.013783692382276058'
            m02='0.7806626558303833' m12='-0.6230083107948303' m22='0.049256231635808945' m32='0.2511838376522064'
            m03='0.0' m13='0.0' m23='0.0' m33='1.0'/>
        <transform name='pBip L Toe0'
            m00='0.02697925455868244' m10='-0.08455254137516022' m20='0.99605393409729' m30='0.12319237738847733'
            m01='0.7817012071609497' m11='-0.6192775368690491' m21='-0.07374230027198792' m31='-0.13567717373371124'
            m02='0.6230688095092773' m12='0.7806059718132019' m22='0.04938722401857376' m32='0.2743983864784241'
            m03='0.0' m13='0.0' m23='0.0' m33='1.0'/>
        <transform name='pBip Spine1'
            m00='0.061751075088977814' m10='0.005967810284346342' m20='0.9980737566947937' m30='8.155848263413645e-08'
            m01='0.9651960730552673' m11='-0.2549706697463989' m21='-0.05819238722324371' m31='0.3818477690219879'
            m02='0.25413215160369873' m12='0.9669302701950073' m22='-0.02150481753051281' m32='0.5700644254684448'
            m03='0.0' m13='0.0' m23='0.0' m33='1.0'/>
        <transform name='pBip Spine2'
            m00='0.059840425848960876' m10='0.016605498269200325' m20='0.9980699419975281' m30='0.0006379022379405797'
            m01='0.9948042631149292' m11='-0.08349314332008362' m21='-0.058255504816770554' m31='0.3549097180366516'
            m02='0.08236454427242279' m12='0.9963700175285339' m22='-0.02151547744870186' m32='0.6725619435310364'
            m03='0.0' m13='0.0' m23='0.0' m33='1.0'/>
        <transform name='pBip Neck'
            m00='0.06134364381432533' m10='-0.009420843794941902' m20='0.9980722665786743' m30='0.002478216541931033'
            m01='0.8727560639381409' m11='-0.48467299342155457' m21='-0.058216292411088943' m31='0.34574273228645325'
            m02='0.48428699374198914' m12='0.8746447563171387' m22='-0.021509503945708275' m32='0.7827517986297607'
            m03='0.0' m13='0.0' m23='0.0' m33='1.0'/>
        <transform name='pBip L Clavicle'
            m00='-0.0610172264277935' m10='0.9980717897415161' m20='0.011378291063010693' m30='0.017524564638733864'
            m01='-0.9838785529136658' m11='-0.05822179839015007' m21='-0.169094979763031' m31='0.344801127910614'
            m02='-0.16810636222362518' m12='-0.021512558683753014' m22='0.9855340719223022' m32='0.782392144203186'
            m03='0.0' m13='0.0' m23='0.0' m33='1.0'/>
        <transform name='pBip L UpperArm'
            m00='-0.32318684458732605' m10='0.3632599115371704' m20='-0.873837947845459' m30='0.1378350704908371'
            m01='-0.5308191776275635' m11='-0.8340343832969666' m21='-0.15039114654064178' m31='0.3377828598022461'
            m02='-0.7834419012069702' m12='0.41524556279182434' m22='0.4623742997646332' m32='0.7797988057136536'
            m03='0.0' m13='0.0' m23='0.0' m33='1.0'/>
        <transform name='pBip L Forearm'
            m00='-0.4242015480995178' m10='0.07332631945610046' m20='-0.9025943279266357' m30='0.21345672011375427'
            m01='-0.7984245419502258' m11='-0.5005752444267273' m21='0.33457738161087036' m31='0.16415807604789734'
            m02='-0.4272829294204712' m12='0.8625817894935608' m22='0.270890474319458' m32='0.8662426471710205'
            m03='0.0' m13='0.0' m23='0.0' m33='1.0'/>
        <transform name='pBip L Hand'
            m00='-0.9292782545089722' m10='0.04711015522480011' m20='0.36636418104171753' m30='0.22544002532958984'
            m01='0.2857656478881836' m11='-0.5367676615715027' m21='0.7938628792762756' m31='0.08225224912166595'
            m02='0.23405158519744873' m12='0.8424140214920044' m22='0.48534396290779114' m32='1.0072953701019287'
            m03='0.0' m13='0.0' m23='0.0' m33='1.0'/>
        <transform name='pBip L Finger1'
            m00='-0.9104096293449402' m10='0.15705156326293945' m20='0.38273856043815613' m30='0.23415224254131317'
            m01='0.186894491314888' m11='-0.6692279577255249' m21='0.7191689014434814' m31='-0.016835127025842667'
            m02='0.3690861463546753' m12='0.7262706160545349' m22='0.5799193978309631' m32='1.1627877950668335'
            m03='0.0' m13='0.0' m23='0.0' m33='1.0'/>
        <transform name='pBip L Finger11'
            m00='-0.4201261103153229' m10='0.5647328495979309' m20='0.7103310823440552' m30='0.2459850311279297'
            m01='-0.09016820788383484' m11='-0.8048686385154724' m21='0.5865622758865356' m31='-0.06734778732061386'
            m02='0.9029749631881714' m12='0.18238122761249542' m22='0.38906699419021606' m32='1.2176313400268555'
            m03='0.0' m13='0.0' m23='0.0' m33='1.0'/>
        <transform name='pBip L Finger0'
            m00='0.6219398975372314' m10='-0.7221286296844482' m20='-0.3028542995452881' m30='0.11696860194206238'
            m01='-0.7133985757827759' m11='-0.3630451560020447' m21='-0.5993831157684326' m31='-0.032697759568691254'
            m02='0.3228820264339447' m12='0.5888363122940063' m22='-0.7409580945968628' m32='1.0169756412506104'
            m03='0.0' m13='0.0' m23='0.0' m33='1.0'/>
        <transform name='pBip L Finger01'
            m00='0.8539659976959229' m10='-0.470344603061676' m20='0.22252558171749115' m30='0.048881858587265015'
            m01='-0.378296434879303' m11='-0.8548555374145508' m21='-0.35512441396713257' m31='-0.06680196523666382'
            m02='0.3572581708431244' m12='0.21908360719680786' m22='-0.9079475402832031' m32='1.0724860429763794'
            m03='0.0' m13='0.0' m23='0.0' m33='1.0'/>
        <transform name='pBip R Clavicle'
            m00='-0.0610172301530838' m10='-0.9980718493461609' m20='-0.011378277093172073' m30='-0.01257709227502346'
            m01='-0.9838785529136658' m11='0.05822180211544037' m21='0.16909515857696533' m31='0.34655696153640747'
            m02='-0.1681065708398819' m12='0.021512560546398163' m22='-0.9855339527130127' m32='0.7830410003662109'
            m03='0.0' m13='0.0' m23='0.0' m33='1.0'/>
        <transform name='pBip R UpperArm'
            m00='0.9925771355628967' m10='-0.12012454867362976' m20='-0.019011661410331726' m30='-0.13288728892803192'
            m01='-0.11912139505147934' m11='-0.9917575120925903' m21='0.04719676077365875' m31='0.3535756468772888'
            m02='-0.024524405598640442' m12='-0.044581666588783264' m22='-0.9987046122550964' m32='0.7856342792510986'
            m03='0.0' m13='0.0' m23='0.0' m33='1.0'/>
        <transform name='pBip R Forearm'
            m00='0.7124928832054138' m10='-0.2023862898349762' m20='-0.6718587875366211' m30='-0.15789422392845154'
            m01='-0.2600305676460266' m11='-0.9654828310012817' m21='0.015078406780958176' m31='0.14711689949035645'
            m02='-0.6517194509506226' m12='0.1639605462551117' m22='-0.7405259609222412' m32='0.7763533592224121'
            m03='0.0' m13='0.0' m23='0.0' m33='1.0'/>
        <transform name='pBip R Hand'
            m00='0.717600405216217' m10='-0.25396764278411865' m20='0.6484987735748291' m30='-0.19089703261852264'
            m01='0.20035913586616516' m11='-0.8164976239204407' m21='-0.5414685010910034' m31='-0.010815906338393688'
            m02='0.6670129299163818' m12='0.5184906125068665' m22='-0.5350338220596313' m32='0.803116500377655'
            m03='0.0' m13='0.0' m23='0.0' m33='1.0'/>
        <transform name='pBip Prop1'
            m00='0.3562515377998352' m10='0.9295625686645508' m20='-0.0948641300201416' m30='-0.14700669050216675'
            m01='-0.9342015981674194' m11='0.3522993326187134' m21='-0.05614994093775749' m31='0.27091729640960693'
            m02='-0.018774114549160004' m12='0.10862573981285095' m22='0.9939054846763611' m32='1.0606873035430908'
            m03='0.0' m13='0.0' m23='0.0' m33='1.0'/>
        <transform name='pBip Head'
            m00='-0.8359984159469604' m10='-0.2299097180366516' m20='-0.49824512004852295' m30='0.0016154194017872214'
            m01='-0.4932633638381958' m11='-0.08294978737831116' m21='0.8659160733222961' m31='0.30134832859039307'
            m02='-0.24041174352169037' m12='0.969670295715332' m22='-0.044060118496418' m32='0.8628658056259155'
            m03='0.0' m13='0.0' m23='0.0' m33='1.0'/>
        <transform name='pBip Ponytail1'
            m00='-0.865359365940094' m10='0.021747393533587456' m20='-0.5006797909736633' m30='-0.1787416934967041'
            m01='-0.4990861117839813' m11='0.05321813374757767' m21='0.8649167418479919' m31='0.2178810089826584'
            m02='0.0454549677670002' m12='0.9983458518981934' m22='-0.035198960453271866' m32='1.2620099782943726'
            m03='0.0' m13='0.0' m23='0.0' m33='1.0'/>
        <transform name='pBip Tail'
            m00='0.00017545363516546786' m10='-1.7197453416883945e-07' m20='-1.0' m30='2.695281509090819e-08'
            m01='0.03199798986315727' m11='-0.9994898438453674' m21='5.785361281596124e-06' m31='0.23502926528453827'
            m02='-0.9994885921478271' m12='-0.03199614956974983' m22='-0.0001753580872900784' m32='0.33961567282676697'
            m03='0.0' m13='0.0' m23='0.0' m33='1.0'/>
        <transform name='pBip R Thigh'
            m00='0.03844158351421356' m10='-0.024897461757063866' m20='-0.9989506602287292' m30='-0.12879300117492676'
            m01='-0.1727895736694336' m11='-0.9847970604896545' m21='0.017895476892590523' m31='0.299015611410141'
            m02='-0.9842084050178528' m12='0.17192110419273376' m22='-0.04215921461582184' m32='0.3460977375507355'
            m03='0.0' m13='0.0' m23='0.0' m33='1.0'/>
        <transform name='pBip R Calf'
            m00='-0.13180144131183624' m10='-0.11173292994499207' m20='-0.984959065914154' m30='-0.13296398520469666'
            m01='0.8642860054969788' m11='-0.49953168630599976' m21='-0.05898716300725937' m31='0.1340256929397583'
            m02='-0.4854278862476349' m12='-0.8590600490570068' m22='0.16240809857845306' m32='0.3749006688594818'
            m03='0.0' m13='0.0' m23='0.0' m33='1.0'/>
        <transform name='pBip R Foot'
            m00='0.1264946460723877' m10='-0.06615995615720749' m20='0.9897585511207581' m30='-0.15380354225635529'
            m01='-0.7672709226608276' m11='-0.6389314532279968' m21='0.055350787937641144' m31='0.04137474671006203'
            m02='0.6287261247634888' m12='-0.7664138674736023' m22='-0.13158389925956726' m32='0.21478649973869324'
            m03='0.0' m13='0.0' m23='0.0' m33='1.0'/>
        <transform name='pBip R Toe0'
            m00='0.06606309860944748' m10='0.1265818029642105' m20='0.9897539019584656' m30='-0.14643147587776184'
            m01='0.6395375728607178' m11='-0.7667640447616577' m21='0.055375855416059494' m31='-0.1101020872592926'
            m02='0.7659165263175964' m12='0.6293267607688904' m22='-0.1316085010766983' m32='0.20650915801525116'
            m03='0.0' m13='0.0' m23='0.0' m33='1.0'/>
    </frame>
    <frame index="3">
        <transform name='pBip Pelvis'
            m00='2.8998540528846206e-06' m10='-1.3686410511581926e-06' m20='-1.0' m30='2.958051936730044e-08'
            m01='-0.9580674767494202' m11='0.28654274344444275' m21='-3.1704300909041194e-06' m31='0.29901570081710815'
            m02='0.28654274344444275' m12='0.9580674767494202' m22='-4.803183060175797e-07' m32='0.346097856760025'
            m03='0.0' m13='0.0' m23='0.0' m33='1.0'/>
        <transform name='pBip Spine'
