<?xml version="1.0" encoding="ISO-8859-1" standalone="yes"?>
<!DOCTYPE animation [
    <!ELEMENT animation  (frame+)>
    <!ELEMENT frame      (transform+)>
    <!ELEMENT transform   EMPTY>
    <!ATTLIST frame index CDATA #REQUIRED>
    <!ATTLIST transform name CDATA #REQUIRED>
    <!ATTLIST transform m00 CDATA #REQUIRED>
    <!ATTLIST transform m01 CDATA #REQUIRED>
    <!ATTLIST transform m02 CDATA #REQUIRED>
    <!ATTLIST transform m03 CDATA #REQUIRED>
    <!ATTLIST transform m10 CDATA #REQUIRED>
    <!ATTLIST transform m11 CDATA #REQUIRED>
    <!ATTLIST transform m12 CDATA #REQUIRED>
    <!ATTLIST transform m13 CDATA #REQUIRED>
    <!ATTLIST transform m20 CDATA #REQUIRED>
    <!ATTLIST transform m21 CDATA #REQUIRED>
    <!ATTLIST transform m22 CDATA #REQUIRED>
    <!ATTLIST transform m23 CDATA #REQUIRED>
    <!ATTLIST transform m30 CDATA #REQUIRED>
    <!ATTLIST transform m31 CDATA #REQUIRED>
    <!ATTLIST transform m32 CDATA #REQUIRED>
    <!ATTLIST transform m33 CDATA #REQUIRED>
]>

<animation>
    <frame index="0">
        <transform name='pBip Pelvis'
            m00='2.899854280258296e-06' m10='-1.3686410511581926e-06' m20='-1.0' m30='2.958048916923417e-08'
            m01='-0.9580674767494202' m11='0.2865426540374756' m21='-3.170429863530444e-06' m31='0.29901570081710815'
            m02='0.2865426540374756' m12='0.9580674767494202' m22='-4.80318590234674e-07' m32='0.346097856760025'
            m03='0.0' m13='0.0' m23='0.0' m33='1.0'/>
        <transform name='pBip Spine'
            m00='-1.0097673111886252e-05' m10='3.6388934177011834e-07' m20='1.0' m30='3.361157041581464e-08'
            m01='0.999607503414154' m11='0.028017163276672363' m21='1.008351409836905e-05' m31='0.37879568338394165'
            m02='-0.028017133474349976' m12='0.9996073246002197' m22='-6.466540298788459e-07' m32='0.4641287624835968'
            m03='0.0' m13='0.0' m23='0.0' m33='1.0'/>
        <transform name='pBip L Thigh'
            m00='-0.03838178887963295' m10='0.02489769086241722' m20='-0.9989529252052307' m30='0.12879303097724915'
            m01='-0.26460933685302734' m11='-0.9642558097839355' m21='-0.013866052031517029' m31='0.2990158498287201'
            m02='-0.9635913968086243' m12='0.26379966735839844' m22='0.0435979887843132' m32='0.3460976481437683'
            m03='0.0' m13='0.0' m23='0.0' m33='1.0'/>
        <transform name='pBip L Calf'
            m00='0.01861712522804737' m10='0.025171272456645966' m20='-0.9995097517967224' m30='0.13296401500701904'
            m01='0.9485390782356262' m11='-0.31651097536087036' m21='0.009696874767541885' m31='0.1374676525592804'
            m02='-0.31611135601997375' m12='-0.9482547044754028' m22='-0.02976848930120468' m32='0.39029383659362793'
            m03='0.0' m13='0.0' m23='0.0' m33='1.0'/>
        <transform name='pBip L Foot'
            m00='-1.341104507446289e-07' m10='-8.195638656616211e-08' m20='1.0' m30='0.1376499980688095'
            m01='-0.8794257044792175' m11='-0.4760356545448303' m21='-1.909211277961731e-07' m31='0.07854648679494858'
            m02='0.4760352671146393' m12='-0.8794258832931519' m22='3.3527612686157227e-08' m32='0.21376796066761017'
            m03='0.0' m13='0.0' m23='0.0' m33='1.0'/>
        <transform name='pBip L Toe0'
            m00='-1.40728968744952e-06' m10='1.3187523109081667e-06' m20='1.0' m30='0.13764998316764832'
            m01='0.4760359823703766' m11='-0.8794255256652832' m21='1.7956981537281536e-06' m31='-0.06859803944826126'
            m02='0.8794257044792175' m12='0.47603556513786316' m22='6.515944619422953e-07' m32='0.17663437128067017'
            m03='0.0' m13='0.0' m23='0.0' m33='1.0'/>
        <transform name='pBip Spine1'
            m00='0.06175107881426811' m10='0.005967817734926939' m20='0.9980737566947937' m30='8.155838315815345e-08'
            m01='0.9651961922645569' m11='-0.2549706697463989' m21='-0.058192383497953415' m31='0.3818477690219879'
            m02='0.2541321814060211' m12='0.9669302701950073' m22='-0.02150481566786766' m32='0.5700644850730896'
            m03='0.0' m13='0.0' m23='0.0' m33='1.0'/>
        <transform name='pBip Spine2'
            m00='0.05984041839838028' m10='0.016605501994490623' m20='0.9980698227882385' m30='0.0006378992111422122'
            m01='0.9948041439056396' m11='-0.08349312841892242' m21='-0.05825549736618996' m31='0.3549096882343292'
            m02='0.08236455917358398' m12='0.9963699579238892' m22='-0.02151547186076641' m32='0.6725618839263916'
            m03='0.0' m13='0.0' m23='0.0' m33='1.0'/>
        <transform name='pBip Neck'
            m00='0.06134364381432533' m10='-0.00942083727568388' m20='0.9980722665786743' m30='0.002478209789842367'
            m01='0.8727560043334961' m11='-0.4846729338169098' m21='-0.058216292411088943' m31='0.34574267268180847'
            m02='0.48428696393966675' m12='0.8746446967124939' m22='-0.021509498357772827' m32='0.7827517986297607'
            m03='0.0' m13='0.0' m23='0.0' m33='1.0'/>
        <transform name='pBip L Clavicle'
            m00='-0.0610172301530838' m10='0.9980718493461609' m20='0.01137829851359129' m30='0.017524560913443565'
            m01='-0.9838786125183105' m11='-0.05822179839015007' m21='-0.16909494996070862' m31='0.34480106830596924'
            m02='-0.16810639202594757' m12='-0.021512554958462715' m22='0.9855340123176575' m32='0.782392144203186'
            m03='0.0' m13='0.0' m23='0.0' m33='1.0'/>
        <transform name='pBip L UpperArm'
            m00='-0.5453165173530579' m10='0.3568302392959595' m20='-0.7584868669509888' m30='0.1378350704908371'
            m01='0.5604605674743652' m11='-0.5176470279693604' m21='-0.6464719176292419' m31='0.3377828598022461'
            m02='-0.6233090162277222' m12='-0.7776334285736084' m22='0.08229196071624756' m32='0.7797988653182983'
            m03='0.0' m13='0.0' m23='0.0' m33='1.0'/>
        <transform name='pBip L Forearm'
            m00='-0.556824803352356' m10='0.32937029004096985' m20='-0.762536346912384' m30='0.21211817860603333'
            m01='0.5833116769790649' m11='-0.4985099732875824' m21='-0.6412767171859741' m31='0.2300218641757965'
            m02='-0.591349184513092' m12='-0.8018746972084045' m22='0.08545692265033722' m32='0.6179153919219971'
            m03='0.0' m13='0.0' m23='0.0' m33='1.0'/>
        <transform name='pBip L Hand'
            m00='0.03724309802055359' m10='0.375697523355484' m20='0.9259938597679138' m30='0.26598647236824036'
            m01='-0.7966641187667847' m11='-0.5482414960861206' m21='0.2544759213924408' m31='0.14849157631397247'
            m02='0.603273868560791' m12='-0.7471832036972046' m22='0.2788865566253662' m32='0.4867698550224304'
            m03='0.0' m13='0.0' m23='0.0' m33='1.0'/>
        <transform name='pBip L Finger1'
            m00='0.06021863967180252' m10='0.3756974935531616' m20='0.9247840046882629' m30='0.3353326916694641'
            m01='-0.7901014685630798' m11='-0.5482414364814758' m21='0.2741740345954895' m31='0.04729606956243515'
            m02='0.610011100769043' m12='-0.7471831440925598' m22='0.26382482051849365' m32='0.34885382652282715'
            m03='0.0' m13='0.0' m23='0.0' m33='1.0'/>
        <transform name='pBip L Finger11'
            m00='0.6780893206596375' m10='-0.15312694013118744' m20='0.7188513278961182' m30='0.3636956512928009'
            m01='-0.718730628490448' m11='0.06637157499790192' m21='0.6921137571334839' m31='0.005907274782657623'
            m02='-0.1536923199892044' m12='-0.9859749674797058' m22='-0.06505101919174194' m32='0.292446106672287'
            m03='0.0' m13='0.0' m23='0.0' m33='1.0'/>
        <transform name='pBip L Finger0'
            m00='0.17247751355171204' m10='-0.6646032929420471' m20='-0.7270174026489258' m30='0.17605359852313995'
            m01='0.3690074682235718' m11='-0.6407343149185181' m21='0.6732707619667053' m31='0.024826273322105408'
            m02='-0.9132823944091797' m12='-0.3843989968299866' m22='0.1347312480211258' m32='0.44565314054489136'
            m03='0.0' m13='0.0' m23='0.0' m33='1.0'/>
        <transform name='pBip L Finger01'
            m00='0.7226752042770386' m10='-0.6075452566146851' m20='-0.3295901119709015' m30='0.11341390758752823'
            m01='0.12168353796005249' m11='-0.3575674891471863' m21='0.9259260892868042' m31='-0.035563282668590546'
            m02='-0.6803922057151794' m12='-0.7092493772506714' m22='-0.18447665870189667' m32='0.4094237685203552'
            m03='0.0' m13='0.0' m23='0.0' m33='1.0'/>
        <transform name='pBip R Clavicle'
            m00='-0.0610172338783741' m10='-0.9980719089508057' m20='-0.01137828454375267' m30='-0.012577089481055737'
            m01='-0.9838786125183105' m11='0.05822180211544037' m21='0.16909515857696533' m31='0.3465569317340851'
            m02='-0.1681065708398819' m12='0.021512556821107864' m22='-0.9855339527130127' m32='0.7830410003662109'
            m03='0.0' m13='0.0' m23='0.0' m33='1.0'/>
        <transform name='pBip R UpperArm'
            m00='0.9608080387115479' m10='-0.2269556224346161' m20='-0.15918311476707458' m30='-0.13288727402687073'
            m01='0.04416676238179207' m11='-0.441562294960022' m21='0.896142840385437' m31='0.35357561707496643'
            m02='-0.2736739218235016' m12='-0.8680517077445984' m22='-0.41423267126083374' m32='0.7856341600418091'
            m03='0.0' m13='0.0' m23='0.0' m33='1.0'/>
        <transform name='pBip R Forearm'
            m00='0.4987333118915558' m10='-0.29954442381858826' m20='-0.8133500814437866' m30='-0.18013377487659454'
            m01='0.5337523818016052' m11='-0.633212685585022' m21='0.5604909658432007' m31='0.2616536021232605'
            m02='-0.6829155683517456' m12='-0.71366286277771' m22='-0.15592172741889954' m32='0.6049278378486633'
            m03='0.0' m13='0.0' m23='0.0' m33='1.0'/>
        <transform name='pBip R Hand'
            m00='0.8852905035018921' m10='-0.3047354817390442' m20='0.3512794077396393' m30='-0.22912421822547913'
            m01='-0.3411189615726471' m11='-0.9389349222183228' m21='0.04515659809112549' m31='0.15809279680252075'
            m02='0.3160676956176758' m12='-0.15980467200279236' m22='-0.9351810812950134' m32='0.4882090091705322'
            m03='0.0' m13='0.0' m23='0.0' m33='1.0'/>
        <transform name='pBip Prop1'
            m00='-0.30716654658317566' m10='0.15268780291080475' m20='0.9393270015716553' m30='-0.4953582286834717'
            m01='-0.9379640817642212' m11='0.11825516819953918' m21='-0.325943261384964' m31='0.1360267996788025'
            m02='-0.1608477085828781' m12='-0.9811737537384033' m22='0.1068916767835617' m32='0.4236848056316376'
            m03='0.0' m13='0.0' m23='0.0' m33='1.0'/>
        <transform name='pBip Head'
            m00='-0.061018671840429306' m10='0.011378386057913303' m20='-0.9980717897415161' m30='0.0016152504831552505'
            m01='-0.9838787913322449' m11='-0.1690935492515564' m21='0.05822324380278587' m31='0.3013484477996826'
            m02='-0.16810502111911774' m12='0.9855340719223022' m22='0.02151280827820301' m32='0.8628657460212708'
            m03='0.0' m13='0.0' m23='0.0' m33='1.0'/>
        <transform name='pBip Ponytail1'
            m00='-0.052259188145399094' m10='0.03698793053627014' m20='-0.9979483485221863' m30='0.0007124991388991475'
            m01='-0.9915072917938232' m11='0.11724913120269775' m21='0.056267619132995605' m31='0.13327716290950775'
            m02='0.11908972263336182' m12='0.9924132823944092' m22='0.03054644539952278' m32='1.2758582830429077'
            m03='0.0' m13='0.0' m23='0.0' m33='1.0'/>
        <transform name='pBip Tail'
            m00='0.00017545363516546786' m10='-1.7197453416883945e-07' m20='-1.0' m30='2.6954934284617593e-08'
            m01='0.03199813887476921' m11='-0.9994898438453674' m21='5.785390385426581e-06' m31='0.23502928018569946'
            m02='-0.9994885921478271' m12='-0.031996358186006546' m22='-0.00017535807273816317' m32='0.33961573243141174'
            m03='0.0' m13='0.0' m23='0.0' m33='1.0'/>
        <transform name='pBip R Thigh'
            m00='0.03844159469008446' m10='-0.024897458031773567' m20='-0.9989506602287292' m30='-0.12879297137260437'
            m01='-0.17278940975666046' m11='-0.9847971200942993' m21='0.017895478755235672' m31='0.2990156412124634'
            m02='-0.9842085242271423' m12='0.17192097008228302' m22='-0.04215921834111214' m32='0.34609779715538025'
            m03='0.0' m13='0.0' m23='0.0' m33='1.0'/>
        <transform name='pBip R Calf'
            m00='-0.018651150166988373' m10='-0.025171881541609764' m20='-0.9995092153549194' m30='-0.13296398520469666'
            m01='0.9466841220855713' m11='-0.3220244348049164' m21='-0.00955541804432869' m31='0.1340257227420807'
            m02='-0.32162654399871826' m12='-0.9463969469070435' m22='0.02983589470386505' m32='0.37490078806877136'
            m03='0.0' m13='0.0' m23='0.0' m33='1.0'/>
        <transform name='pBip R Foot'
            m00='-9.313225746154785e-08' m10='-7.450580596923828e-08' m20='1.0000001192092896' m30='-0.1376499980688095'
            m01='-0.8766416907310486' m11='-0.48114585876464844' m21='-1.778826117515564e-07' m31='0.07407811284065247'
            m02='0.4811463952064514' m12='-0.8766409754753113' m22='1.6763806343078613e-08' m32='0.19872087240219116'
            m03='0.0' m13='0.0' m23='0.0' m33='1.0'/>
        <transform name='pBip R Toe0'
            m00='-1.4203279761204612e-06' m10='1.331792645942187e-06' m20='1.0000001192092896' m30='-0.1376499980688095'
            m01='0.481145441532135' m11='-0.8766419291496277' m21='1.7904985725181177e-06' m31='-0.07328006625175476'
            m02='0.8766412138938904' m12='0.4811460077762604' m22='6.415996267605806e-07' m32='0.16244423389434814'
            m03='0.0' m13='0.0' m23='0.0' m33='1.0'/>
    </frame>
    <frame index="1">
        <transform name='pBip Pelvis'
            m00='2.899854280258296e-06' m10='-1.3686410511581926e-06' m20='-1.0' m30='2.958048916923417e-08'
            m01='-0.9580674767494202' m11='0.2865426540374756' m21='-3.170429863530444e-06' m31='0.29901570081710815'
            m02='0.2865426540374756' m12='0.9580674767494202' m22='-4.80318590234674e-07' m32='0.346097856760025'
            m03='0.0' m13='0.0' m23='0.0' m33='1.0'/>
        <transform name='pBip Spine'
            m00='-1.0097673111886252e-05' m10='3.6388934177011834e-07' m20='1.0' m30='3.361157041581464e-08'
            m01='0.999607503414154' m11='0.028017163276672363' m21='1.008351409836905e-05' m31='0.37879568338394165'
            m02='-0.028017133474349976' m12='0.9996073246002197' m22='-6.466540298788459e-07' m32='0.4641287624835968'
            m03='0.0' m13='0.0' m23='0.0' m33='1.0'/>
        <transform name='pBip L Thigh'
            m00='-0.03838178887963295' m10='0.02489769086241722' m20='-0.9989529252052307' m30='0.12879303097724915'
            m01='-0.26460933685302734' m11='-0.9642558097839355' m21='-0.013866052031517029' m31='0.2990158498287201'
            m02='-0.9635913968086243' m12='0.26379966735839844' m22='0.0435979887843132' m32='0.3460976481437683'
            m03='0.0' m13='0.0' m23='0.0' m33='1.0'/>
        <transform name='pBip L Calf'
            m00='0.01861712522804737' m10='0.025171272456645966' m20='-0.9995097517967224' m30='0.13296401500701904'
            m01='0.9485390782356262' m11='-0.31651097536087036' m21='0.009696874767541885' m31='0.1374676525592804'
            m02='-0.31611135601997375' m12='-0.9482547044754028' m22='-0.02976848930120468' m32='0.39029383659362793'
            m03='0.0' m13='0.0' m23='0.0' m33='1.0'/>
        <transform name='pBip L Foot'
            m00='-1.341104507446289e-07' m10='-8.195638656616211e-08' m20='1.0' m30='0.1376499980688095'
            m01='-0.8794257044792175' m11='-0.4760356545448303' m21='-1.909211277961731e-07' m31='0.07854648679494858'
            m02='0.4760352671146393' m12='-0.8794258832931519' m22='3.3527612686157227e-08' m32='0.21376796066761017'
            m03='0.0' m13='0.0' m23='0.0' m33='1.0'/>
        <transform name='pBip L Toe0'
            m00='-1.40728968744952e-06' m10='1.3187523109081667e-06' m20='1.0' m30='0.13764998316764832'
            m01='0.4760359823703766' m11='-0.8794255256652832' m21='1.7956981537281536e-06' m31='-0.06859803944826126'
            m02='0.8794257044792175' m12='0.47603556513786316' m22='6.515944619422953e-07' m32='0.17663437128067017'
            m03='0.0' m13='0.0' m23='0.0' m33='1.0'/>
        <transform name='pBip Spine1'
            m00='0.06175107881426811' m10='0.005967817734926939' m20='0.9980737566947937' m30='8.155838315815345e-08'
            m01='0.9651961922645569' m11='-0.2549706697463989' m21='-0.058192383497953415' m31='0.3818477690219879'
            m02='0.2541321814060211' m12='0.9669302701950073' m22='-0.02150481566786766' m32='0.5700644850730896'
            m03='0.0' m13='0.0' m23='0.0' m33='1.0'/>
        <transform name='pBip Spine2'
            m00='0.05984041839838028' m10='0.016605501994490623' m20='0.9980698227882385' m30='0.0006378992111422122'
            m01='0.9948041439056396' m11='-0.08349312841892242' m21='-0.05825549736618996' m31='0.3549096882343292'
            m02='0.08236455917358398' m12='0.9963699579238892' m22='-0.02151547186076641' m32='0.6725618839263916'
            m03='0.0' m13='0.0' m23='0.0' m33='1.0'/>
        <transform name='pBip Neck'
            m00='0.06134364381432533' m10='-0.00942083727568388' m20='0.9980722665786743' m30='0.002478209789842367'
            m01='0.8727560043334961' m11='-0.4846729338169098' m21='-0.058216292411088943' m31='0.34574267268180847'
            m02='0.48428696393966675' m12='0.8746446967124939' m22='-0.021509498357772827' m32='0.7827517986297607'
            m03='0.0' m13='0.0' m23='0.0' m33='1.0'/>
        <transform name='pBip L Clavicle'
            m00='-0.0610172301530838' m10='0.9980718493461609' m20='0.01137829851359129' m30='0.017524560913443565'
            m01='-0.9838786125183105' m11='-0.05822179839015007' m21='-0.16909494996070862' m31='0.34480106830596924'
            m02='-0.16810639202594757' m12='-0.021512554958462715' m22='0.9855340123176575' m32='0.782392144203186'
            m03='0.0' m13='0.0' m23='0.0' m33='1.0'/>
        <transform name='pBip L UpperArm'
            m00='-0.5453165173530579' m10='0.3568302392959595' m20='-0.7584868669509888' m30='0.1378350704908371'
            m01='0.5604605674743652' m11='-0.5176470279693604' m21='-0.6464719176292419' m31='0.3377828598022461'
            m02='-0.6233090162277222' m12='-0.7776334285736084' m22='0.08229196071624756' m32='0.7797988653182983'
            m03='0.0' m13='0.0' m23='0.0' m33='1.0'/>
        <transform name='pBip L Forearm'
            m00='-0.556824803352356' m10='0.32937029004096985' m20='-0.762536346912384' m30='0.21211817860603333'
            m01='0.5833116769790649' m11='-0.4985099732875824' m21='-0.6412767171859741' m31='0.2300218641757965'
            m02='-0.591349184513092' m12='-0.8018746972084045' m22='0.08545692265033722' m32='0.6179153919219971'
            m03='0.0' m13='0.0' m23='0.0' m33='1.0'/>
        <transform name='pBip L Hand'
            m00='0.03724309802055359' m10='0.375697523355484' m20='0.9259938597679138' m30='0.26598647236824036'
            m01='-0.7966641187667847' m11='-0.5482414960861206' m21='0.2544759213924408' m31='0.14849157631397247'
            m02='0.603273868560791' m12='-0.7471832036972046' m22='0.2788865566253662' m32='0.4867698550224304'
            m03='0.0' m13='0.0' m23='0.0' m33='1.0'/>
        <transform name='pBip L Finger1'
            m00='0.06021863967180252' m10='0.3756974935531616' m20='0.9247840046882629' m30='0.3353326916694641'
            m01='-0.7901014685630798' m11='-0.5482414364814758' m21='0.2741740345954895' m31='0.04729606956243515'
            m02='0.610011100769043' m12='-0.7471831440925598' m22='0.26382482051849365' m32='0.34885382652282715'
            m03='0.0' m13='0.0' m23='0.0' m33='1.0'/>
        <transform name='pBip L Finger11'
            m00='0.6780893206596375' m10='-0.15312694013118744' m20='0.7188513278961182' m30='0.3636956512928009'
            m01='-0.718730628490448' m11='0.06637157499790192' m21='0.6921137571334839' m31='0.005907274782657623'
            m02='-0.1536923199892044' m12='-0.9859749674797058' m22='-0.06505101919174194' m32='0.292446106672287'
            m03='0.0' m13='0.0' m23='0.0' m33='1.0'/>
        <transform name='pBip L Finger0'
            m00='0.17247751355171204' m10='-0.6646032929420471' m20='-0.7270174026489258' m30='0.17605359852313995'
            m01='0.3690074682235718' m11='-0.6407343149185181' m21='0.6732707619667053' m31='0.024826273322105408'
            m02='-0.9132823944091797' m12='-0.3843989968299866' m22='0.1347312480211258' m32='0.44565314054489136'
            m03='0.0' m13='0.0' m23='0.0' m33='1.0'/>
        <transform name='pBip L Finger01'
            m00='0.7226752042770386' m10='-0.6075452566146851' m20='-0.3295901119709015' m30='0.11341390758752823'
            m01='0.12168353796005249' m11='-0.3575674891471863' m21='0.9259260892868042' m31='-0.035563282668590546'
            m02='-0.6803922057151794' m12='-0.7092493772506714' m22='-0.18447665870189667' m32='0.4094237685203552'
            m03='0.0' m13='0.0' m23='0.0' m33='1.0'/>
        <transform name='pBip R Clavicle'
            m00='-0.0610172338783741' m10='-0.9980719089508057' m20='-0.01137828454375267' m30='-0.012577089481055737'
            m01='-0.9838786125183105' m11='0.05822180211544037' m21='0.16909515857696533' m31='0.3465569317340851'
            m02='-0.1681065708398819' m12='0.021512556821107864' m22='-0.9855339527130127' m32='0.7830410003662109'
            m03='0.0' m13='0.0' m23='0.0' m33='1.0'/>
        <transform name='pBip R UpperArm'
            m00='0.9608080387115479' m10='-0.2269556224346161' m20='-0.15918311476707458' m30='-0.13288727402687073'
            m01='0.04416676238179207' m11='-0.441562294960022' m21='0.896142840385437' m31='0.35357561707496643'
            m02='-0.2736739218235016' m12='-0.8680517077445984' m22='-0.41423267126083374' m32='0.7856341600418091'
            m03='0.0' m13='0.0' m23='0.0' m33='1.0'/>
        <transform name='pBip R Forearm'
            m00='0.4987333118915558' m10='-0.29954442381858826' m20='-0.8133500814437866' m30='-0.18013377487659454'
            m01='0.5337523818016052' m11='-0.633212685585022' m21='0.5604909658432007' m31='0.2616536021232605'
            m02='-0.6829155683517456' m12='-0.71366286277771' m22='-0.15592172741889954' m32='0.6049278378486633'
            m03='0.0' m13='0.0' m23='0.0' m33='1.0'/>
        <transform name='pBip R Hand'
            m00='0.8852905035018921' m10='-0.3047354817390442' m20='0.3512794077396393' m30='-0.22912421822547913'
            m01='-0.3411189615726471' m11='-0.9389349222183228' m21='0.04515659809112549' m31='0.15809279680252075'
            m02='0.3160676956176758' m12='-0.15980467200279236' m22='-0.9351810812950134' m32='0.4882090091705322'
            m03='0.0' m13='0.0' m23='0.0' m33='1.0'/>
        <transform name='pBip Prop1'
            m00='-0.30716654658317566' m10='0.15268780291080475' m20='0.9393270015716553' m30='-0.4953582286834717'
            m01='-0.9379640817642212' m11='0.11825516819953918' m21='-0.325943261384964' m31='0.1360267996788025'
            m02='-0.1608477085828781' m12='-0.9811737537384033' m22='0.1068916767835617' m32='0.4236848056316376'
            m03='0.0' m13='0.0' m23='0.0' m33='1.0'/>
        <transform name='pBip Head'
            m00='-0.061018671840429306' m10='0.011378386057913303' m20='-0.9980717897415161' m30='0.0016152504831552505'
            m01='-0.9838787913322449' m11='-0.1690935492515564' m21='0.05822324380278587' m31='0.3013484477996826'
            m02='-0.16810502111911774' m12='0.9855340719223022' m22='0.02151280827820301' m32='0.8628657460212708'
            m03='0.0' m13='0.0' m23='0.0' m33='1.0'/>
        <transform name='pBip Ponytail1'
            m00='-0.052259188145399094' m10='0.03698793053627014' m20='-0.9979483485221863' m30='0.0007124991388991475'
            m01='-0.9915072917938232' m11='0.11724913120269775' m21='0.056267619132995605' m31='0.13327716290950775'
            m02='0.11908972263336182' m12='0.9924132823944092' m22='0.03054644539952278' m32='1.2758582830429077'
            m03='0.0' m13='0.0' m23='0.0' m33='1.0'/>
        <transform name='pBip Tail'
            m00='0.00017545363516546786' m10='-1.7197453416883945e-07' m20='-1.0' m30='2.6954934284617593e-08'
            m01='0.03199813887476921' m11='-0.9994898438453674' m21='5.785390385426581e-06' m31='0.23502928018569946'
            m02='-0.9994885921478271' m12='-0.031996358186006546' m22='-0.00017535807273816317' m32='0.33961573243141174'
            m03='0.0' m13='0.0' m23='0.0' m33='1.0'/>
        <transform name='pBip R Thigh'
            m00='0.03844159469008446' m10='-0.024897458031773567' m20='-0.9989506602287292' m30='-0.12879297137260437'
            m01='-0.17278940975666046' m11='-0.9847971200942993' m21='0.017895478755235672' m31='0.2990156412124634'
            m02='-0.9842085242271423' m12='0.17192097008228302' m22='-0.04215921834111214' m32='0.34609779715538025'
            m03='0.0' m13='0.0' m23='0.0' m33='1.0'/>
        <transform name='pBip R Calf'
            m00='-0.018651150166988373' m10='-0.025171881541609764' m20='-0.9995092153549194' m30='-0.13296398520469666'
            m01='0.9466841220855713' m11='-0.3220244348049164' m21='-0.00955541804432869' m31='0.1340257227420807'
            m02='-0.32162654399871826' m12='-0.9463969469070435' m22='0.02983589470386505' m32='0.37490078806877136'
            m03='0.0' m13='0.0' m23='0.0' m33='1.0'/>
        <transform name='pBip R Foot'
            m00='-9.313225746154785e-08' m10='-7.450580596923828e-08' m20='1.0000001192092896' m30='-0.1376499980688095'
            m01='-0.8766416907310486' m11='-0.48114585876464844' m21='-1.778826117515564e-07' m31='0.07407811284065247'
            m02='0.4811463952064514' m12='-0.8766409754753113' m22='1.6763806343078613e-08' m32='0.19872087240219116'
            m03='0.0' m13='0.0' m23='0.0' m33='1.0'/>
        <transform name='pBip R Toe0'
            m00='-1.4203279761204612e-06' m10='1.331792645942187e-06' m20='1.0000001192092896' m30='-0.1376499980688095'
            m01='0.481145441532135' m11='-0.8766419291496277' m21='1.7904985725181177e-06' m31='-0.07328006625175476'
            m02='0.8766412138938904' m12='0.4811460077762604' m22='6.415996267605806e-07' m32='0.16244423389434814'
            m03='0.0' m13='0.0' m23='0.0' m33='1.0'/>
    </frame>
    <frame index="2">
        <transform name='pBip Pelvis'
            m00='2.899854280258296e-06' m10='-1.3686410511581926e-06' m20='-1.0' m30='2.958048916923417e-08'
            m01='-0.9580674767494202' m11='0.2865426540374756' m21='-3.170429863530444e-06' m31='0.29901570081710815'
            m02='0.2865426540374756' m12='0.9580674767494202' m22='-4.80318590234674e-07' m32='0.346097856760025'
            m03='0.0' m13='0.0' m23='0.0' m33='1.0'/>
        <transform name='pBip Spine'
            m00='-1.0097673111886252e-05' m10='3.6388934177011834e-07' m20='1.0' m30='3.361157041581464e-08'
            m01='0.999607503414154' m11='0.028017163276672363' m21='1.008351409836905e-05' m31='0.37879568338394165'
            m02='-0.028017133474349976' m12='0.9996073246002197' m22='-6.466540298788459e-07' m32='0.4641287624835968'
            m03='0.0' m13='0.0' m23='0.0' m33='1.0'/>
        <transform name='pBip L Thigh'
            m00='-0.03838178887963295' m10='0.02489769086241722' m20='-0.9989529252052307' m30='0.12879303097724915'
            m01='-0.26460933685302734' m11='-0.9642558097839355' m21='-0.013866052031517029' m31='0.2990158498287201'
            m02='-0.9635913968086243' m12='0.26379966735839844' m22='0.0435979887843132' m32='0.3460976481437683'
            m03='0.0' m13='0.0' m23='0.0' m33='1.0'/>
        <transform name='pBip L Calf'
            m00='0.01861712522804737' m10='0.025171272456645966' m20='-0.9995097517967224' m30='0.13296401500701904'
            m01='0.9485390782356262' m11='-0.31651097536087036' m21='0.009696874767541885' m31='0.1374676525592804'
            m02='-0.31611135601997375' m12='-0.9482547044754028' m22='-0.02976848930120468' m32='0.39029383659362793'
            m03='0.0' m13='0.0' m23='0.0' m33='1.0'/>
        <transform name='pBip L Foot'
            m00='-1.341104507446289e-07' m10='-8.195638656616211e-08' m20='1.0' m30='0.1376499980688095'
            m01='-0.8794257044792175' m11='-0.4760356545448303' m21='-1.909211277961731e-07' m31='0.07854648679494858'
            m02='0.4760352671146393' m12='-0.8794258832931519' m22='3.3527612686157227e-08' m32='0.21376796066761017'
            m03='0.0' m13='0.0' m23='0.0' m33='1.0'/>
        <transform name='pBip L Toe0'
            m00='-1.40728968744952e-06' m10='1.3187523109081667e-06' m20='1.0' m30='0.13764998316764832'
            m01='0.4760359823703766' m11='-0.8794255256652832' m21='1.7956981537281536e-06' m31='-0.06859803944826126'
            m02='0.8794257044792175' m12='0.47603556513786316' m22='6.515944619422953e-07' m32='0.17663437128067017'
            m03='0.0' m13='0.0' m23='0.0' m33='1.0'/>
        <transform name='pBip Spine1'
            m00='0.06175107881426811' m10='0.005967817734926939' m20='0.9980737566947937' m30='8.155838315815345e-08'
            m01='0.9651961922645569' m11='-0.2549706697463989' m21='-0.058192383497953415' m31='0.3818477690219879'
            m02='0.2541321814060211' m12='0.9669302701950073' m22='-0.02150481566786766' m32='0.5700644850730896'
            m03='0.0' m13='0.0' m23='0.0' m33='1.0'/>
        <transform name='pBip Spine2'
            m00='0.05984041839838028' m10='0.016605501994490623' m20='0.9980698227882385' m30='0.0006378992111422122'
            m01='0.9948041439056396' m11='-0.08349312841892242' m21='-0.05825549736618996' m31='0.3549096882343292'
            m02='0.08236455917358398' m12='0.9963699579238892' m22='-0.02151547186076641' m32='0.6725618839263916'
            m03='0.0' m13='0.0' m23='0.0' m33='1.0'/>
        <transform name='pBip Neck'
            m00='0.06134364381432533' m10='-0.00942083727568388' m20='0.9980722665786743' m30='0.002478209789842367'
            m01='0.8727560043334961' m11='-0.4846729338169098' m21='-0.058216292411088943' m31='0.34574267268180847'
            m02='0.48428696393966675' m12='0.8746446967124939' m22='-0.021509498357772827' m32='0.7827517986297607'
            m03='0.0' m13='0.0' m23='0.0' m33='1.0'/>
        <transform name='pBip L Clavicle'
            m00='-0.0610172301530838' m10='0.9980718493461609' m20='0.01137829851359129' m30='0.017524560913443565'
            m01='-0.9838786125183105' m11='-0.05822179839015007' m21='-0.16909494996070862' m31='0.34480106830596924'
            m02='-0.16810639202594757' m12='-0.021512554958462715' m22='0.9855340123176575' m32='0.782392144203186'
            m03='0.0' m13='0.0' m23='0.0' m33='1.0'/>
        <transform name='pBip L UpperArm'
            m00='-0.5453165173530579' m10='0.3568302392959595' m20='-0.7584868669509888' m30='0.1378350704908371'
            m01='0.5604605674743652' m11='-0.5176470279693604' m21='-0.6464719176292419' m31='0.3377828598022461'
            m02='-0.6233090162277222' m12='-0.7776334285736084' m22='0.08229196071624756' m32='0.7797988653182983'
            m03='0.0' m13='0.0' m23='0.0' m33='1.0'/>
        <transform name='pBip L Forearm'
            m00='-0.556824803352356' m10='0.32937029004096985' m20='-0.762536346912384' m30='0.21211817860603333'
            m01='0.5833116769790649' m11='-0.4985099732875824' m21='-0.6412767171859741' m31='0.2300218641757965'
            m02='-0.591349184513092' m12='-0.8018746972084045' m22='0.08545692265033722' m32='0.6179153919219971'
            m03='0.0' m13='0.0' m23='0.0' m33='1.0'/>
        <transform name='pBip L Hand'
            m00='0.03724309802055359' m10='0.375697523355484' m20='0.9259938597679138' m30='0.26598647236824036'
            m01='-0.7966641187667847' m11='-0.5482414960861206' m21='0.2544759213924408' m31='0.14849157631397247'
            m02='0.603273868560791' m12='-0.7471832036972046' m22='0.2788865566253662' m32='0.4867698550224304'
            m03='0.0' m13='0.0' m23='0.0' m33='1.0'/>
        <transform name='pBip L Finger1'
            m00='0.06021863967180252' m10='0.3756974935531616' m20='0.9247840046882629' m30='0.3353326916694641'
            m01='-0.7901014685630798' m11='-0.5482414364814758' m21='0.2741740345954895' m31='0.04729606956243515'
            m02='0.610011100769043' m12='-0.7471831440925598' m22='0.26382482051849365' m32='0.34885382652282715'
            m03='0.0' m13='0.0' m23='0.0' m33='1.0'/>
        <transform name='pBip L Finger11'
            m00='0.6780893206596375' m10='-0.15312694013118744' m20='0.7188513278961182' m30='0.3636956512928009'
            m01='-0.718730628490448' m11='0.06637157499790192' m21='0.6921137571334839' m31='0.005907274782657623'
            m02='-0.1536923199892044' m12='-0.9859749674797058' m22='-0.06505101919174194' m32='0.292446106672287'
            m03='0.0' m13='0.0' m23='0.0' m33='1.0'/>
        <transform name='pBip L Finger0'
            m00='0.17247751355171204' m10='-0.6646032929420471' m20='-0.7270174026489258' m30='0.17605359852313995'
            m01='0.3690074682235718' m11='-0.6407343149185181' m21='0.6732707619667053' m31='0.024826273322105408'
            m02='-0.9132823944091797' m12='-0.3843989968299866' m22='0.1347312480211258' m32='0.44565314054489136'
            m03='0.0' m13='0.0' m23='0.0' m33='1.0'/>
        <transform name='pBip L Finger01'
            m00='0.7226752042770386' m10='-0.6075452566146851' m20='-0.3295901119709015' m30='0.11341390758752823'
            m01='0.12168353796005249' m11='-0.3575674891471863' m21='0.9259260892868042' m31='-0.035563282668590546'
            m02='-0.6803922057151794' m12='-0.7092493772506714' m22='-0.18447665870189667' m32='0.4094237685203552'
            m03='0.0' m13='0.0' m23='0.0' m33='1.0'/>
        <transform name='pBip R Clavicle'
            m00='-0.0610172338783741' m10='-0.9980719089508057' m20='-0.01137828454375267' m30='-0.012577089481055737'
            m01='-0.9838786125183105' m11='0.05822180211544037' m21='0.16909515857696533' m31='0.3465569317340851'
            m02='-0.1681065708398819' m12='0.021512556821107864' m22='-0.9855339527130127' m32='0.7830410003662109'
            m03='0.0' m13='0.0' m23='0.0' m33='1.0'/>
        <transform name='pBip R UpperArm'
            m00='0.9608080387115479' m10='-0.2269556224346161' m20='-0.15918311476707458' m30='-0.13288727402687073'
            m01='0.04416676238179207' m11='-0.441562294960022' m21='0.896142840385437' m31='0.35357561707496643'
            m02='-0.2736739218235016' m12='-0.8680517077445984' m22='-0.41423267126083374' m32='0.7856341600418091'
            m03='0.0' m13='0.0' m23='0.0' m33='1.0'/>
        <transform name='pBip R Forearm'
            m00='0.4987333118915558' m10='-0.29954442381858826' m20='-0.8133500814437866' m30='-0.18013377487659454'
            m01='0.5337523818016052' m11='-0.633212685585022' m21='0.5604909658432007' m31='0.2616536021232605'
            m02='-0.6829155683517456' m12='-0.71366286277771' m22='-0.15592172741889954' m32='0.6049278378486633'
            m03='0.0' m13='0.0' m23='0.0' m33='1.0'/>
        <transform name='pBip R Hand'
            m00='0.8852905035018921' m10='-0.3047354817390442' m20='0.3512794077396393' m30='-0.22912421822547913'
            m01='-0.3411189615726471' m11='-0.9389349222183228' m21='0.04515659809112549' m31='0.15809279680252075'
            m02='0.3160676956176758' m12='-0.15980467200279236' m22='-0.9351810812950134' m32='0.4882090091705322'
            m03='0.0' m13='0.0' m23='0.0' m33='1.0'/>
        <transform name='pBip Prop1'
            m00='-0.30716654658317566' m10='0.15268780291080475' m20='0.9393270015716553' m30='-0.4953582286834717'
            m01='-0.9379640817642212' m11='0.11825516819953918' m21='-0.325943261384964' m31='0.1360267996788025'
            m02='-0.1608477085828781' m12='-0.9811737537384033' m22='0.1068916767835617' m32='0.4236848056316376'
            m03='0.0' m13='0.0' m23='0.0' m33='1.0'/>
        <transform name='pBip Head'
            m00='-0.061018671840429306' m10='0.011378386057913303' m20='-0.9980717897415161' m30='0.0016152504831552505'
            m01='-0.9838787913322449' m11='-0.1690935492515564' m21='0.05822324380278587' m31='0.3013484477996826'
            m02='-0.16810502111911774' m12='0.9855340719223022' m22='0.02151280827820301' m32='0.8628657460212708'
            m03='0.0' m13='0.0' m23='0.0' m33='1.0'/>
        <transform name='pBip Ponytail1'
            m00='-0.052259188145399094' m10='0.03698793053627014' m20='-0.9979483485221863' m30='0.0007124991388991475'
            m01='-0.9915072917938232' m11='0.11724913120269775' m21='0.056267619132995605' m31='0.13327716290950775'
            m02='0.11908972263336182' m12='0.9924132823944092' m22='0.03054644539952278' m32='1.2758582830429077'
            m03='0.0' m13='0.0' m23='0.0' m33='1.0'/>
        <transform name='pBip Tail'
            m00='0.00017545363516546786' m10='-1.7197453416883945e-07' m20='-1.0' m30='2.6954934284617593e-08'
            m01='0.03199813887476921' m11='-0.9994898438453674' m21='5.785390385426581e-06' m31='0.23502928018569946'
            m02='-0.9994885921478271' m12='-0.031996358186006546' m22='-0.00017535807273816317' m32='0.33961573243141174'
            m03='0.0' m13='0.0' m23='0.0' m33='1.0'/>
        <transform name='pBip R Thigh'
            m00='0.03844159469008446' m10='-0.024897458031773567' m20='-0.9989506602287292' m30='-0.12879297137260437'
            m01='-0.17278940975666046' m11='-0.9847971200942993' m21='0.017895478755235672' m31='0.2990156412124634'
            m02='-0.9842085242271423' m12='0.17192097008228302' m22='-0.04215921834111214' m32='0.34609779715538025'
            m03='0.0' m13='0.0' m23='0.0' m33='1.0'/>
        <transform name='pBip R Calf'
            m00='-0.018651150166988373' m10='-0.025171881541609764' m20='-0.9995092153549194' m30='-0.13296398520469666'
            m01='0.9466841220855713' m11='-0.3220244348049164' m21='-0.00955541804432869' m31='0.1340257227420807'
            m02='-0.32162654399871826' m12='-0.9463969469070435' m22='0.02983589470386505' m32='0.37490078806877136'
            m03='0.0' m13='0.0' m23='0.0' m33='1.0'/>
        <transform name='pBip R Foot'
            m00='-9.313225746154785e-08' m10='-7.450580596923828e-08' m20='1.0000001192092896' m30='-0.1376499980688095'
            m01='-0.8766416907310486' m11='-0.48114585876464844' m21='-1.778826117515564e-07' m31='0.07407811284065247'
            m02='0.4811463952064514' m12='-0.8766409754753113' m22='1.6763806343078613e-08' m32='0.19872087240219116'
            m03='0.0' m13='0.0' m23='0.0' m33='1.0'/>
        <transform name='pBip R Toe0'
            m00='-1.4203279761204612e-06' m10='1.331792645942187e-06' m20='1.0000001192092896' m30='-0.1376499980688095'
            m01='0.481145441532135' m11='-0.8766419291496277' m21='1.7904985725181177e-06' m31='-0.07328006625175476'
            m02='0.8766412138938904' m12='0.4811460077762604' m22='6.415996267605806e-07' m32='0.16244423389434814'
            m03='0.0' m13='0.0' m23='0.0' m33='1.0'/>
    </frame>
    <frame index="3">
        <transform name='pBip Pelvis'
            m00='2.899854280258296e-06' m10='-1.3686410511581926e-06' m20='-1.0' m30='2.958048916923417e-08'
            m01='-0.9580674767494202' m11='0.2865426540374756' m21='-3.170429863530444e-06' m31='0.29901570081710815'
            m02='0.2865426540374756' m12='0.9580674767494202' m22='-4.80318590234674e-07' m32='0.346097856760025'
            m03='0.0' m13='0.0' m23='0.0' m33='1.0'/>
        <transform name='pBip Spine'
