<?xml version="1.0" encoding="ISO-8859-1" standalone="yes"?>
<!DOCTYPE skeleton [
    <!ELEMENT skeleton   (bones, init_pose)>
    <!ELEMENT bones      (bone+)>
    <!ELEMENT init_pose  (transform+)>
    <!ELEMENT bone        EMPTY>
    <!ELEMENT transform   EMPTY>
    <!ATTLIST transform name CDATA #REQUIRED>
    <!ATTLIST transform m00 CDATA #REQUIRED>
    <!ATTLIST transform m01 CDATA #REQUIRED>
    <!ATTLIST transform m02 CDATA #REQUIRED>
    <!ATTLIST transform m03 CDATA #REQUIRED>
    <!ATTLIST transform m10 CDATA #REQUIRED>
    <!ATTLIST transform m11 CDATA #REQUIRED>
    <!ATTLIST transform m12 CDATA #REQUIRED>
    <!ATTLIST transform m13 CDATA #REQUIRED>
    <!ATTLIST transform m20 CDATA #REQUIRED>
    <!ATTLIST transform m21 CDATA #REQUIRED>
    <!ATTLIST transform m22 CDATA #REQUIRED>
    <!ATTLIST transform m23 CDATA #REQUIRED>
    <!ATTLIST transform m30 CDATA #REQUIRED>
    <!ATTLIST transform m31 CDATA #REQUIRED>
    <!ATTLIST transform m32 CDATA #REQUIRED>
    <!ATTLIST transform m33 CDATA #REQUIRED>
    <!ATTLIST bone name CDATA #REQUIRED>
    <!ATTLIST bone parent CDATA #REQUIRED>
]>

<skeleton>
    <bones>
        <bone name='peon bip Pelvis' parent='peon bip'/>
        <bone name='peon bip Spine' parent='peon bip Pelvis'/>
        <bone name='peon bip L Thigh' parent='peon bip Spine'/>
        <bone name='peon bip L Calf' parent='peon bip L Thigh'/>
        <bone name='peon bip L Foot' parent='peon bip L Calf'/>
        <bone name='peon bip L Toe0' parent='peon bip L Foot'/>
        <bone name='peon bip R Thigh' parent='peon bip Spine'/>
        <bone name='peon bip R Calf' parent='peon bip R Thigh'/>
        <bone name='peon bip R Foot' parent='peon bip R Calf'/>
        <bone name='peon bip R Toe0' parent='peon bip R Foot'/>
        <bone name='peon bip Spine1' parent='peon bip Spine'/>
        <bone name='peon bip Spine2' parent='peon bip Spine1'/>
        <bone name='peon bip Neck' parent='peon bip Spine2'/>
        <bone name='peon bip R Clavicle' parent='peon bip Neck'/>
        <bone name='peon bip R UpperArm' parent='peon bip R Clavicle'/>
        <bone name='peon bip R Forearm' parent='peon bip R UpperArm'/>
        <bone name='peon bip R Hand' parent='peon bip R Forearm'/>
        <bone name='peon bip Prop1' parent='peon bip R Hand'/>
        <bone name='peon bip Head' parent='peon bip Neck'/>
        <bone name='peon bip Ponytail2' parent='peon bip Head'/>
        <bone name='peon bip Ponytail1' parent='peon bip Head'/>
        <bone name='peon bip L Clavicle' parent='peon bip Neck'/>
        <bone name='peon bip L UpperArm' parent='peon bip L Clavicle'/>
        <bone name='peon bip L Forearm' parent='peon bip L UpperArm'/>
        <bone name='peon bip L Hand' parent='peon bip L Forearm'/>
        <bone name='peon bip L Finger1' parent='peon bip L Hand'/>
        <bone name='peon bip L Finger11' parent='peon bip L Finger1'/>
        <bone name='peon bip L Finger01' parent='peon bip L Hand'/>
    </bones>
    <init_pose>
        <transform name='peon bip Pelvis'
            m00='2.936520786533947e-06' m10='-1.3876707498639007e-06' m20='-1.0' m30='-0.0033391499891877174'
            m01='-1.0' m11='0.0' m21='-2.936520786533947e-06' m31='-0.0016695699887350202'
            m02='4.092726157978177e-12' m12='1.0' m22='-1.3876707498639007e-06' m32='0.45539599657058716'
            m03='0.0' m13='0.0' m23='0.0' m33='1.0'/>
        <transform name='peon bip Spine'
            m00='-0.003522854298353195' m10='5.684341886080801e-13' m20='0.9999938011169434' m30='-0.00333921005949378'
            m01='0.9999935030937195' m11='-0.0007963174721226096' m21='0.0035228529013693333' m31='0.023510200902819633'
            m02='0.0007963128155097365' m12='0.999999463558197' m22='2.805310714393272e-06' m32='0.6319749355316162'
            m03='0.0' m13='0.0' m23='0.0' m33='1.0'/>
        <transform name='peon bip L Thigh'
            m00='0.08183426409959793' m10='-0.05549240484833717' m20='-0.9951028823852539' m30='0.14437802135944366'
            m01='0.9958235621452332' m11='-0.0360356904566288' m21='0.08390779048204422' m31='-0.0016693901270627975'
            m02='-0.040515318512916565' m12='-0.9978083968162537' m22='0.05231132730841637' m32='0.4553959369659424'
            m03='0.0' m13='0.0' m23='0.0' m33='1.0'/>
        <transform name='peon bip L Calf'
            m00='-0.0073926448822021484' m10='-0.054975565522909164' m20='-0.9984632730484009' m30='0.13262799382209778'
            m01='0.9841189384460449' m11='0.17670391499996185' m21='-0.017011083662509918' m31='-0.009299811907112598'
            m02='0.17736661434173584' m12='-0.9827274680137634' m22='0.05279581993818283' m32='0.24411393702030182'
            m03='0.0' m13='0.0' m23='0.0' m33='1.0'/>
        <transform name='peon bip L Foot'
            m00='4.686415195465088e-06' m10='0.0' m20='1.0000029802322388' m30='0.1257620006799698'
            m01='-1.0000019073486328' m11='-3.6903657019138336e-08' m21='-1.30385160446167e-08' m31='0.012767293490469456'
            m02='9.4645656645298e-08' m12='-0.9999994039535522' m22='1.0803341865539551e-07' m32='0.12138896435499191'
            m03='0.0' m13='0.0' m23='0.0' m33='1.0'/>
        <transform name='peon bip L Toe0'
            m00='-1.3979747564007994e-06' m10='1.3411067811830435e-06' m20='1.0000029802322388' m30='0.1257620006799698'
            m01='-8.228997216974676e-08' m11='-1.0000019073486328' m21='-3.358343292347854e-06' m31='-0.10643501579761505'
            m02='0.9999994039535522' m12='1.5129170138905579e-09' m22='1.506003627582686e-06' m32='0.003269977867603302'
            m03='0.0' m13='0.0' m23='0.0' m33='1.0'/>
        <transform name='peon bip R Thigh'
            m00='-0.08167426288127899' m10='0.05549232289195061' m20='-0.9951159954071045' m30='-0.15105602145195007'
            m01='0.9958370923995972' m11='-0.036035578697919846' m21='-0.08374778926372528' m31='-0.0016697999089956284'
            m02='-0.040506791323423386' m12='-0.9978083372116089' m22='-0.052317775785923004' m32='0.4553959369659424'
            m03='0.0' m13='0.0' m23='0.0' m33='1.0'/>
        <transform name='peon bip R Calf'
            m00='0.007359810173511505' m10='0.05497512221336365' m20='-0.9984635710716248' m30='-0.13930600881576538'
            m01='0.9841195344924927' m11='0.17670390009880066' m21='0.016978532075881958' m31='-0.009300179779529572'
            m02='0.17736484110355377' m12='-0.9827275276184082' m22='-0.0528012290596962' m32='0.24411393702030182'
            m03='0.0' m13='0.0' m23='0.0' m33='1.0'/>
        <transform name='peon bip R Foot'
            m00='-4.895031452178955e-06' m10='-1.1175870895385742e-08' m20='1.0000029802322388' m30='-0.13244101405143738'
            m01='-1.0000019073486328' m11='2.0605511963367462e-08' m21='-9.12696123123169e-08' m31='0.012767001055181026'
            m02='7.182825356721878e-08' m12='-0.9999999403953552' m22='-8.940696716308594e-08' m32='0.12138893455266953'
            m03='0.0' m13='0.0' m23='0.0' m33='1.0'/>
        <transform name='peon bip R Toe0'
            m00='-1.5842581433389569e-06' m10='1.3411076906777453e-06' m20='1.0000029802322388' m30='-0.1324400156736374'
            m01='-2.0576425896479122e-08' m11='-1.0000019073486328' m21='6.144863164081471e-06' m31='-0.10643500089645386'
            m02='0.9999999403953552' m12='1.5948238285545813e-08' m22='1.5060217037898838e-06' m32='0.0032699033617973328'
            m03='0.0' m13='0.0' m23='0.0' m33='1.0'/>
        <transform name='peon bip Spine1'
            m00='-0.003522790502756834' m10='2.8421910007805917e-13' m20='0.9999938011169434' m30='-0.00333921005949378'
            m01='0.9999935030937195' m11='-0.0007963174721226096' m21='0.003522789105772972' m31='0.023510100319981575'
            m02='0.0007963128155097365' m12='0.999999463558197' m22='2.8052602374373237e-06' m32='0.7981679439544678'
            m03='0.0' m13='0.0' m23='0.0' m33='1.0'/>
        <transform name='peon bip Spine2'
            m00='-1.5729805454611778e-05' m10='2.396991476416588e-07' m20='1.0' m30='-0.00333921005949378'
            m01='0.9846693277359009' m11='-0.1744319498538971' m21='1.5529803931713104e-05' m31='0.02351370081305504'
            m02='0.1744319051504135' m12='0.984669029712677' m22='2.507612862245878e-06' m32='0.964384913444519'
            m03='0.0' m13='0.0' m23='0.0' m33='1.0'/>
        <transform name='peon bip Neck'
            m00='-1.9464059732854366e-06' m10='8.824272299534641e-07' m20='1.0' m30='-0.0033391700126230717'
            m01='0.7655326724052429' m11='-0.6433971524238586' m21='2.057124220300466e-06' m31='-0.00666310079395771'
            m02='0.6433969736099243' m12='0.7655324935913086' m22='5.766428330389317e-07' m32='1.1351200342178345'
            m03='0.0' m13='0.0' m23='0.0' m33='1.0'/>
        <transform name='peon bip R Clavicle'
            m00='1.3448304798657773e-06' m10='-1.0' m20='-2.2425808765547117e-08' m30='-0.010923000052571297'
            m01='-1.0' m11='-1.3441663213598076e-06' m21='-1.4901284828283679e-07' m31='-0.006723174825310707'
            m02='1.7881352221138513e-07' m12='2.256729203509167e-08' m22='-0.9999998807907104' m32='1.1350699663162231'
            m03='0.0' m13='0.0' m23='0.0' m33='1.0'/>
        <transform name='peon bip R UpperArm'
            m00='-0.0001928631536429748' m10='-0.9988650679588318' m20='0.04762769490480423' m30='-0.06731560081243515'
            m01='-1.0' m11='0.00019235536456108093' m21='-1.5258788153005298e-05' m31='-0.006723253056406975'
            m02='6.109828518674476e-06' m12='-0.04762769117951393' m22='-0.998865008354187' m32='1.1350699663162231'
            m03='0.0' m13='0.0' m23='0.0' m33='1.0'/>
        <transform name='peon bip R Forearm'
            m00='0.04070979356765747' m10='-0.9983291625976562' m20='0.04100304841995239' m30='-0.2733680009841919'
            m01='-0.9991698861122131' m11='-0.0406121090054512' m21='0.003213015152141452' m31='-0.006683573126792908'
            m02='-0.0015423973090946674' m12='-0.04109979420900345' m22='-0.999153733253479' m32='1.125249981880188'
            m03='0.0' m13='0.0' m23='0.0' m33='1.0'/>
        <transform name='peon bip R Hand'
            m00='-0.03760126978158951' m10='-0.9991486668586731' m20='0.016965309157967567' m30='-0.4916810095310211'
            m01='-0.5947319269180298' m11='0.008732101880013943' m21='-0.8038767576217651' m31='-0.01556459255516529'
            m02='0.8030441999435425' m12='-0.04031658172607422' m22='-0.5945538878440857' m32='1.116260051727295'
            m03='0.0' m13='0.0' m23='0.0' m33='1.0'/>
        <transform name='peon bip Prop1'
            m00='-0.9999998211860657' m10='1.218169927597046e-06' m20='-9.592622518539429e-08' m30='-0.622189998626709'
            m01='-1.2209638953208923e-06' m11='-1.0' m21='-1.7881393432617188e-07' m31='-0.051127783954143524'
            m02='-9.406358003616333e-08' m12='-8.940696716308594e-08' m22='0.9999998807907104' m32='0.9002910256385803'
            m03='0.0' m13='0.0' m23='0.0' m33='1.0'/>
        <transform name='peon bip Head'
            m00='-2.87814145849552e-08' m10='-1.1368683772161603e-13' m20='-1.0' m30='-0.0033390799071639776'
            m01='-1.0000001192092896' m11='1.3411056443146663e-06' m21='2.9445800464600325e-08' m31='-0.0700455904006958'
            m02='1.3709055792787694e-06' m12='0.9999997615814209' m22='1.4205170373315923e-10' m32='1.2105400562286377'
            m03='0.0' m13='0.0' m23='0.0' m33='1.0'/>
        <transform name='peon bip Ponytail2'
            m00='-0.012957469560205936' m10='-0.9063073992729187' m20='0.4224205017089844' m30='-0.05032379925251007'
            m01='-0.9998965263366699' m11='0.014393303543329239' m21='0.000209813893889077' m31='-0.11838999390602112'
            m02='-0.006270150188356638' m12='-0.42237389087677' m22='-0.9063997864723206' m32='1.4776099920272827'
            m03='0.0' m13='0.0' m23='0.0' m33='1.0'/>
        <transform name='peon bip Ponytail1'
            m00='0.012959800660610199' m10='0.9063072800636292' m20='0.4224201738834381' m30='0.043645501136779785'
            m01='-0.9998964667320251' m11='0.01439578179270029' m21='-0.00020960548135917634' m31='-0.11838999390602112'
            m02='-0.006271006539463997' m12='-0.42237383127212524' m22='0.906399667263031' m32='1.4776099920272827'
            m03='0.0' m13='0.0' m23='0.0' m33='1.0'/>
        <transform name='peon bip L Clavicle'
            m00='1.344830593552615e-06' m10='1.0' m20='2.2424217149819015e-08' m30='0.004244630225002766'
            m01='-1.0' m11='1.3441663213598076e-06' m21='1.2326478813357022e-12' m31='-0.006723152007907629'
            m02='-4.1112200991656744e-13' m12='-2.2567235191672808e-08' m22='0.9999998211860657' m32='1.1350699663162231'
            m03='0.0' m13='0.0' m23='0.0' m33='1.0'/>
        <transform name='peon bip L UpperArm'
            m00='0.01293867640197277' m10='0.9990648627281189' m20='0.04125333949923515' m30='0.060637302696704865'
            m01='-0.999916136264801' m11='0.012907499447464943' m21='0.0010219999821856618' m31='-0.006723075173795223'
            m02='0.0004885668749921024' m12='-0.041263096034526825' m22='0.9991480112075806' m32='1.1350699663162231'
            m03='0.0' m13='0.0' m23='0.0' m33='1.0'/>
        <transform name='peon bip L Forearm'
            m00='-0.05270887166261673' m10='0.9981408715248108' m20='0.03060159832239151' m30='0.26673099398612976'
            m01='-0.9986066222190857' m11='-0.052605681121349335' m21='-0.0041681756265461445' m31='-0.00406043604016304'
            m02='-0.002550609176978469' m12='-0.03077865019440651' m22='0.9995228052139282' m32='1.1265599727630615'
            m03='0.0' m13='0.0' m23='0.0' m33='1.0'/>
        <transform name='peon bip L Hand'
            m00='0.0022228825837373734' m10='0.9989685416221619' m20='-0.04535360634326935' m30='0.4850020408630371'
            m01='0.6090756058692932' m11='0.03461802750825882' m21='0.7923561334609985' m31='-0.015564095228910446'
            m02='0.7931088209152222' m12='-0.029385091736912727' m22='-0.6083703637123108' m32='1.1198300123214722'
            m03='0.0' m13='0.0' m23='0.0' m33='1.0'/>
        <transform name='peon bip L Finger1'
            m00='0.000527874450199306' m10='0.9989685416221619' m20='-0.045404985547065735' m30='0.6693930625915527'
            m01='0.6382368206977844' m11='0.03461802378296852' m21='0.7690610885620117' m31='-0.009174304082989693'
            m02='0.7698396444320679' m12='-0.029385104775428772' m22='-0.6375601887702942' m32='1.1144100427627563'
            m03='0.0' m13='0.0' m23='0.0' m33='1.0'/>
        <transform name='peon bip L Finger11'
            m00='0.7386541962623596' m10='0.668262243270874' m20='-0.08840648829936981' m30='0.7448090314865112'
            m01='0.6680386066436768' m11='-0.743232011795044' m21='-0.03647226095199585' m31='-0.006560835056006908'
            m02='-0.0900794267654419' m12='-0.03211861848831177' m22='-0.9954162836074829' m32='1.1121900081634521'
            m03='0.0' m13='0.0' m23='0.0' m33='1.0'/>
        <transform name='peon bip L Finger01'
            m00='0.7362751364707947' m10='0.5363571047782898' m20='-0.4125772714614868' m30='0.5940989851951599'
            m01='-0.035292088985443115' m11='-0.5784389972686768' m21='-0.8149615526199341' m31='-0.044777706265449524'
            m02='-0.6757612228393555' m12='0.614596426486969' m22='-0.4069611132144928' m32='1.344290018081665'
            m03='0.0' m13='0.0' m23='0.0' m33='1.0'/>
    </init_pose>
</skeleton>
