<?xml version="1.0" encoding="UTF-8" standalone="yes"?>

<!DOCTYPE animation [
	<!ELEMENT animation  (frame+)>
	<!ELEMENT frame      (transform+)>
	<!ELEMENT transform   EMPTY>
	<!ATTLIST frame index CDATA #REQUIRED>
	<!ATTLIST transform name CDATA #REQUIRED>
	<!ATTLIST transform m00 CDATA #REQUIRED>
	<!ATTLIST transform m01 CDATA #REQUIRED>
	<!ATTLIST transform m02 CDATA #REQUIRED>
	<!ATTLIST transform m03 CDATA #REQUIRED>
	<!ATTLIST transform m10 CDATA #REQUIRED>
	<!ATTLIST transform m11 CDATA #REQUIRED>
	<!ATTLIST transform m12 CDATA #REQUIRED>
	<!ATTLIST transform m13 CDATA #REQUIRED>
	<!ATTLIST transform m20 CDATA #REQUIRED>
	<!ATTLIST transform m21 CDATA #REQUIRED>
	<!ATTLIST transform m22 CDATA #REQUIRED>
	<!ATTLIST transform m23 CDATA #REQUIRED>
	<!ATTLIST transform m30 CDATA #REQUIRED>
	<!ATTLIST transform m31 CDATA #REQUIRED>
	<!ATTLIST transform m32 CDATA #REQUIRED>
	<!ATTLIST transform m33 CDATA #REQUIRED>
]>

<animation>
	<frame index="0">
		<transform name="Head" m00="0.0644843" m01="0.0723271" m02="0.995294" m03="0" m10="0.996881" m11="-0.0501488" m12="-0.0609428" m13="0" m20="0.0455049" m21="0.996119" m22="-0.0753354" m23="0" m30="-0.0730219" m31="-0.120626" m32="1.34347" m33="1"/>
		<transform name="L Calf" m00="-0.675148" m01="0.0421137" m02="-0.736479" m03="0" m10="0.736891" m11="0.0847379" m12="-0.67068" m13="0" m20="0.034163" m21="-0.995513" m22="-0.0882439" m23="0" m30="0.166481" m31="0.183391" m32="0.364662" m33="1"/>
		<transform name="L Clavicle" m00="0.710011" m01="0.576361" m02="0.404589" m03="0" m10="-0.554341" m11="0.811781" m12="-0.183622" m13="0" m20="-0.434271" m21="-0.0939063" m22="0.895874" m23="0" m30="-0.0278111" m31="-0.0312146" m32="1.18478" m33="1"/>
		<transform name="L Finger0" m00="-0.449824" m01="-0.793007" m02="0.41085" m03="0" m10="-0.610286" m11="-0.0629462" m12="-0.789676" m13="0" m20="0.65208" m21="-0.605951" m22="-0.455647" m23="0" m30="0.515419" m31="-1.81091e-06" m32="0.917337" m33="1"/>
		<transform name="L Finger01" m00="-0.744552" m01="-0.625142" m02="-0.234178" m03="0" m10="-0.142943" m11="0.491956" m12="-0.858805" m13="0" m20="0.65208" m21="-0.605951" m22="-0.455647" m23="0" m30="0.454781" m31="-0.106902" m32="0.972721" m33="1"/>
		<transform name="L Finger1" m00="0.329383" m01="-0.845506" m02="-0.420271" m03="0" m10="-0.926105" m11="-0.20259" m12="-0.318254" m13="0" m20="0.183942" m21="0.494042" m22="-0.849757" m23="0" m30="0.657101" m31="0.0169151" m32="0.738866" m33="1"/>
		<transform name="L Finger11" m00="-0.645498" m01="-0.591254" m02="-0.483478" m03="0" m10="-0.74128" m11="0.63745" m12="0.210147" m13="0" m20="0.183942" m21="0.494042" m22="-0.849757" m23="0" m30="0.69249" m31="-0.0739252" m32="0.693712" m33="1"/>
		<transform name="L Foot" m00="-0.0133998" m01="-0.00766847" m02="-0.999881" m03="0" m10="0.995255" m11="0.0962717" m12="-0.0140761" m13="0" m20="0.0963682" m21="-0.995325" m22="0.00634205" m23="0" m30="0.00404144" m31="0.193523" m32="0.187467" m33="1"/>
		<transform name="L Forearm" m00="0.581522" m01="-0.242383" m02="-0.776584" m03="0" m10="0.338965" m11="0.939967" m12="-0.0395539" m13="0" m20="0.739551" m21="-0.240234" m22="0.628771" m23="0" m30="0.339678" m31="0.232265" m32="1.05554" m33="1"/>
		<transform name="L Hand" m00="0.656652" m01="-0.57368" m02="-0.48959" m03="0" m10="-0.741912" m11="-0.374677" m12="-0.556043" m13="0" m20="0.135553" m21="0.72836" m22="-0.671653" m23="0" m30="0.475318" m31="0.175729" m32="0.874401" m33="1"/>
		<transform name="L Thigh" m00="0.269899" m01="0.0942046" m02="-0.958269" m03="0" m10="0.962282" m11="0.00892031" m12="0.271906" m13="0" m20="0.034163" m21="-0.995513" m22="-0.0882439" m23="0" m30="0.0861402" m31="0.155349" m32="0.649909" m33="1"/>
		<transform name="L Toe0" m00="0.995159" m01="0.0964718" m02="0.0187677" m03="0" m10="-0.017612" m11="-0.0128175" m12="0.999763" m13="0" m20="0.0966895" m21="-0.995253" m22="-0.0110564" m23="0" m30="0.151521" m31="0.206596" m32="-0.00187521" m33="1"/>
		<transform name="L UpperArm" m00="0.661079" m01="0.435001" m02="-0.61135" m03="0" m10="-0.12665" m11="0.867791" m12="0.480519" m13="0" m20="0.739551" m21="-0.240234" m22="0.628771" m23="0" m30="0.1131" m31="0.0831718" m32="1.26507" m33="1"/>
		<transform name="Neck" m00="-0.167759" m01="-0.419562" m02="0.89209" m03="0" m10="0.683914" m11="-0.701269" m12="-0.201205" m13="0" m20="0.710013" m21="0.576359" m22="0.404588" m23="0" m30="-0.0417069" m31="-0.0423078" m32="1.17695" m33="1"/>
		<transform name="Pelvis" m00="-0.0403318" m01="-0.0903343" m02="0.995095" m03="0" m10="0.874896" m11="-0.484236" m12="-0.00849864" m13="0" m20="0.482628" m21="0.870262" m22="0.0985633" m23="0" m30="0.00667619" m31="0.0120622" m32="0.633681" m33="1"/>
		<transform name="Ponytail1" m00="-0.147707" m01="0.0368998" m02="0.988343" m03="0" m10="0.0403014" m11="0.998698" m12="-0.0312635" m13="0" m20="-0.98821" m21="0.0352137" m22="-0.149002" m23="0" m30="0.182008" m31="-0.0929592" m32="1.86858" m33="1"/>
		<transform name="Prop1" m00="0.504091" m01="0.748382" m02="0.431064" m03="0" m10="0.177183" m11="-0.578117" m12="0.796484" m13="0" m20="0.84528" m21="-0.325123" m22="-0.424024" m23="0" m30="-1.17019" m31="-0.229876" m32="1.87233" m33="1"/>
		<transform name="Prop3" m00="0.483285" m01="0.799422" m02="0.356876" m03="0" m10="0.216801" m11="-0.504231" m12="0.835912" m13="0" m20="0.848194" m21="-0.326613" m22="-0.417003" m23="0" m30="-1.17019" m31="-0.229876" m32="1.87233" m33="1"/>
		<transform name="R Calf" m00="-0.630375" m01="0.240173" m02="-0.738204" m03="0" m10="0.612596" m11="-0.430184" m12="-0.663074" m13="0" m20="-0.476816" m21="-0.870206" m22="0.124048" m23="0" m30="0.0504685" m31="-0.234471" m32="0.366944" m33="1"/>
		<transform name="R Clavicle" m00="-0.799766" m01="-0.417417" m02="-0.431437" m03="0" m10="-0.414468" m11="0.90385" m12="-0.106169" m13="0" m20="0.434271" m21="0.0939063" m22="-0.895874" m23="0" m30="-0.0553993" m31="-0.0536097" m32="1.16906" m33="1"/>
		<transform name="R Foot" m00="-0.000653605" m01="0.00408791" m02="-0.999991" m03="0" m10="0.876914" m11="-0.48064" m12="-0.00253799" m13="0" m20="-0.480646" m21="-0.876908" m22="-0.00327059" m23="0" m30="-0.101198" m31="-0.176686" m32="0.189334" m33="1"/>
		<transform name="R Forearm" m00="0.271167" m01="-0.39129" m02="0.879409" m03="0" m10="-0.74113" m11="-0.667844" m12="-0.0686263" m13="0" m20="0.614161" m21="-0.633147" m22="-0.471094" m23="0" m30="-0.45796" m31="-0.377246" m32="1.08917" m33="1"/>
		<transform name="R Hand" m00="0.206183" m01="-0.589683" m02="0.780873" m03="0" m10="0.518899" m11="0.742462" m12="0.423666" m13="0" m20="-0.829598" m21="0.317842" m22="0.459069" m23="0" m30="-0.387003" m31="-0.479636" m32="1.31929" m33="1"/>
		<transform name="R Thigh" m00="0.414071" m01="-0.34685" m02="-0.84157" m03="0" m10="0.775365" m11="-0.349909" m12="0.525711" m13="0" m20="-0.476816" m21="-0.870206" m22="0.124048" m23="0" m30="-0.0727877" m31="-0.131225" m32="0.617453" m33="1"/>
		<transform name="R Toe0" m00="0.876914" m01="-0.48064" m02="-0.00253799" m03="0" m10="0.000653605" m11="-0.00408791" m12="0.999991" m13="0" m20="-0.480646" m21="-0.876908" m22="-0.00327059" m23="0" m30="0.0308338" m31="-0.248355" m32="0.00170983" m33="1"/>
		<transform name="R UpperArm" m00="-0.711432" m01="-0.702555" m02="0.0167409" m03="0" m10="-0.341569" m11="0.32487" m12="-0.881924" m13="0" m20="0.614161" m21="-0.633147" m22="-0.471094" m23="0" m30="-0.214123" m31="-0.136452" m32="1.08343" m33="1"/>
		<transform name="Spine" m00="0.47764" m01="-0.218594" m02="0.850927" m03="0" m10="0.68802" m11="-0.509238" m12="-0.517015" m13="0" m20="0.546341" m21="0.832402" m22="-0.0928351" m23="0" m30="-0.0496253" m31="0.0246142" m32="0.798723" m33="1"/>
		<transform name="Spine1" m00="0.0346127" m01="-0.174829" m02="0.98399" m03="0" m10="0.710812" m11="-0.687805" m12="-0.147208" m13="0" m20="0.702529" m21="0.704528" m22="0.100464" m23="0" m30="0.0155234" m31="-0.00516204" m32="0.914941" m33="1"/>
		<transform name="Spine2" m00="-0.433829" m01="-0.0945527" m02="0.89602" m03="0" m10="0.554684" m11="-0.811708" m12="0.182908" m13="0" m20="0.710012" m21="0.576359" m22="0.404589" m23="0" m30="0.0201872" m31="-0.0289445" m32="1.04929" m33="1"/>
		<transform name="Tail" m00="0.0410284" m01="0.0899471" m02="-0.995101" m03="0" m10="0.874865" m11="-0.484306" m12="-0.00770544" m13="0" m20="-0.482627" m21="-0.870263" m22="-0.0985619" m23="0" m30="0.0771096" m31="-0.0235591" m32="0.60331" m33="1"/>
	</frame>
	<frame index="1">
		<transform name="Head" m00="0.00301966" m01="0.0766858" m02="0.997051" m03="0" m10="0.999" m11="-0.0447032" m12="0.000412681" m13="0" m20="0.044603" m21="0.996053" m22="-0.0767441" m23="0" m30="-0.104168" m31="-0.127158" m32="1.34349" m33="1"/>
		<transform name="L Calf" m00="-0.637596" m01="0.0569455" m02="-0.768264" m03="0" m10="0.769737" m11="0.087543" m12="-0.63233" m13="0" m20="0.0312478" m21="-0.994532" m22="-0.0996501" m23="0" m30="0.157572" m31="0.179826" m32="0.372209" m33="1"/>
		<transform name="L Clavicle" m00="0.709991" m01="0.576403" m02="0.404563" m03="0" m10="-0.5543" m11="0.811769" m12="-0.183798" m13="0" m20="-0.434354" m21="-0.0937542" m22="0.89585" m23="0" m30="-0.0589399" m31="-0.0377722" m32="1.18479" m33="1"/>
		<transform name="L Finger0" m00="-0.44974" m01="-0.793054" m02="0.410852" m03="0" m10="-0.61042" m11="-0.0628837" m12="-0.789578" m13="0" m20="0.652014" m21="-0.605897" m22="-0.455815" m23="0" m30="0.484229" m31="-0.0065106" m32="0.917264" m33="1"/>
		<transform name="L Finger01" m00="-0.744581" m01="-0.625134" m02="-0.23411" m03="0" m10="-0.143098" m11="0.492034" m12="-0.858735" m13="0" m20="0.652014" m21="-0.605897" m22="-0.455815" m23="0" m30="0.423602" m31="-0.113417" m32="0.972649" m33="1"/>
		<transform name="L Finger1" m00="0.329327" m01="-0.84546" m02="-0.420406" m03="0" m10="-0.926156" m11="-0.202578" m12="-0.318114" m13="0" m20="0.183788" m21="0.494125" m22="-0.849743" m23="0" m30="0.625881" m31="0.0104256" m32="0.73877" m33="1"/>
		<transform name="L Finger11" m00="-0.64557" m01="-0.59122" m02="-0.483423" m03="0" m10="-0.741256" m11="0.637416" m12="0.210334" m13="0" m20="0.183788" m21="0.494125" m22="-0.849743" m23="0" m30="0.661263" m31="-0.0804098" m32="0.693602" m33="1"/>
		<transform name="L Foot" m00="-0.0140861" m01="-0.00762033" m02="-0.999872" m03="0" m10="0.995237" m11="0.096358" m12="-0.0147552" m13="0" m20="0.0964581" m21="-0.995318" m22="0.00622671" m23="0" m30="0.00416739" m31="0.193527" m32="0.187367" m33="1"/>
		<transform name="L Forearm" m00="0.581395" m01="-0.242299" m02="-0.776705" m03="0" m10="0.33894" m11="0.939977" m12="-0.0395225" m13="0" m20="0.739662" m21="-0.240279" m22="0.628623" m23="0" m30="0.308508" m31="0.225739" m32="1.05552" m33="1"/>
		<transform name="L Hand" m00="0.656579" m01="-0.573622" m02="-0.489756" m03="0" m10="-0.742" m11="-0.374639" m12="-0.555952" m13="0" m20="0.135425" m21="0.728425" m22="-0.671608" m23="0" m30="0.444118" m31="0.169223" m32="0.874351" m33="1"/>
		<transform name="L Thigh" m00="0.344618" m01="0.104305" m02="-0.93293" m03="0" m10="0.938223" m11="-0.00518922" m12="0.345993" m13="0" m20="0.0312478" m21="-0.994532" m22="-0.0996501" m23="0" m30="0.0549895" m31="0.148777" m32="0.649914" m33="1"/>
		<transform name="L Toe0" m00="0.995159" m01="0.0964825" m02="0.0186821" m03="0" m10="-0.0175253" m11="-0.0128238" m12="0.999764" m13="0" m20="0.0966994" m21="-0.995252" m22="-0.0110709" m23="0" m30="0.151516" m31="0.206621" m32="-0.00207591" m33="1"/>
		<transform name="L UpperArm" m00="0.660967" m01="0.435072" m02="-0.611421" m03="0" m10="-0.126585" m11="0.867743" m12="0.480622" m13="0" m20="0.739662" m21="-0.240279" m22="0.628623" m23="0" m30="0.0819671" m31="0.0766225" m32="1.26508" m33="1"/>
		<transform name="Neck" m00="-0.167851" m01="-0.419418" m02="0.89214" m03="0" m10="0.683912" m11="-0.70132" m12="-0.201034" m13="0" m20="0.709993" m21="0.576401" m22="0.404563" m23="0" m30="-0.0728352" m31="-0.0488663" m32="1.17696" m33="1"/>
		<transform name="Pelvis" m00="-0.0401616" m01="-0.0904285" m02="0.995093" m03="0" m10="0.874904" m11="-0.484218" m12="-0.00869226" m13="0" m20="0.482628" m21="0.870262" m22="0.0985633" m23="0" m30="-0.0244745" m31="0.00549046" m32="0.633686" m33="1"/>
		<transform name="Ponytail1" m00="-0.208152" m01="0.0400206" m02="0.977278" m03="0" m10="0.0366964" m11="0.998779" m12="-0.0330851" m13="0" m20="-0.977408" m21="0.0289759" m22="-0.209366" m23="0" m30="0.118073" m31="-0.0959298" m32="1.8831" m33="1"/>
		<transform name="Prop1" m00="0.514083" m01="0.737182" m02="0.438498" m03="0" m10="0.168079" m11="-0.587892" m12="0.791285" m13="0" m20="0.841111" m21="-0.333084" m22="-0.42613" m23="0" m30="-1.20257" m31="-0.234826" m32="1.87852" m33="1"/>
		<transform name="Prop3" m00="0.494086" m01="0.789193" m02="0.364763" m03="0" m10="0.208688" m11="-0.51494" m12="0.831436" m13="0" m20="0.843995" m21="-0.33468" m22="-0.41912" m23="0" m30="-1.20257" m31="-0.234826" m32="1.87852" m33="1"/>
		<transform name="R Calf" m00="-0.587509" m01="0.249203" m02="-0.76989" m03="0" m10="0.656574" m11="-0.409329" m12="-0.63353" m13="0" m20="-0.473016" m21="-0.877694" m22="0.076864" m23="0" m30="0.0390309" m31="-0.236031" m32="0.375556" m33="1"/>
		<transform name="R Clavicle" m00="-0.799739" m01="-0.417461" m02="-0.431444" m03="0" m10="-0.414432" m11="0.903845" m12="-0.106347" m13="0" m20="0.434354" m21="0.0937543" m22="-0.89585" m23="0" m30="-0.0865273" m31="-0.0601689" m32="1.16907" m33="1"/>
		<transform name="R Foot" m00="0.00533817" m01="0.000803816" m02="-0.999985" m03="0" m10="0.876898" m11="-0.480656" m12="0.00429474" m13="0" m20="-0.480646" m21="-0.876909" m22="-0.00327069" m23="0" m30="-0.102323" m31="-0.176073" m32="0.190322" m33="1"/>
		<transform name="R Forearm" m00="0.253556" m01="-0.406806" m02="0.877621" m03="0" m10="-0.751002" m11="-0.654615" m12="-0.0864614" m13="0" m20="0.609677" m21="-0.637172" m22="-0.471494" m23="0" m30="-0.488683" m31="-0.384039" m32="1.09437" m33="1"/>
		<transform name="R Hand" m00="0.196931" m01="-0.599722" m02="0.775598" m03="0" m10="0.528815" m11="0.731123" m12="0.431061" m13="0" m20="-0.825574" m21="0.325259" m22="0.461123" m23="0" m30="-0.422334" m31="-0.49049" m32="1.32402" m33="1"/>
		<transform name="R Thigh" m00="0.480296" m01="-0.330014" m02="-0.812654" m03="0" m10="0.738628" m11="-0.347481" m12="0.577656" m13="0" m20="-0.473016" m21="-0.877694" m22="0.076864" m23="0" m30="-0.103938" m31="-0.137796" m32="0.617458" m33="1"/>
		<transform name="R Toe0" m00="0.876906" m01="-0.480655" m02="0.00276068" m03="0" m10="-0.00399294" m11="-0.00154118" m12="0.999991" m13="0" m20="-0.480646" m21="-0.876909" m22="-0.00327069" m23="0" m30="0.0308291" m31="-0.24836" m32="0.00372889" m33="1"/>
		<transform name="R UpperArm" m00="-0.710265" m01="-0.703212" m02="0.031888" m03="0" m10="-0.351878" m11="0.315444" m12="-0.881293" m13="0" m20="0.609677" m21="-0.637172" m22="-0.471494" m23="0" m30="-0.245246" m31="-0.143019" m32="1.08344" m33="1"/>
		<transform name="Spine" m00="0.477703" m01="-0.2186" m02="0.85089" m03="0" m10="0.688002" m11="-0.509203" m12="-0.517074" m13="0" m20="0.546308" m21="0.832422" m22="-0.0928511" m23="0" m30="-0.0807483" m31="0.0180259" m32="0.798738" m33="1"/>
		<transform name="Spine1" m00="0.0345967" m01="-0.174765" m02="0.984002" m03="0" m10="0.71083" m11="-0.687799" m12="-0.147149" m13="0" m20="0.702513" m21="0.704549" m22="0.100432" m23="0" m30="-0.0155909" m31="-0.011751" m32="0.914951" m33="1"/>
		<transform name="Spine2" m00="-0.433913" m01="-0.0944006" m02="0.895996" m03="0" m10="0.554644" m11="-0.811696" m12="0.183084" m13="0" m20="0.709993" m21="0.576401" m22="0.404564" m23="0" m30="-0.0109293" m31="-0.0355246" m32="1.0493" m33="1"/>
		<transform name="Tail" m00="0.0408581" m01="0.0900414" m02="-0.9951" m03="0" m10="0.874873" m11="-0.484289" m12="-0.00789907" m13="0" m20="-0.482627" m21="-0.870263" m22="-0.0985619" m23="0" m30="0.0459545" m31="-0.0301266" m32="0.603299" m33="1"/>
	</frame>
	<frame index="2">
		<transform name="Head" m00="-0.067555" m01="0.0823648" m02="0.99431" m03="0" m10="0.996791" m11="-0.0373147" m12="0.0708146" m13="0" m20="0.042935" m21="0.995903" m22="-0.0795797" m23="0" m30="-0.135662" m31="-0.133688" m32="1.34359" m33="1"/>
		<transform name="L Calf" m00="-0.588424" m01="0.0744374" m02="-0.805119" m03="0" m10="0.808109" m11="0.0871264" m12="-0.582554" m13="0" m20="0.0267834" m21="-0.993412" m22="-0.111421" m23="0" m30="0.146082" m31="0.175627" m32="0.380805" m33="1"/>
		<transform name="L Clavicle" m00="0.709934" m01="0.576523" m02="0.404494" m03="0" m10="-0.554183" m11="0.811734" m12="-0.184304" m13="0" m20="-0.434597" m21="-0.09332" m22="0.895777" m23="0" m30="-0.0903847" m31="-0.0443767" m32="1.18486" m33="1"/>
		<transform name="L Finger0" m00="-0.449504" m01="-0.793182" m02="0.410864" m03="0" m10="-0.6108" m11="-0.0627069" m12="-0.789298" m13="0" m20="0.65182" m21="-0.605748" m22="-0.456289" m23="0" m30="0.452615" m31="-0.0129748" m32="0.917114" m33="1"/>
		<transform name="L Finger01" m00="-0.744666" m01="-0.625105" m02="-0.233915" m03="0" m10="-0.143535" m11="0.492253" m12="-0.858536" m13="0" m20="0.65182" m21="-0.605748" m22="-0.456289" m23="0" m30="0.39202" m31="-0.119899" m32="0.972501" m33="1"/>
		<transform name="L Finger1" m00="0.32916" m01="-0.845335" m02="-0.420788" m03="0" m10="-0.926303" m11="-0.202539" m12="-0.31771" m13="0" m20="0.183346" m21="0.494355" m22="-0.849705" m23="0" m30="0.594178" m31="0.00401511" m32="0.738556" m33="1"/>
		<transform name="L Finger11" m00="-0.645784" m01="-0.591123" m02="-0.483258" m03="0" m10="-0.74118" m11="0.637329" m12="0.210867" m13="0" m20="0.183346" m21="0.494355" m22="-0.849705" m23="0" m30="0.629543" m31="-0.0868069" m32="0.693347" m33="1"/>
		<transform name="L Foot" m00="-0.0159489" m01="-0.0074899" m02="-0.999845" m03="0" m10="0.995186" m11="0.0965922" m12="-0.0165981" m13="0" m20="0.0967015" m21="-0.995296" m22="0.0059133" m23="0" m30="0.00450866" m31="0.193536" m32="0.187095" m33="1"/>
		<transform name="L Forearm" m00="0.581046" m01="-0.242054" m02="-0.777043" m03="0" m10="0.338866" m11="0.940008" m12="-0.0394264" m13="0" m20="0.73997" m21="-0.240405" m22="0.628211" m23="0" m30="0.276945" m31="0.219227" m32="1.05551" m33="1"/>
		<transform name="L Hand" m00="0.656369" m01="-0.573461" m02="-0.490227" m03="0" m10="-0.742253" m11="-0.374532" m12="-0.555686" m13="0" m20="0.135059" m21="0.728607" m22="-0.671484" m23="0" m30="0.412473" m31="0.162768" m32="0.874267" m33="1"/>
		<transform name="L Thigh" m00="0.411852" m01="0.112527" m02="-0.904276" m03="0" m10="0.910857" m11="-0.0216694" m12="0.412153" m13="0" m20="0.0267834" m21="-0.993412" m22="-0.111421" m23="0" m30="0.0234865" m31="0.142131" m32="0.64998" m33="1"/>
		<transform name="L Toe0" m00="0.99516" m01="0.0964976" m02="0.0185615" m03="0" m10="-0.0174031" m11="-0.0128328" m12="0.999766" m13="0" m20="0.0967132" m21="-0.99525" m22="-0.0110913" m23="0" m30="0.151501" m31="0.206691" m32="-0.0026204" m33="1"/>
		<transform name="L UpperArm" m00="0.660655" m01="0.435272" m02="-0.611615" m03="0" m10="-0.126407" m11="0.867608" m12="0.480913" m13="0" m20="0.73997" m21="-0.240405" m22="0.628211" m23="0" m30="0.0505109" m31="0.0700417" m32="1.26514" m33="1"/>
		<transform name="Neck" m00="-0.168121" m01="-0.419008" m02="0.892282" m03="0" m10="0.683905" m11="-0.701467" m12="-0.200544" m13="0" m20="0.709936" m21="0.576521" m22="0.404493" m23="0" m30="-0.104279" m31="-0.0554731" m32="1.17703" m33="1"/>
		<transform name="Pelvis" m00="-0.0396867" m01="-0.0906913" m02="0.995088" m03="0" m10="0.874926" m11="-0.484169" m12="-0.00923238" m13="0" m20="0.482628" m21="0.870262" m22="0.0985633" m23="0" m30="-0.0559775" m31="-0.00115595" m32="0.633752" m33="1"/>
		<transform name="Ponytail1" m00="-0.276555" m01="0.044028" m02="0.959989" m03="0" m10="0.0319626" m11="0.998819" m12="-0.0366011" m13="0" m20="-0.960467" m21="0.0205615" m22="-0.277635" m23="0" m30="0.0479046" m31="-0.0977555" m32="1.89727" m33="1"/>
		<transform name="Prop1" m00="0.524201" m01="0.725437" m02="0.446043" m03="0" m10="0.158808" m11="-0.597859" m12="0.785713" m13="0" m20="0.836656" m21="-0.341036" m22="-0.428604" m23="0" m30="-1.23511" m31="-0.239937" m32="1.8852" m33="1"/>
		<transform name="Prop3" m00="0.505028" m01="0.77844" m02="0.372797" m03="0" m10="0.200423" m11="-0.52589" m12="0.826602" m13="0" m20="0.83951" m21="-0.34274" m22="-0.421607" m23="0" m30="-1.23511" m31="-0.239937" m32="1.8852" m33="1"/>
		<transform name="R Calf" m00="-0.536981" m01="0.255519" m02="-0.803966" m03="0" m10="0.703778" m11="-0.389778" m12="-0.593944" m13="0" m20="-0.465132" m21="-0.88475" m22="0.0294746" m23="0" m30="0.0255983" m31="-0.236856" m32="0.384859" m33="1"/>
		<transform name="R Clavicle" m00="-0.799661" m01="-0.417585" m02="-0.431468" m03="0" m10="-0.414328" m11="0.903833" m12="-0.106857" m13="0" m20="0.434597" m21="0.0933201" m22="-0.895777" m23="0" m30="-0.11797" m31="-0.0667781" m32="1.16914" m33="1"/>
		<transform name="R Foot" m00="0.0120993" m01="-0.00290228" m02="-0.999923" m03="0" m10="0.876831" m11="-0.480648" m12="0.012005" m13="0" m20="-0.480646" m21="-0.876909" m22="-0.00327072" m23="0" m30="-0.103598" m31="-0.175378" m32="0.191427" m33="1"/>
		<transform name="R Forearm" m00="0.235142" m01="-0.422573" m02="0.875295" m03="0" m10="-0.76078" m11="-0.640487" m12="-0.104835" m13="0" m20="0.604915" m21="-0.641255" m22="-0.47209" m23="0" m30="-0.519606" m31="-0.390873" m32="1.09989" m33="1"/>
		<transform name="R Hand" m00="0.187503" m01="-0.609951" m02="0.769937" m03="0" m10="0.538852" m11="0.719238" m12="0.43856" m13="0" m20="-0.821268" m21="0.33265" m22="0.463533" m23="0" m30="-0.458076" m31="-0.501449" m32="1.32893" m33="1"/>
		<transform name="R Thigh" m00="0.541003" m01="-0.310456" m02="-0.781622" m03="0" m10="0.700691" m11="-0.347612" m12="0.623055" m13="0" m20="-0.465132" m21="-0.88475" m22="0.0294746" m23="0" m30="-0.135441" m31="-0.144443" m32="0.617524" m33="1"/>
		<transform name="R Toe0" m00="0.876888" m01="-0.480657" m02="0.0060192" m03="0" m10="-0.00685038" m11="2.50394e-05" m12="0.999977" m13="0" m20="-0.480646" m21="-0.876909" m22="-0.00327072" m23="0" m30="0.0308092" m31="-0.248357" m32="0.00600724" m33="1"/>
		<transform name="R UpperArm" m00="-0.708795" m01="-0.703795" m02="0.0477703" m03="0" m10="-0.362888" m11="0.305718" m12="-0.880255" m13="0" m20="0.604915" m21="-0.641255" m22="-0.47209" m23="0" m30="-0.276673" m31="-0.149653" m32="1.08351" m33="1"/>
		<transform name="Spine" m00="0.477877" m01="-0.218611" m02="0.850789" m03="0" m10="0.687955" m11="-0.509107" m12="-0.517231" m13="0" m20="0.546215" m21="0.832478" m22="-0.092896" m23="0" m30="-0.112174" m31="0.0113333" m32="0.798834" m33="1"/>
		<transform name="Spine1" m00="0.0345442" m01="-0.174577" m02="0.984037" m03="0" m10="0.710879" m11="-0.687786" m12="-0.146975" m13="0" m20="0.702465" m21="0.704609" m22="0.100344" m23="0" m30="-0.0469928" m31="-0.0184453" m32="0.915033" m33="1"/>
		<transform name="Spine2" m00="-0.434155" m01="-0.0939664" m02="0.895924" m03="0" m10="0.554527" m11="-0.811661" m12="0.183589" m13="0" m20="0.709936" m21="0.576521" m22="0.404494" m23="0" m30="-0.0423384" m31="-0.0421933" m32="1.04939" m33="1"/>
		<transform name="Tail" m00="0.0403833" m01="0.0903042" m02="-0.995095" m03="0" m10="0.874895" m11="-0.48424" m12="-0.00843919" m13="0" m20="-0.482627" m21="-0.870263" m22="-0.0985619" m23="0" m30="0.014439" m31="-0.0367613" m32="0.603323" m33="1"/>
	</frame>
	<frame index="3">
		<transform name="Head" m00="-0.132894" m01="0.0864914" m02="0.987349" m03="0" m10="0.990248" m11="-0.0304303" m12="0.13595" m13="0" m20="0.0418038" m21="0.995788" m22="-0.081604" m23="0" m30="-0.166455" m31="-0.140001" m32="1.34391" m33="1"/>
		<transform name="L Calf" m00="-0.528604" m01="0.0936216" m02="-0.84369" m03="0" m10="0.848603" m11="0.0831396" m12="-0.522457" m13="0" m20="0.021231" m21="-0.99213" m22="-0.123395" m23="0" m30="0.132192" m31="0.171025" m32="0.389683" m33="1"/>
		<transform name="L Clavicle" m00="0.70984" m01="0.576711" m02="0.40439" m03="0" m10="-0.553998" m11="0.811679" m12="-0.185103" m13="0" m20="-0.434986" m21="-0.0926382" m22="0.895659" m23="0" m30="-0.1211" m31="-0.0508059" m32="1.18514" m33="1"/>
		<transform name="L Finger0" m00="-0.449144" m01="-0.793365" m02="0.410904" m03="0" m10="-0.611411" m11="-0.0624294" m12="-0.788847" m13="0" m20="0.651495" m21="-0.605537" m22="-0.457032" m23="0" m30="0.421642" m31="-0.0191779" m32="0.917054" m33="1"/>
		<transform name="L Finger01" m00="-0.744819" m01="-0.625043" m02="-0.233594" m03="0" m10="-0.144214" m11="0.492591" m12="-0.858228" m13="0" m20="0.651495" m21="-0.605537" m22="-0.457032" m23="0" m30="0.361096" m31="-0.126127" m32="0.972445" m33="1"/>
		<transform name="L Finger1" m00="0.328866" m01="-0.845152" m02="-0.421386" m03="0" m10="-0.926549" m11="-0.202467" m12="-0.317038" m13="0" m20="0.182629" m21="0.494698" m22="-0.849659" m23="0" m30="0.563062" m31="-0.00210801" m32="0.738389" m33="1"/>
		<transform name="L Finger11" m00="-0.646156" m01="-0.590958" m02="-0.482961" m03="0" m10="-0.741032" m11="0.637215" m12="0.211727" m13="0" m20="0.182629" m21="0.494698" m22="-0.849659" m23="0" m30="0.598396" m31="-0.0929103" m32="0.693116" m33="1"/>
		<transform name="L Foot" m00="-0.0186941" m01="-0.00729833" m02="-0.999799" m03="0" m10="0.995103" m11="0.0969375" m12="-0.0193139" m13="0" m20="0.097059" m21="-0.995264" m22="0.00545043" m23="0" m30="0.00501083" m31="0.19355" m32="0.186693" m33="1"/>
		<transform name="L Forearm" m00="0.580523" m01="-0.24165" m02="-0.777559" m03="0" m10="0.338737" m11="0.940062" m12="-0.0392527" m13="0" m20="0.740439" m21="-0.240601" m22="0.627584" m23="0" m30="0.246048" m31="0.212944" m32="1.05567" m33="1"/>
		<transform name="L Hand" m00="0.656018" m01="-0.573223" m02="-0.490974" m03="0" m10="-0.742669" m11="-0.374365" m12="-0.555242" m13="0" m20="0.134474" m21="0.72888" m22="-0.671305" m23="0" m30="0.381455" m31="0.156579" m32="0.874307" m33="1"/>
		<transform name="L Thigh" m00="0.468656" m01="0.118899" m02="-0.875343" m03="0" m10="0.883126" m11="-0.0392457" m12="0.467492" m13="0" m20="0.021231" m21="-0.99213" m22="-0.123395" m23="0" m30="-0.00731237" m31="0.135633" m32="0.650245" m33="1"/>
		<transform name="L Toe0" m00="0.99516" m01="0.0965016" m02="0.018528" m03="0" m10="-0.0173691" m11="-0.0128353" m12="0.999767" m13="0" m20="0.0967169" m21="-0.99525" m22="-0.011097" m23="0" m30="0.151476" m31="0.206793" m32="-0.00342299" m33="1"/>
		<transform name="L UpperArm" m00="0.66018" m01="0.435589" m02="-0.611902" m03="0" m10="-0.126144" m11="0.867395" m12="0.481367" m13="0" m20="0.740439" m21="-0.240601" m22="0.627584" m23="0" m30="0.019777" m31="0.0636498" m32="1.2654" m33="1"/>
		<transform name="Neck" m00="-0.168551" m01="-0.418364" m02="0.892503" m03="0" m10="0.683896" m11="-0.701697" m12="-0.199767" m13="0" m20="0.709842" m21="0.576709" m22="0.40439" m23="0" m30="-0.134993" m31="-0.0619059" m32="1.17731" m33="1"/>
		<transform name="Pelvis" m00="-0.0389609" m01="-0.0910929" m02="0.99508" m03="0" m10="0.874958" m11="-0.484094" m12="-0.0100578" m13="0" m20="0.482628" m21="0.870262" m22="0.0985633" m23="0" m30="-0.0867764" m31="-0.00765415" m32="0.634017" m33="1"/>
		<transform name="Ponytail1" m00="-0.33896" m01="0.0466231" m02="0.939645" m03="0" m10="0.0280285" m11="0.998828" m12="-0.0394489" m13="0" m20="-0.940383" m21="0.0129653" m22="-0.33987" m23="0" m30="-0.0196878" m31="-0.100315" m32="1.90821" m33="1"/>
		<transform name="Prop1" m00="0.534371" m01="0.713179" m02="0.453677" m03="0" m10="0.149331" m11="-0.60795" m12="0.779805" m13="0" m20="0.831954" m21="-0.348957" m22="-0.431371" m23="0" m30="-1.2668" m31="-0.244951" m32="1.89241" m33="1"/>
		<transform name="Prop3" m00="0.516043" m01="0.767188" m02="0.38095" m03="0" m10="0.19196" m11="-0.537011" m12="0.821444" m13="0" m20="0.834776" m21="-0.350773" m22="-0.42439" m23="0" m30="-1.2668" m31="-0.244951" m32="1.89241" m33="1"/>
		<transform name="R Calf" m00="-0.479934" m01="0.259067" m02="-0.838181" m03="0" m10="0.75096" m11="-0.372631" m12="-0.545166" m13="0" m20="-0.453567" m21="-0.891084" m22="-0.0157109" m23="0" m30="0.010506" m31="-0.236965" m32="0.394255" m33="1"/>
		<transform name="R Clavicle" m00="-0.799535" m01="-0.41778" m02="-0.431513" m03="0" m10="-0.414163" m11="0.903813" m12="-0.107661" m13="0" m20="0.434986" m21="0.0926382" m22="-0.895659" m23="0" m30="-0.148682" m31="-0.0732146" m32="1.16943" m33="1"/>
		<transform name="R Foot" m00="0.0192996" m01="-0.00684924" m02="-0.99979" m03="0" m10="0.876702" m11="-0.480608" m12="0.020216" m13="0" m20="-0.480646" m21="-0.876909" m22="-0.00327078" m23="0" m30="-0.104965" m31="-0.174634" m32="0.192591" m33="1"/>
		<transform name="R Forearm" m00="0.215907" m01="-0.438453" m02="0.872435" m03="0" m10="-0.770382" m11="-0.625471" m12="-0.123687" m13="0" m20="0.599914" m21="-0.645403" m22="-0.472819" m23="0" m30="-0.549678" m31="-0.397515" m32="1.10583" m33="1"/>
		<transform name="R Hand" m00="0.17786" m01="-0.620303" m02="0.76393" m03="0" m10="0.548937" m11="0.706842" m12="0.446143" m13="0" m20="-0.816722" m21="0.339999" m22="0.466226" m23="0" m30="-0.493181" m31="-0.512247" m32="1.33412" m33="1"/>
		<transform name="R Thigh" m00="0.593768" m01="-0.288991" m02="-0.750948" m03="0" m10="0.664618" m11="-0.349934" m12="0.660174" m13="0" m20="-0.453567" m21="-0.891084" m22="-0.0157109" m23="0" m30="-0.16624" m31="-0.150941" m32="0.617789" m33="1"/>
		<transform name="R Toe0" m00="0.876878" m01="-0.480657" m02="0.00729719" m03="0" m10="-0.0079711" m11="0.000639279" m12="0.999968" m13="0" m20="-0.480646" m21="-0.876909" m22="-0.0032708" m23="0" m30="0.0307712" m31="-0.248346" m32="0.00843351" m33="1"/>
		<transform name="R UpperArm" m00="-0.707001" m01="-0.704283" m02="0.0643104" m03="0" m10="-0.374505" m11="0.295703" m12="-0.87881" m13="0" m20="0.599914" m21="-0.645403" m22="-0.472819" m23="0" m30="-0.30736" m31="-0.156128" m32="1.08379" m33="1"/>
		<transform name="Spine" m00="0.478137" m01="-0.218624" m02="0.85064" m03="0" m10="0.687887" m11="-0.508962" m12="-0.517464" m13="0" m20="0.546073" m21="0.832563" m22="-0.0929646" m23="0" m30="-0.142855" m31="0.00476442" m32="0.799145" m33="1"/>
		<transform name="Spine1" m00="0.0344499" m01="-0.174279" m02="0.984094" m03="0" m10="0.710957" m11="-0.687766" m12="-0.146689" m13="0" m20="0.702391" m21="0.704702" m22="0.100212" m23="0" m30="-0.0776381" m31="-0.0250159" m32="0.915324" m33="1"/>
		<transform name="Spine2" m00="-0.434544" m01="-0.0932845" m02="0.895806" m03="0" m10="0.554342" m11="-0.811607" m12="0.184388" m13="0" m20="0.709842" m21="0.576708" m22="0.404391" m23="0" m30="-0.0729965" m31="-0.0487233" m32="1.04969" m33="1"/>
		<transform name="Tail" m00="0.0396575" m01="0.0907059" m02="-0.995088" m03="0" m10="0.874928" m11="-0.484165" m12="-0.00926465" m13="0" m20="-0.482627" m21="-0.870263" m22="-0.0985619" m23="0" m30="-0.0163789" m31="-0.0432415" m32="0.603523" m33="1"/>
	</frame>
	<frame index="4">
		<transform name="Head" m00="-0.178978" m01="0.0867185" m02="0.980024" m03="0" m10="0.982949" m11="-0.0269259" m12="0.181894" m13="0" m20="0.0421617" m21="0.995869" m22="-0.0804207" m23="0" m30="-0.1955" m31="-0.14588" m32="1.34463" m33="1"/>
		<transform name="L Calf" m00="-0.460336" m01="0.113202" m02="-0.880498" m03="0" m10="0.887618" m11="0.0754756" m12="-0.454355" m13="0" m20="0.0150224" m21="-0.990701" m22="-0.135224" m23="0" m30="0.116375" m31="0.166332" m32="0.398049" m33="1"/>
		<transform name="L Clavicle" m00="0.709713" m01="0.576957" m02="0.404263" m03="0" m10="-0.553753" m11="0.811606" m12="-0.186156" m13="0" m20="-0.435506" m21="-0.0917445" m22="0.895498" m23="0" m30="-0.15004" m31="-0.0568379" m32="1.1858" m33="1"/>
		<transform name="L Finger0" m00="-0.44869" m01="-0.793572" m02="0.411001" m03="0" m10="-0.612251" m11="-0.0620616" m12="-0.788224" m13="0" m20="0.651019" m21="-0.605304" m22="-0.458019" m23="0" m30="0.392382" m31="-0.0248979" m32="0.917284" m33="1"/>
		<transform name="L Finger01" m00="-0.745062" m01="-0.624922" m02="-0.23314" m03="0" m10="-0.145106" m11="0.493031" m12="-0.857825" m13="0" m20="0.651019" m21="-0.605304" m22="-0.458019" m23="0" m30="0.331897" m31="-0.131875" m32="0.972689" m33="1"/>
		<transform name="L Finger1" m00="0.32841" m01="-0.844935" m02="-0.422177" m03="0" m10="-0.926907" m11="-0.202347" m12="-0.316066" m13="0" m20="0.181629" m21="0.495118" m22="-0.849629" m23="0" m30="0.533602" m31="-0.00773036" m32="0.73847" m33="1"/>
		<transform name="L Finger11" m00="-0.646729" m01="-0.590715" m02="-0.482491" m03="0" m10="-0.740778" m11="0.637114" m12="0.212917" m13="0" m20="0.181629" m21="0.495118" m22="-0.849629" m23="0" m30="0.568886" m31="-0.0985093" m32="0.693112" m33="1"/>
		<transform name="L Foot" m00="-0.0220273" m01="-0.00706713" m02="-0.999732" m03="0" m10="0.994993" m11="0.0973578" m12="-0.0226111" m13="0" m20="0.0974915" m21="-0.995224" m22="0.00488719" m23="0" m30="0.00561883" m31="0.193568" m32="0.186203" m33="1"/>
		<transform name="L Forearm" m00="0.579885" m01="-0.241074" m02="-0.778213" m03="0" m10="0.338541" m11="0.940144" m12="-0.0389734" m13="0" m20="0.741028" m21="-0.240857" m22="0.626789" m23="0" m30="0.216876" m31="0.207108" m32="1.05619" m33="1"/>
		<transform name="L Hand" m00="0.655512" m01="-0.572935" m02="-0.491985" m03="0" m10="-0.74326" m11="-0.374147" m12="-0.554598" m13="0" m20="0.133674" m21="0.729218" m22="-0.671098" m23="0" m30="0.352135" m31="0.150877" m32="0.874668" m33="1"/>
		<transform name="L Thigh" m00="0.513071" m01="0.123715" m02="-0.849384" m03="0" m10="0.858215" m11="-0.0566198" m12="0.510158" m13="0" m20="0.0150224" m21="-0.990701" m22="-0.135224" m23="0" m30="-0.0363506" m31="0.129506" m32="0.650884" m33="1"/>
		<transform name="L Toe0" m00="0.99516" m01="0.0964913" m02="0.0186103" m03="0" m10="-0.0174525" m11="-0.012829" m12="0.999765" m13="0" m20="0.0967074" m21="-0.995251" m22="-0.0110829" m23="0" m30="0.151444" m31="0.206917" m32="-0.00439718" m33="1"/>
		<transform name="L UpperArm" m00="0.659579" m01="0.436017" m02="-0.612245" m03="0" m10="-0.125827" m11="0.867108" m12="0.481965" m13="0" m20="0.741028" m21="-0.240857" m22="0.626789" m23="0" m30="-0.00918836" m31="0.0576666" m32="1.26603" m33="1"/>
		<transform name="Neck" m00="-0.169127" m01="-0.417519" m02="0.89279" m03="0" m10="0.683887" m11="-0.701998" m12="-0.198741" m13="0" m20="0.709715" m21="0.576955" m22="0.404263" m23="0" m30="-0.16393" m31="-0.0679427" m32="1.17797" m33="1"/>
		<transform name="Pelvis" m00="-0.038038" m01="-0.0916035" m02="0.995069" m03="0" m10="0.874999" m11="-0.483997" m12="-0.0111075" m13="0" m20="0.482628" m21="0.870262" m22="0.0985633" m23="0" m30="-0.115815" m31="-0.0137812" m32="0.634656" m33="1"/>
		<transform name="Ponytail1" m00="-0.382465" m01="0.0461077" m02="0.922819" m03="0" m10="0.0264299" m11="0.998891" m12="-0.0389547" m13="0" m20="-0.923592" m21="0.00949118" m22="-0.383259" m23="0" m30="-0.0752802" m31="-0.105297" m32="1.91511" m33="1"/>
		<transform name="Prop1" m00="0.544523" m01="0.700444" m02="0.461381" m03="0" m10="0.13961" m11="-0.618101" m12="0.773602" m13="0" m20="0.827045" m21="-0.356831" m22="-0.434359" m23="0" m30="-1.29664" m31="-0.249607" m32="1.90022" m33="1"/>
		<transform name="Prop3" m00="0.527062" m01="0.755466" m02="0.3892" m03="0" m10="0.183253" m11="-0.548235" m12="0.816" m13="0" m20="0.829834" m21="-0.35876" m22="-0.427395" m23="0" m30="-1.29664" m31="-0.249608" m32="1.90022" m33="1"/>
		<transform name="R Calf" m00="-0.418525" m01="0.260009" m02="-0.870191" m03="0" m10="0.794827" m11="-0.358718" m12="-0.489461" m13="0" m20="-0.439417" m21="-0.896503" m22="-0.0565294" m23="0" m30="-0.00566518" m31="-0.23643" m32="0.403126" m33="1"/>
		<transform name="R Clavicle" m00="-0.799365" m01="-0.418035" m02="-0.431582" m03="0" m10="-0.413945" m11="0.903786" m12="-0.10872" m13="0" m20="0.435506" m21="0.0917446" m22="-0.895498" m23="0" m30="-0.177617" m31="-0.0792562" m32="1.17009" m33="1"/>
		<transform name="R Foot" m00="0.0266082" m01="-0.0108559" m02="-0.999587" m03="0" m10="0.876511" m11="-0.480534" m12="0.0285508" m13="0" m20="-0.480646" m21="-0.876909" m22="-0.0032709" m23="0" m30="-0.106361" m31="-0.173873" m32="0.193759" m33="1"/>
		<transform name="R Forearm" m00="0.195838" m01="-0.454313" m02="0.86905" m03="0" m10="-0.779724" m11="-0.609584" m12="-0.142963" m13="0" m20="0.594709" m21="-0.649621" m22="-0.473618" m23="0" m30="-0.577847" m31="-0.403734" m32="1.11235" m33="1"/>
		<transform name="R Hand" m00="0.167965" m01="-0.630713" m02="0.75762" m03="0" m10="0.558999" m11="0.693968" m12="0.453793" m13="0" m20="-0.811978" m21="0.347288" m22="0.46913" m23="0" m30="-0.526602" m31="-0.522615" m32="1.33975" m33="1"/>
		<transform name="R Thigh" m00="0.636994" m01="-0.266612" m02="-0.723296" m03="0" m10="0.633365" m11="-0.353838" m12="0.688221" m13="0" m20="-0.439417" m21="-0.896503" m22="-0.0565294" m23="0" m30="-0.195278" m31="-0.157068" m32="0.618428" m33="1"/>
		<transform name="R Toe0" m00="0.876881" m01="-0.480657" m02="0.0068971" m03="0" m10="-0.00762031" m11="0.000446863" m12="0.999971" m13="0" m20="-0.480646" m21="-0.876909" m22="-0.00327092" m23="0" m30="0.0307145" m31="-0.248324" m32="0.0108965" m33="1"/>
		<transform name="R UpperArm" m00="-0.704865" m01="-0.704651" m02="0.081431" m03="0" m10="-0.386635" m11="0.285409" m12="-0.876958" m13="0" m20="0.594709" m21="-0.649621" m22="-0.473618" m23="0" m30="-0.336261" m31="-0.162221" m32="1.08444" m33="1"/>
		<transform name="Spine" m00="0.478457" m01="-0.218633" m02="0.850458" m03="0" m10="0.687808" m11="-0.50878" m12="-0.517748" m13="0" m20="0.545893" m21="0.832672" m22="-0.0930518" m23="0" m30="-0.171743" m31="-0.00145251" m32="0.799842" m33="1"/>
		<transform name="Spine1" m00="0.0343093" m01="-0.173883" m02="0.984168" m03="0" m10="0.71106" m11="-0.687743" m12="-0.146299" m13="0" m20="0.702294" m21="0.704822" m22="0.100046" m23="0" m30="-0.106482" m31="-0.0312341" m32="0.915995" m33="1"/>
		<transform name="Spine2" m00="-0.435065" m01="-0.0923908" m02="0.895646" m03="0" m10="0.554097" m11="-0.811534" m12="0.185442" m13="0" m20="0.709714" m21="0.576955" m22="0.404264" m23="0" m30="-0.10186" m31="-0.0548874" m32="1.05037" m33="1"/>
		<transform name="Tail" m00="0.0387346" m01="0.0912166" m02="-0.995077" m03="0" m10="0.874969" m11="-0.484069" m12="-0.0103143" m13="0" m20="-0.482627" m21="-0.870263" m22="-0.0985619" m23="0" m30="-0.0454414" m31="-0.0493457" m32="0.60408" m33="1"/>
	</frame>
	<frame index="5">
		<transform name="Head" m00="-0.19231" m01="0.0809442" m02="0.97799" m03="0" m10="0.980307" m11="-0.0297279" m12="0.195226" m13="0" m20="0.044876" m21="0.996275" m22="-0.0736332" m23="0" m30="-0.194856" m31="-0.145578" m32="1.34587" m33="1"/>
		<transform name="L Calf" m00="-0.454109" m01="0.118421" m02="-0.883041" m03="0" m10="0.89093" m11="0.0663797" m12="-0.449264" m13="0" m20="0.0054139" m21="-0.990742" m22="-0.135648" m23="0" m30="0.115536" m31="0.165095" m32="0.398126" m33="1"/>
		<transform name="L Clavicle" m00="0.709553" m01="0.577251" m02="0.404123" m03="0" m10="-0.553455" m11="0.811516" m12="-0.187426" m13="0" m20="-0.436144" m21="-0.0906753" m22="0.895297" m23="0" m30="-0.149268" m31="-0.0567197" m32="1.18697" m33="1"/>
		<transform name="L Finger0" m00="-0.448169" m01="-0.793766" m02="0.411193" m03="0" m10="-0.613334" m11="-0.0616097" m12="-0.787417" m13="0" m20="0.650358" m21="-0.605095" m22="-0.459233" m23="0" m30="0.392797" m31="-0.0243767" m32="0.91798" m33="1"/>
		<transform name="L Finger01" m00="-0.745429" m01="-0.624711" m02="-0.232533" m03="0" m10="-0.146183" m11="0.493555" m12="-0.857341" m13="0" m20="0.650358" m21="-0.605095" m22="-0.459233" m23="0" m30="0.332383" m31="-0.131379" m32="0.973411" m33="1"/>
