<?xml version="1.0" encoding="UTF-8" standalone="yes"?>

<!DOCTYPE skeleton [
	<!ELEMENT skeleton   (bones, init_pose)>
	<!ELEMENT bones      (bone+)>
	<!ELEMENT init_pose  (transform+)>
	<!ELEMENT bone        EMPTY>
	<!ELEMENT transform   EMPTY>
	<!ATTLIST transform name CDATA #REQUIRED>
	<!ATTLIST transform m00 CDATA #REQUIRED>
	<!ATTLIST transform m01 CDATA #REQUIRED>
	<!ATTLIST transform m02 CDATA #REQUIRED>
	<!ATTLIST transform m03 CDATA #REQUIRED>
	<!ATTLIST transform m10 CDATA #REQUIRED>
	<!ATTLIST transform m11 CDATA #REQUIRED>
	<!ATTLIST transform m12 CDATA #REQUIRED>
	<!ATTLIST transform m13 CDATA #REQUIRED>
	<!ATTLIST transform m20 CDATA #REQUIRED>
	<!ATTLIST transform m21 CDATA #REQUIRED>
	<!ATTLIST transform m22 CDATA #REQUIRED>
	<!ATTLIST transform m23 CDATA #REQUIRED>
	<!ATTLIST transform m30 CDATA #REQUIRED>
	<!ATTLIST transform m31 CDATA #REQUIRED>
	<!ATTLIST transform m32 CDATA #REQUIRED>
	<!ATTLIST transform m33 CDATA #REQUIRED>
	<!ATTLIST bone name CDATA #REQUIRED>
	<!ATTLIST bone parent CDATA #REQUIRED>
]>

<skeleton>
	<bones>
		<bone name="Head" parent="Neck"/>
		<bone name="L Calf" parent="L Thigh"/>
		<bone name="L Clavicle" parent="Neck"/>
		<bone name="L Finger0" parent="L Hand"/>
		<bone name="L Finger01" parent="L Finger0"/>
		<bone name="L Finger1" parent="L Hand"/>
		<bone name="L Finger11" parent="L Finger1"/>
		<bone name="L Foot" parent="L Calf"/>
		<bone name="L Forearm" parent="L UpperArm"/>
		<bone name="L Hand" parent="L Forearm"/>
		<bone name="L Thigh" parent="Spine"/>
		<bone name="L Toe0" parent="L Foot"/>
		<bone name="L UpperArm" parent="L Clavicle"/>
		<bone name="Neck" parent="Spine2"/>
		<bone name="Pelvis" parent=""/>
		<bone name="Ponytail1" parent="Head"/>
		<bone name="Prop1" parent="R Hand"/>
		<bone name="Prop3" parent="R Hand"/>
		<bone name="R Calf" parent="R Thigh"/>
		<bone name="R Clavicle" parent="Neck"/>
		<bone name="R Foot" parent="R Calf"/>
		<bone name="R Forearm" parent="R UpperArm"/>
		<bone name="R Hand" parent="R Forearm"/>
		<bone name="R Thigh" parent="Spine"/>
		<bone name="R Toe0" parent="R Foot"/>
		<bone name="R UpperArm" parent="R Clavicle"/>
		<bone name="Spine" parent="Pelvis"/>
		<bone name="Spine1" parent="Spine"/>
		<bone name="Spine2" parent="Spine1"/>
		<bone name="Tail" parent="Spine"/>
	</bones>
	<init_pose>
		<transform name="Head" m00="0" m01="1.34309e-06" m02="1" m03="0" m10="-1.40269e-06" m11="-1" m12="1.34309e-06" m13="0" m20="1" m21="-1.40269e-06" m22="0" m23="0" m30="0" m31="-0.00709328" m32="1.47838" m33="1"/>
		<transform name="L Calf" m00="0.0250529" m01="0.0935043" m02="-0.995304" m03="0" m10="0.00037277" m11="-0.995617" m12="-0.0935244" m13="0" m20="-0.999686" m21="0.00197204" m22="-0.0249779" m23="0" m30="0.17209" m31="0.0364237" m32="0.429442" m33="1"/>
		<transform name="L Clavicle" m00="1" m01="1.3671e-06" m02="0" m03="0" m10="-1.36569e-06" m11="0.996195" m12="-0.0871563" m13="0" m20="0" m21="0.0871563" m22="0.996195" m23="0" m30="0.019428" m31="0.0544412" m32="1.30215" m33="1"/>
		<transform name="L Finger0" m00="0.287535" m01="-0.945638" m02="-0.151959" m03="0" m10="0.450093" m11="0.27346" m12="-0.85008" m13="0" m20="0.845423" m21="0.176032" m22="0.504254" m23="0" m30="0.90066" m31="-0.0931425" m32="1.28121" m33="1"/>
		<transform name="L Finger01" m00="0.451347" m01="-0.740259" m02="-0.4983" m03="0" m10="0.285562" m11="0.648867" m12="-0.705284" m13="0" m20="0.845423" m21="0.176032" m22="0.504254" m23="0" m30="0.939421" m31="-0.220618" m32="1.26072" m33="1"/>
		<transform name="L Finger1" m00="0.989173" m01="-0.123277" m02="-0.0796269" m03="0" m10="-0.0682636" m11="0.0938053" m12="-0.993247" m13="0" m20="0.129913" m21="0.987929" m22="0.0843743" m23="0" m30="1.0701" m31="0.0592021" m32="1.29836" m33="1"/>
		<transform name="L Finger11" m00="0.678903" m01="-0.0266108" m02="-0.733746" m03="0" m10="-0.722643" m11="0.152606" m12="-0.674164" m13="0" m20="0.129913" m21="0.987929" m22="0.0843743" m23="0" m30="1.17637" m31="0.0459574" m32="1.2898" m33="1"/>
		<transform name="L Foot" m00="0" m01="0" m02="-1" m03="0" m10="1.37091e-06" m11="-1" m12="0" m13="0" m20="-1" m21="-1.37091e-06" m22="0" m23="0" m30="0.178118" m31="0.0589207" m32="0.189974" m33="1"/>
		<transform name="L Forearm" m00="0.999249" m01="0.00483414" m02="-0.0384356" m03="0" m10="0.0370947" m11="0.166544" m12="0.985336" m13="0" m20="0.0111645" m21="-0.986022" m22="0.16624" m23="0" m30="0.560522" m31="0.0569155" m32="1.29381" m33="1"/>
		<transform name="L Hand" m00="0.9988" m01="0.00418662" m02="0.0487996" m03="0" m10="0.0488807" m11="-0.0221473" m12="-0.998559" m13="0" m20="-0.00309986" m21="0.999746" m22="-0.0223253" m23="0" m30="0.793597" m31="0.0580431" m32="1.28485" m33="1"/>
		<transform name="L Thigh" m00="0.0250011" m01="0.0127541" m02="-0.999606" m03="0" m10="-0.00165269" m11="-0.999917" m12="-0.0127994" m13="0" m20="-0.999686" m21="0.00197204" m22="-0.0249779" m23="0" m30="0.164648" m31="0.0326272" m32="0.726994" m33="1"/>
		<transform name="L Toe0" m00="1.37091e-06" m01="-1" m02="0" m03="0" m10="0" m11="0" m12="1" m13="0" m20="-1" m21="-1.37091e-06" m22="0" m23="0" m30="0.178118" m31="-0.0917833" m32="0.00273115" m33="1"/>
		<transform name="L UpperArm" m00="0.999678" m01="0.00721842" m02="-0.0243225" m03="0" m10="0.0227825" m11="0.166458" m12="0.985785" m13="0" m20="0.0111645" m21="-0.986022" m22="0.16624" m23="0" m30="0.217891" m31="0.0544415" m32="1.30215" m33="1"/>
		<transform name="Neck" m00="4.52948e-07" m01="-0.3304" m02="0.943841" m03="0" m10="-1.47968e-06" m11="-0.943841" m12="-0.3304" m13="0" m20="1" m21="-1.24693e-06" m22="-9.16398e-07" m23="0" m30="0" m31="0.0545815" m32="1.3022" m33="1"/>
		<transform name="Pelvis" m00="-1.3868e-06" m01="0" m02="1" m03="0" m10="2.75771e-06" m11="-1" m12="0" m13="0" m20="1" m21="2.75771e-06" m22="1.3868e-06" m23="0" m30="0" m31="0.032627" m32="0.726994" m33="1"/>
		<transform name="Ponytail1" m00="-0.0186129" m01="0.21917" m02="0.975509" m03="0" m10="0.999826" m11="0.00526435" m12="0.0178941" m13="0" m20="-0.00121357" m21="0.975673" m22="-0.21923" m23="0" m30="-0.00039532" m31="-0.227936" m32="2.01948" m33="1"/>
		<transform name="Prop1" m00="0.0313459" m01="0.0195039" m02="0.999318" m03="0" m10="-0.99934" m11="-0.0177578" m12="0.0316932" m13="0" m20="0.0183638" m21="-0.999652" m22="0.0189344" m23="0" m30="-0.995759" m31="1.02882" m32="1.33001" m33="1"/>
		<transform name="Prop3" m00="0.123384" m01="0.0237813" m02="0.992074" m03="0" m10="-0.992292" m11="-0.00863229" m12="0.123618" m13="0" m20="0.0115037" m21="-0.99968" m22="0.0225329" m23="0" m30="-0.995759" m31="1.02882" m32="1.33001" m33="1"/>
		<transform name="R Calf" m00="-0.0250532" m01="0.0935043" m02="-0.995304" m03="0" m10="-0.000369867" m11="-0.995617" m12="-0.0935244" m13="0" m20="-0.999686" m21="-0.00197495" m22="0.0249779" m23="0" m30="-0.17209" m31="0.0364232" m32="0.429442" m33="1"/>
		<transform name="R Clavicle" m00="-1" m01="-1.37472e-06" m02="0" m03="0" m10="-1.36569e-06" m11="0.996195" m12="-0.0871563" m13="0" m20="1.63195e-07" m21="-0.0871563" m22="-0.996195" m23="0" m30="-0.019428" m31="0.0544412" m32="1.30215" m33="1"/>
		<transform name="R Foot" m00="0" m01="0" m02="-1" m03="0" m10="1.37091e-06" m11="-1" m12="0" m13="0" m20="-1" m21="-1.37091e-06" m22="0" m23="0" m30="-0.178118" m31="0.0589202" m32="0.189974" m33="1"/>
		<transform name="R Forearm" m00="-0.997428" m01="0.00404921" m02="0.071562" m03="0" m10="-0.0716084" m11="-0.0998014" m12="-0.992427" m13="0" m20="0.00312336" m21="-0.994999" m22="0.0998347" m23="0" m30="-0.560538" m31="0.0525797" m32="1.29432" m33="1"/>
		<transform name="R Hand" m00="-0.998114" m01="-0.0526429" m02="0.0315682" m03="0" m10="0.0315105" m11="0.0019253" m12="0.999502" m13="0" m20="-0.0526774" m21="0.998612" m22="-0.000262865" m23="0" m30="-0.821538" m31="0.0536393" m32="1.31304" m33="1"/>
		<transform name="R Thigh" m00="-0.0250011" m01="0.012754" m02="-0.999606" m03="0" m10="0.0016556" m11="-0.999917" m12="-0.0127994" m13="0" m20="-0.999686" m21="-0.00197495" m22="0.0249779" m23="0" m30="-0.164648" m31="0.0326267" m32="0.726994" m33="1"/>
		<transform name="R Toe0" m00="1.37091e-06" m01="-1" m02="0" m03="0" m10="0" m11="0" m12="1" m13="0" m20="-1" m21="-1.37091e-06" m22="0" m23="0" m30="-0.178118" m31="-0.0917838" m32="0.00273115" m33="1"/>
		<transform name="R UpperArm" m00="-0.999724" m01="-0.00543022" m02="-0.0228426" m03="0" m10="0.0232705" m11="-0.0997358" m12="-0.994742" m13="0" m20="0.00312336" m21="-0.994999" m22="0.0998347" m23="0" m30="-0.217891" m31="0.0544409" m32="1.30215" m33="1"/>
		<transform name="Spine" m00="3.55871e-07" m01="-0.259588" m02="0.96572" m03="0" m10="-1.44969e-06" m11="-0.96572" m12="-0.259588" m13="0" m20="1" m21="-1.30761e-06" m22="-7.19993e-07" m23="0" m30="0" m31="0.089378" m32="0.892337" m33="1"/>
		<transform name="Spine1" m00="1.20569e-07" m01="-0.0879486" m02="0.996125" m03="0" m10="-1.40801e-06" m11="-0.996125" m12="-0.0879486" m13="0" m20="1" m21="-1.39195e-06" m22="-2.43934e-07" m23="0" m30="0" m31="0.0540373" m32="1.02422" m33="1"/>
		<transform name="Spine2" m00="0" m01="0.086363" m02="0.996264" m03="0" m10="-1.40782e-06" m11="-0.996264" m12="0.086363" m13="0" m20="1" m21="-1.39233e-06" m22="2.39536e-07" m23="0" m30="0" m31="0.0421401" m32="1.16024" m33="1"/>
		<transform name="Tail" m00="0" m01="-0.0455476" m02="-0.998962" m03="0" m10="4.53209e-06" m11="-0.998962" m12="0.0455476" m13="0" m20="-1" m21="-4.53104e-06" m22="1.26331e-07" m23="0" m30="0" m31="-0.0465024" m32="0.697137" m33="1"/>
	</init_pose>
</skeleton>