<?xml version="1.0" encoding="UTF-8" standalone="yes"?>

<!DOCTYPE animation [
	<!ELEMENT animation  (frame+)>
	<!ELEMENT frame      (transform+)>
	<!ELEMENT transform   EMPTY>
	<!ATTLIST frame index CDATA #REQUIRED>
	<!ATTLIST transform name CDATA #REQUIRED>
	<!ATTLIST transform m00 CDATA #REQUIRED>
	<!ATTLIST transform m01 CDATA #REQUIRED>
	<!ATTLIST transform m02 CDATA #REQUIRED>
	<!ATTLIST transform m03 CDATA #REQUIRED>
	<!ATTLIST transform m10 CDATA #REQUIRED>
	<!ATTLIST transform m11 CDATA #REQUIRED>
	<!ATTLIST transform m12 CDATA #REQUIRED>
	<!ATTLIST transform m13 CDATA #REQUIRED>
	<!ATTLIST transform m20 CDATA #REQUIRED>
	<!ATTLIST transform m21 CDATA #REQUIRED>
	<!ATTLIST transform m22 CDATA #REQUIRED>
	<!ATTLIST transform m23 CDATA #REQUIRED>
	<!ATTLIST transform m30 CDATA #REQUIRED>
	<!ATTLIST transform m31 CDATA #REQUIRED>
	<!ATTLIST transform m32 CDATA #REQUIRED>
	<!ATTLIST transform m33 CDATA #REQUIRED>
]>

<animation>
	<frame index="0">
		<transform name="Head" m00="0.0644843" m01="0.0723271" m02="0.995294" m03="0" m10="0.996881" m11="-0.0501487" m12="-0.0609428" m13="0" m20="0.0455049" m21="0.996119" m22="-0.0753353" m23="0" m30="-0.0730219" m31="-0.120626" m32="1.34347" m33="1"/>
		<transform name="L Calf" m00="-0.675149" m01="0.0421132" m02="-0.736478" m03="0" m10="0.736889" m11="0.0847387" m12="-0.670681" m13="0" m20="0.0341638" m21="-0.995513" m22="-0.0882441" m23="0" m30="0.166481" m31="0.183391" m32="0.364662" m33="1"/>
		<transform name="L Clavicle" m00="0.710011" m01="0.576361" m02="0.404589" m03="0" m10="-0.55434" m11="0.811782" m12="-0.183622" m13="0" m20="-0.434271" m21="-0.0939061" m22="0.895874" m23="0" m30="-0.0278111" m31="-0.0312145" m32="1.18478" m33="1"/>
		<transform name="L Finger0" m00="-0.449824" m01="-0.793007" m02="0.410849" m03="0" m10="-0.610286" m11="-0.0629463" m12="-0.789676" m13="0" m20="0.65208" m21="-0.605951" m22="-0.455647" m23="0" m30="0.515419" m31="-1.77273e-06" m32="0.917337" m33="1"/>
		<transform name="L Finger01" m00="-0.744552" m01="-0.625142" m02="-0.234178" m03="0" m10="-0.142943" m11="0.491956" m12="-0.858805" m13="0" m20="0.65208" m21="-0.605951" m22="-0.455647" m23="0" m30="0.454781" m31="-0.106902" m32="0.972721" m33="1"/>
		<transform name="L Finger1" m00="0.329383" m01="-0.845506" m02="-0.420271" m03="0" m10="-0.926105" m11="-0.20259" m12="-0.318254" m13="0" m20="0.183942" m21="0.494042" m22="-0.849757" m23="0" m30="0.657101" m31="0.0169151" m32="0.738866" m33="1"/>
		<transform name="L Finger11" m00="-0.645498" m01="-0.591254" m02="-0.483478" m03="0" m10="-0.74128" m11="0.63745" m12="0.210147" m13="0" m20="0.183942" m21="0.494042" m22="-0.849757" m23="0" m30="0.69249" m31="-0.0739252" m32="0.693712" m33="1"/>
		<transform name="L Foot" m00="-0.0133989" m01="-0.00766875" m02="-0.999881" m03="0" m10="0.995256" m11="0.0962716" m12="-0.0140753" m13="0" m20="0.0963681" m21="-0.995325" m22="0.00634244" m23="0" m30="0.00404164" m31="0.193523" m32="0.187467" m33="1"/>
		<transform name="L Forearm" m00="0.581522" m01="-0.242383" m02="-0.776584" m03="0" m10="0.338965" m11="0.939967" m12="-0.0395538" m13="0" m20="0.739551" m21="-0.240234" m22="0.628771" m23="0" m30="0.339678" m31="0.232265" m32="1.05554" m33="1"/>
		<transform name="L Hand" m00="0.656652" m01="-0.57368" m02="-0.48959" m03="0" m10="-0.741912" m11="-0.374677" m12="-0.556043" m13="0" m20="0.135553" m21="0.72836" m22="-0.671653" m23="0" m30="0.475318" m31="0.175729" m32="0.8744" m33="1"/>
		<transform name="L Thigh" m00="0.269901" m01="0.0942051" m02="-0.958269" m03="0" m10="0.962282" m11="0.00892085" m12="0.271908" m13="0" m20="0.0341638" m21="-0.995513" m22="-0.0882441" m23="0" m30="0.0861402" m31="0.155349" m32="0.649909" m33="1"/>
		<transform name="L Toe0" m00="0.995159" m01="0.0964717" m02="0.0187686" m03="0" m10="-0.0176129" m11="-0.0128172" m12="0.999763" m13="0" m20="0.0966894" m21="-0.995253" m22="-0.011056" m23="0" m30="0.151522" m31="0.206596" m32="-0.00187466" m33="1"/>
		<transform name="L UpperArm" m00="0.661079" m01="0.435002" m02="-0.61135" m03="0" m10="-0.12665" m11="0.867791" m12="0.480519" m13="0" m20="0.739551" m21="-0.240234" m22="0.628771" m23="0" m30="0.1131" m31="0.0831718" m32="1.26507" m33="1"/>
		<transform name="Neck" m00="-0.167759" m01="-0.419562" m02="0.89209" m03="0" m10="0.683914" m11="-0.701269" m12="-0.201205" m13="0" m20="0.710013" m21="0.576359" m22="0.404588" m23="0" m30="-0.0417069" m31="-0.0423078" m32="1.17695" m33="1"/>
		<transform name="Pelvis" m00="-0.0403318" m01="-0.0903343" m02="0.995095" m03="0" m10="0.874896" m11="-0.484236" m12="-0.00849864" m13="0" m20="0.482628" m21="0.870262" m22="0.0985633" m23="0" m30="0.00667623" m31="0.0120622" m32="0.633681" m33="1"/>
		<transform name="Ponytail1" m00="-0.147707" m01="0.0368998" m02="0.988343" m03="0" m10="0.0403013" m11="0.998698" m12="-0.0312634" m13="0" m20="-0.98821" m21="0.0352137" m22="-0.149002" m23="0" m30="0.182008" m31="-0.0929592" m32="1.86858" m33="1"/>
		<transform name="Prop1" m00="0.504091" m01="0.748382" m02="0.431065" m03="0" m10="0.177183" m11="-0.578117" m12="0.796484" m13="0" m20="0.84528" m21="-0.325123" m22="-0.424024" m23="0" m30="-1.17019" m31="-0.229876" m32="1.87233" m33="1"/>
		<transform name="Prop3" m00="0.483285" m01="0.799422" m02="0.356876" m03="0" m10="0.2168" m11="-0.504231" m12="0.835912" m13="0" m20="0.848194" m21="-0.326613" m22="-0.417002" m23="0" m30="-1.17019" m31="-0.229876" m32="1.87233" m33="1"/>
		<transform name="R Calf" m00="-0.630375" m01="0.240172" m02="-0.738204" m03="0" m10="0.612596" m11="-0.430185" m12="-0.663074" m13="0" m20="-0.476816" m21="-0.870205" m22="0.12405" m23="0" m30="0.0504684" m31="-0.234472" m32="0.366944" m33="1"/>
		<transform name="R Clavicle" m00="-0.799766" m01="-0.417417" m02="-0.431436" m03="0" m10="-0.414468" m11="0.90385" m12="-0.106169" m13="0" m20="0.434271" m21="0.0939061" m22="-0.895874" m23="0" m30="-0.0553993" m31="-0.0536096" m32="1.16906" m33="1"/>
		<transform name="R Foot" m00="-0.000653796" m01="0.00408794" m02="-0.999991" m03="0" m10="0.876914" m11="-0.48064" m12="-0.00253817" m13="0" m20="-0.480646" m21="-0.876909" m22="-0.00327053" m23="0" m30="-0.101199" m31="-0.176687" m32="0.189334" m33="1"/>
		<transform name="R Forearm" m00="0.271167" m01="-0.39129" m02="0.879409" m03="0" m10="-0.74113" m11="-0.667845" m12="-0.0686264" m13="0" m20="0.614162" m21="-0.633147" m22="-0.471095" m23="0" m30="-0.45796" m31="-0.377246" m32="1.08917" m33="1"/>
		<transform name="R Hand" m00="0.206183" m01="-0.589683" m02="0.780873" m03="0" m10="0.518899" m11="0.742462" m12="0.423666" m13="0" m20="-0.829598" m21="0.317842" m22="0.459069" m23="0" m30="-0.387003" m31="-0.479636" m32="1.31929" m33="1"/>
		<transform name="R Thigh" m00="0.414071" m01="-0.346852" m02="-0.841569" m03="0" m10="0.775365" m11="-0.349909" m12="0.525711" m13="0" m20="-0.476816" m21="-0.870205" m22="0.12405" m23="0" m30="-0.0727877" m31="-0.131225" m32="0.617453" m33="1"/>
		<transform name="R Toe0" m00="0.876914" m01="-0.48064" m02="-0.00253817" m03="0" m10="0.000653796" m11="-0.00408794" m12="0.999991" m13="0" m20="-0.480646" m21="-0.876909" m22="-0.00327053" m23="0" m30="0.0308335" m31="-0.248356" m32="0.00170988" m33="1"/>
		<transform name="R UpperArm" m00="-0.711432" m01="-0.702555" m02="0.0167408" m03="0" m10="-0.341569" m11="0.32487" m12="-0.881924" m13="0" m20="0.614162" m21="-0.633147" m22="-0.471095" m23="0" m30="-0.214123" m31="-0.136451" m32="1.08343" m33="1"/>
		<transform name="Spine" m00="0.47764" m01="-0.218594" m02="0.850927" m03="0" m10="0.68802" m11="-0.509238" m12="-0.517015" m13="0" m20="0.546341" m21="0.832402" m22="-0.0928351" m23="0" m30="-0.0496252" m31="0.0246142" m32="0.798723" m33="1"/>
		<transform name="Spine1" m00="0.0346126" m01="-0.174829" m02="0.98399" m03="0" m10="0.710812" m11="-0.687805" m12="-0.147208" m13="0" m20="0.702529" m21="0.704528" m22="0.100464" m23="0" m30="0.0155235" m31="-0.00516204" m32="0.914941" m33="1"/>
		<transform name="Spine2" m00="-0.433829" m01="-0.0945525" m02="0.89602" m03="0" m10="0.554684" m11="-0.811708" m12="0.182908" m13="0" m20="0.710012" m21="0.576359" m22="0.404589" m23="0" m30="0.0201872" m31="-0.0289445" m32="1.04929" m33="1"/>
		<transform name="Tail" m00="0.0410284" m01="0.0899472" m02="-0.995101" m03="0" m10="0.874865" m11="-0.484306" m12="-0.00770544" m13="0" m20="-0.482627" m21="-0.870263" m22="-0.0985619" m23="0" m30="0.0771097" m31="-0.0235591" m32="0.60331" m33="1"/>
	</frame>
	<frame index="1">
		<transform name="Head" m00="0.0644843" m01="0.0723271" m02="0.995294" m03="0" m10="0.996881" m11="-0.0501487" m12="-0.0609428" m13="0" m20="0.0455049" m21="0.996119" m22="-0.0753353" m23="0" m30="-0.0754191" m31="-0.11925" m32="1.34409" m33="1"/>
		<transform name="L Calf" m00="-0.673457" m01="0.0435613" m02="-0.737941" m03="0" m10="0.738448" m11="0.0854299" m12="-0.668877" m13="0" m20="0.0339052" m21="-0.995391" m22="-0.0897011" m23="0" m30="0.166074" m31="0.183042" m32="0.365014" m33="1"/>
		<transform name="L Clavicle" m00="0.708143" m01="0.577969" m02="0.405568" m03="0" m10="-0.553107" m11="0.811118" m12="-0.190159" m13="0" m20="-0.43887" m21="-0.0896624" m22="0.894066" m23="0" m30="-0.0293673" m31="-0.0305807" m32="1.18522" m33="1"/>
		<transform name="L Finger0" m00="-0.449656" m01="-0.793276" m02="0.410515" m03="0" m10="-0.610155" m11="-0.0628522" m12="-0.789785" m13="0" m20="0.652319" m21="-0.605609" m22="-0.45576" m23="0" m30="0.513551" m31="0.00128468" m32="0.918062" m33="1"/>
		<transform name="L Finger01" m00="-0.74434" m01="-0.625275" m02="-0.234498" m03="0" m10="-0.142961" m11="0.492207" m12="-0.858658" m13="0" m20="0.652319" m21="-0.605609" m22="-0.45576" m23="0" m30="0.452936" m31="-0.105652" m32="0.973401" m33="1"/>
		<transform name="L Finger1" m00="0.329686" m01="-0.845268" m02="-0.420511" m03="0" m10="-0.926001" m11="-0.202747" m12="-0.318456" m13="0" m20="0.183923" m21="0.494384" m22="-0.849563" m23="0" m30="0.655255" m31="0.0183029" m32="0.739617" m33="1"/>
		<transform name="L Finger11" m00="-0.645259" m01="-0.591274" m02="-0.483772" m03="0" m10="-0.741493" m11="0.637166" m12="0.210258" m13="0" m20="0.183923" m21="0.494384" m22="-0.849563" m23="0" m30="0.690676" m31="-0.0725119" m32="0.694438" m33="1"/>
		<transform name="L Foot" m00="-0.0133989" m01="-0.00766875" m02="-0.999881" m03="0" m10="0.995256" m11="0.0962716" m12="-0.0140753" m13="0" m20="0.0963681" m21="-0.995325" m22="0.00634244" m23="0" m30="0.00404155" m31="0.193523" m32="0.187467" m33="1"/>
		<transform name="L Forearm" m00="0.581703" m01="-0.241953" m02="-0.776583" m03="0" m10="0.338702" m11="0.940077" m12="-0.0391852" m13="0" m20="0.739529" m21="-0.240236" m22="0.628795" m23="0" m30="0.337724" m31="0.233454" m32="1.05632" m33="1"/>
		<transform name="L Hand" m00="0.656887" m01="-0.573326" m02="-0.489691" m03="0" m10="-0.741725" m11="-0.3747" m12="-0.556277" m13="0" m20="0.135441" m21="0.728627" m22="-0.671385" m23="0" m30="0.473407" m31="0.177018" m32="0.87518" m33="1"/>
		<transform name="L Thigh" m00="0.268533" m01="0.0955254" m02="-0.958522" m03="0" m10="0.962674" m11="0.00841113" m12="0.270534" m13="0" m20="0.0339052" m21="-0.995391" m22="-0.0897011" m23="0" m30="0.0861402" m31="0.154608" m32="0.650337" m33="1"/>
		<transform name="L Toe0" m00="0.995159" m01="0.0964717" m02="0.0187686" m03="0" m10="-0.0176129" m11="-0.0128172" m12="0.999763" m13="0" m20="0.0966894" m21="-0.995253" m22="-0.011056" m23="0" m30="0.151522" m31="0.206596" m32="-0.00187469" m33="1"/>
		<transform name="L UpperArm" m00="0.660999" m01="0.43569" m02="-0.610945" m03="0" m10="-0.127189" m11="0.867445" m12="0.481001" m13="0" m20="0.739529" m21="-0.240236" m22="0.628795" m23="0" m30="0.111173" m31="0.0841248" m32="1.26571" m33="1"/>
		<transform name="Neck" m00="-0.172458" m01="-0.415421" m02="0.893131" m03="0" m10="0.684682" m11="-0.70241" m12="-0.194503" m13="0" m20="0.708145" m21="0.577967" m22="0.405567" m23="0" m30="-0.0432269" m31="-0.041705" m32="1.17737" m33="1"/>
		<transform name="Pelvis" m00="-0.0403318" m01="-0.0903343" m02="0.995095" m03="0" m10="0.874896" m11="-0.484236" m12="-0.00849864" m13="0" m20="0.482628" m21="0.870262" m22="0.0985633" m23="0" m30="0.00667623" m31="0.0113208" m32="0.634109" m33="1"/>
		<transform name="Ponytail1" m00="-0.147707" m01="0.0368998" m02="0.988343" m03="0" m10="0.0403013" m11="0.998698" m12="-0.0312634" m13="0" m20="-0.98821" m21="0.0352137" m22="-0.149002" m23="0" m30="0.179611" m31="-0.0915834" m32="1.8692" m33="1"/>
		<transform name="Prop1" m00="0.504011" m01="0.748462" m02="0.431019" m03="0" m10="0.177044" m11="-0.577973" m12="0.79662" m13="0" m20="0.845357" m21="-0.325196" m22="-0.423815" m23="0" m30="-1.17141" m31="-0.229505" m32="1.87215" m33="1"/>
		<transform name="Prop3" m00="0.483219" m01="0.799488" m02="0.356818" m03="0" m10="0.216654" m11="-0.50408" m12="0.836041" m13="0" m20="0.848269" m21="-0.326684" m22="-0.416793" m23="0" m30="-1.17141" m31="-0.229505" m32="1.87215" m33="1"/>
		<transform name="R Calf" m00="-0.629523" m01="0.241034" m02="-0.73865" m03="0" m10="0.613388" m11="-0.429361" m12="-0.662875" m13="0" m20="-0.476923" m21="-0.870374" m22="0.122445" m23="0" m30="0.0502633" m31="-0.234679" m32="0.367052" m33="1"/>
		<transform name="R Clavicle" m00="-0.797703" m01="-0.41912" m02="-0.4336" m03="0" m10="-0.413598" m11="0.903493" m12="-0.112415" m13="0" m20="0.43887" m21="0.0896624" m22="-0.894066" m23="0" m30="-0.0568829" m31="-0.0530382" m32="1.16946" m33="1"/>
		<transform name="R Foot" m00="-0.000653796" m01="0.00408794" m02="-0.999991" m03="0" m10="0.876914" m11="-0.48064" m12="-0.00253817" m13="0" m20="-0.480646" m21="-0.876909" m22="-0.00327053" m23="0" m30="-0.101199" m31="-0.176687" m32="0.189334" m33="1"/>
		<transform name="R Forearm" m00="0.271013" m01="-0.391131" m02="0.879528" m03="0" m10="-0.741115" m11="-0.66786" m12="-0.0686378" m13="0" m20="0.614248" m21="-0.633229" m22="-0.470872" m23="0" m30="-0.459034" m31="-0.377012" m32="1.08915" m33="1"/>
		<transform name="R Hand" m00="0.206047" m01="-0.589542" m02="0.781015" m03="0" m10="0.518821" m11="0.742541" m12="0.423625" m13="0" m20="-0.82968" m21="0.317921" m22="0.458865" m23="0" m30="-0.388117" m31="-0.479361" m32="1.3193" m33="1"/>
		<transform name="R Thigh" m00="0.413382" m01="-0.345058" m02="-0.842645" m03="0" m10="0.775667" m11="-0.35126" m12="0.524363" m13="0" m20="-0.476923" m21="-0.870374" m22="0.122445" m23="0" m30="-0.0727877" m31="-0.131966" m32="0.617881" m33="1"/>
		<transform name="R Toe0" m00="0.876914" m01="-0.48064" m02="-0.00253817" m03="0" m10="0.000653796" m11="-0.00408794" m12="0.999991" m13="0" m20="-0.480646" m21="-0.876909" m22="-0.00327053" m23="0" m30="0.0308335" m31="-0.248356" m32="0.00170991" m33="1"/>
		<transform name="R UpperArm" m00="-0.711432" m01="-0.702555" m02="0.0167408" m03="0" m10="-0.341414" m11="0.32471" m12="-0.882043" m13="0" m20="0.614248" m21="-0.633229" m22="-0.470872" m23="0" m30="-0.215197" m31="-0.136218" m32="1.08341" m33="1"/>
		<transform name="Spine" m00="0.476392" m01="-0.217671" m02="0.851863" m03="0" m10="0.688885" m11="-0.509634" m12="-0.515472" m13="0" m20="0.546341" m21="0.832402" m22="-0.0928351" m23="0" m30="-0.0496253" m31="0.0238729" m32="0.79915" m33="1"/>
		<transform name="Spine1" m00="0.0295289" m01="-0.170338" m02="0.984943" m03="0" m10="0.711309" m11="-0.688708" m12="-0.140432" m13="0" m20="0.702259" m21="0.704745" m22="0.100826" m23="0" m30="0.0153529" m31="-0.00577717" m32="0.915495" m33="1"/>
		<transform name="Spine2" m00="-0.438429" m01="-0.0903083" m02="0.894217" m03="0" m10="0.553454" m11="-0.811048" m12="0.189446" m13="0" m20="0.708144" m21="0.577967" m22="0.405569" m23="0" m30="0.0193226" m31="-0.0289464" m32="1.04998" m33="1"/>
		<transform name="Tail" m00="0.0410284" m01="0.0899472" m02="-0.995101" m03="0" m10="0.874865" m11="-0.484306" m12="-0.00770544" m13="0" m20="-0.482627" m21="-0.870263" m22="-0.0985619" m23="0" m30="0.0771097" m31="-0.0243005" m32="0.603738" m33="1"/>
	</frame>
	<frame index="2">
		<transform name="Head" m00="0.0644843" m01="0.0723271" m02="0.995294" m03="0" m10="0.996881" m11="-0.0501487" m12="-0.0609428" m13="0" m20="0.0455049" m21="0.996119" m22="-0.0753353" m23="0" m30="-0.0780115" m31="-0.11777" m32="1.34558" m33="1"/>
		<transform name="L Calf" m00="-0.668661" m01="0.0453471" m02="-0.742183" m03="0" m10="0.742805" m11="0.0859121" m12="-0.663972" m13="0" m20="0.0336534" m21="-0.99527" m22="-0.0911302" m23="0" m30="0.16492" m31="0.182613" m32="0.366035" m33="1"/>
		<transform name="L Clavicle" m00="0.706119" m01="0.579711" m02="0.406609" m03="0" m10="-0.551734" m11="0.810368" m12="-0.197216" m13="0" m20="-0.443831" m21="-0.0850824" m22="0.892062" m23="0" m30="-0.0310493" m31="-0.0299035" m32="1.18653" m33="1"/>
		<transform name="L Finger0" m00="-0.449135" m01="-0.794106" m02="0.409479" m03="0" m10="-0.609748" m11="-0.062561" m12="-0.790123" m13="0" m20="0.653058" m21="-0.604551" m22="-0.456106" m23="0" m30="0.51165" m31="0.00333808" m32="0.919841" m33="1"/>
		<transform name="L Finger01" m00="-0.743681" m01="-0.625687" m02="-0.235487" m03="0" m10="-0.143015" m11="0.492984" m12="-0.858203" m13="0" m20="0.653058" m21="-0.604551" m22="-0.456106" m23="0" m30="0.451104" m31="-0.103711" m32="0.975041" m33="1"/>
		<transform name="L Finger1" m00="0.330621" m01="-0.844533" m02="-0.421254" m03="0" m10="-0.92568" m11="-0.203232" m12="-0.319081" m13="0" m20="0.183862" m21="0.495441" m22="-0.84896" m23="0" m30="0.653417" m31="0.0206696" m32="0.741477" m33="1"/>
		<transform name="L Finger11" m00="-0.64452" m01="-0.591335" m02="-0.484681" m03="0" m10="-0.742151" m11="0.636287" m12="0.210598" m13="0" m20="0.183862" m21="0.495441" m22="-0.84896" m23="0" m30="0.688939" m31="-0.0700661" m32="0.696218" m33="1"/>
		<transform name="L Foot" m00="-0.0133989" m01="-0.00766875" m02="-0.999881" m03="0" m10="0.995256" m11="0.0962716" m12="-0.0140753" m13="0" m20="0.0963681" m21="-0.995325" m22="0.00634244" m23="0" m30="0.00404156" m31="0.193523" m32="0.187467" m33="1"/>
		<transform name="L Forearm" m00="0.582262" m01="-0.24062" m02="-0.776578" m03="0" m10="0.337886" m11="0.940418" m12="-0.038045" m13="0" m20="0.739462" m21="-0.240243" m22="0.628872" m23="0" m30="0.335556" m31="0.235206" m32="1.05826" m33="1"/>
		<transform name="L Hand" m00="0.657612" m01="-0.572228" m02="-0.490002" m03="0" m10="-0.741145" m11="-0.374771" m12="-0.557002" m13="0" m20="0.135093" m21="0.729453" m22="-0.670558" m23="0" m30="0.471368" m31="0.179081" m32="0.877126" m33="1"/>
		<transform name="L Thigh" m00="0.264656" m01="0.0968013" m02="-0.959472" m03="0" m10="0.963755" m11="0.00817131" m12="0.266662" m13="0" m20="0.0336534" m21="-0.99527" m22="-0.0911302" m23="0" m30="0.0861402" m31="0.153798" m32="0.65164" m33="1"/>
		<transform name="L Toe0" m00="0.995159" m01="0.0964717" m02="0.0187686" m03="0" m10="-0.0176129" m11="-0.0128172" m12="0.999763" m13="0" m20="0.0966894" m21="-0.995253" m22="-0.011056" m23="0" m30="0.151522" m31="0.206596" m32="-0.00187463" m33="1"/>
		<transform name="L UpperArm" m00="0.660751" m01="0.437817" m02="-0.609692" m03="0" m10="-0.128857" m11="0.866371" m12="0.48249" m13="0" m20="0.739462" m21="-0.240243" m22="0.628872" m23="0" m30="0.109089" m31="0.0851477" m32="1.26723" m33="1"/>
		<transform name="Neck" m00="-0.177545" m01="-0.410938" m02="0.894208" m03="0" m10="0.685471" m11="-0.70361" m12="-0.187247" m13="0" m20="0.706121" m21="0.579709" m22="0.406609" m23="0" m30="-0.0448697" m31="-0.0410615" m32="1.17866" m33="1"/>
		<transform name="Pelvis" m00="-0.0403318" m01="-0.0903343" m02="0.995095" m03="0" m10="0.874896" m11="-0.484236" m12="-0.00849864" m13="0" m20="0.482628" m21="0.870262" m22="0.0985633" m23="0" m30="0.00667624" m31="0.0105113" m32="0.635412" m33="1"/>
		<transform name="Ponytail1" m00="-0.147707" m01="0.0368998" m02="0.988343" m03="0" m10="0.0403013" m11="0.998698" m12="-0.0312634" m13="0" m20="-0.98821" m21="0.0352137" m22="-0.149002" m23="0" m30="0.177018" m31="-0.0901031" m32="1.87069" m33="1"/>
		<transform name="Prop1" m00="0.503766" m01="0.748707" m02="0.430881" m03="0" m10="0.176617" m11="-0.57753" m12="0.797035" m13="0" m20="0.845592" m21="-0.325419" m22="-0.423174" m23="0" m30="-1.17299" m31="-0.228839" m32="1.87249" m33="1"/>
		<transform name="Prop3" m00="0.483014" m01="0.799691" m02="0.35664" m03="0" m10="0.216205" m11="-0.503615" m12="0.836437" m13="0" m20="0.848501" m21="-0.326903" m22="-0.41615" m23="0" m30="-1.17299" m31="-0.228839" m32="1.87249" m33="1"/>
		<transform name="R Calf" m00="-0.626618" m01="0.240812" m02="-0.741188" m03="0" m10="0.616252" m11="-0.429074" m12="-0.660401" m13="0" m20="-0.477056" m21="-0.870578" m22="0.120465" m23="0" m30="0.0495644" m31="-0.234625" m32="0.367662" m33="1"/>
		<transform name="R Clavicle" m00="-0.795461" m01="-0.42097" m02="-0.43592" m03="0" m10="-0.41262" m11="0.903075" m12="-0.11916" m13="0" m20="0.443831" m21="0.0850825" m22="-0.892062" m23="0" m30="-0.0584863" m31="-0.0524287" m32="1.17073" m33="1"/>
		<transform name="R Foot" m00="-0.000653796" m01="0.00408794" m02="-0.999991" m03="0" m10="0.876914" m11="-0.48064" m12="-0.00253817" m13="0" m20="-0.480646" m21="-0.876909" m22="-0.00327053" m23="0" m30="-0.101199" m31="-0.176687" m32="0.189334" m33="1"/>
		<transform name="R Forearm" m00="0.270538" m01="-0.390641" m02="0.879891" m03="0" m10="-0.741069" m11="-0.667908" m12="-0.0686732" m13="0" m20="0.614513" m21="-0.633481" m22="-0.470187" m23="0" m30="-0.460193" m31="-0.37677" m32="1.08996" m33="1"/>
		<transform name="R Hand" m00="0.205628" m01="-0.589108" m02="0.781453" m03="0" m10="0.51858" m11="0.742782" m12="0.423497" m13="0" m20="-0.829935" m21="0.318163" m22="0.458236" m23="0" m30="-0.3894" m31="-0.478991" m32="1.3202" m33="1"/>
		<transform name="R Thigh" m00="0.411034" m01="-0.342159" m02="-0.844972" m03="0" m10="0.776832" m11="-0.353584" m12="0.521066" m13="0" m20="-0.477056" m21="-0.870578" m22="0.120465" m23="0" m30="-0.0727877" m31="-0.132775" m32="0.619184" m33="1"/>
		<transform name="R Toe0" m00="0.876914" m01="-0.48064" m02="-0.00253817" m03="0" m10="0.000653796" m11="-0.00408794" m12="0.999991" m13="0" m20="-0.480646" m21="-0.876909" m22="-0.00327053" m23="0" m30="0.0308334" m31="-0.248355" m32="0.00170982" m33="1"/>
		<transform name="R UpperArm" m00="-0.711432" m01="-0.702555" m02="0.0167408" m03="0" m10="-0.340937" m11="0.324219" m12="-0.882408" m13="0" m20="0.614513" m21="-0.633481" m22="-0.470187" m23="0" m30="-0.216356" m31="-0.135976" m32="1.08422" m33="1"/>
		<transform name="Spine" m00="0.47504" m01="-0.216671" m02="0.852872" m03="0" m10="0.689817" m11="-0.510059" m12="-0.513801" m13="0" m20="0.546341" m21="0.832402" m22="-0.092835" m23="0" m30="-0.0496254" m31="0.0230634" m32="0.800453" m33="1"/>
		<transform name="Spine1" m00="0.0240273" m01="-0.165477" m02="0.985921" m03="0" m10="0.711805" m11="-0.689651" m12="-0.133098" m13="0" m20="0.701966" m21="0.704981" m22="0.101217" m23="0" m30="0.0151682" m31="-0.00644999" m32="0.916935" m33="1"/>
		<transform name="Spine2" m00="-0.443392" m01="-0.0857277" m02="0.892219" m03="0" m10="0.552085" m11="-0.810301" m12="0.196504" m13="0" m20="0.70612" m21="0.579709" m22="0.40661" m23="0" m30="0.0183867" m31="-0.0289555" m32="1.05155" m33="1"/>
		<transform name="Tail" m00="0.0410284" m01="0.0899472" m02="-0.995101" m03="0" m10="0.874865" m11="-0.484306" m12="-0.00770544" m13="0" m20="-0.482627" m21="-0.870263" m22="-0.0985619" m23="0" m30="0.0771097" m31="-0.02511" m32="0.605041" m33="1"/>
	</frame>
	<frame index="3">
		<transform name="Head" m00="0.0644843" m01="0.0723271" m02="0.995294" m03="0" m10="0.996881" m11="-0.0501487" m12="-0.0609428" m13="0" m20="0.0455049" m21="0.996119" m22="-0.0753353" m23="0" m30="-0.0807645" m31="-0.116201" m32="1.34794" m33="1"/>
		<transform name="L Calf" m00="-0.660606" m01="0.0474533" m02="-0.749231" m03="0" m10="0.749988" m11="0.0861374" m12="-0.655818" m13="0" m20="0.0334162" m21="-0.995152" m22="-0.0924924" m23="0" m30="0.162982" m31="0.182106" m32="0.367731" m33="1"/>
		<transform name="L Clavicle" m00="0.703965" m01="0.581565" m02="0.407696" m03="0" m10="-0.550231" m11="0.809534" m12="-0.204695" m13="0" m20="-0.449087" m21="-0.080229" m22="0.889879" m23="0" m30="-0.0328345" m31="-0.0291883" m32="1.18871" m33="1"/>
		<transform name="L Finger0" m00="-0.448225" m01="-0.795547" m02="0.407674" m03="0" m10="-0.609039" m11="-0.0620516" m12="-0.790709" m13="0" m20="0.654343" m21="-0.602706" m22="-0.456707" m23="0" m30="0.50975" m31="0.00621535" m32="0.922696" m33="1"/>
		<transform name="L Finger01" m00="-0.742532" m01="-0.6264" m02="-0.237211" m03="0" m10="-0.143112" m11="0.494337" m12="-0.857409" m13="0" m20="0.654343" m21="-0.602706" m22="-0.456707" m23="0" m30="0.449327" m31="-0.101028" m32="0.977652" m33="1"/>
		<transform name="L Finger1" m00="0.33225" m01="-0.843248" m02="-0.422545" m03="0" m10="-0.925118" m11="-0.204073" m12="-0.320172" m13="0" m20="0.183754" m21="0.497281" m22="-0.847907" m23="0" m30="0.651628" m31="0.0240928" m32="0.744474" m33="1"/>
		<transform name="L Finger11" m00="-0.643232" m01="-0.591439" m02="-0.486265" m03="0" m10="-0.743295" m11="0.634754" m12="0.211188" m13="0" m20="0.183754" m21="0.497281" m22="-0.847907" m23="0" m30="0.687325" m31="-0.0665049" m32="0.699076" m33="1"/>
		<transform name="L Foot" m00="-0.0133989" m01="-0.00766875" m02="-0.999881" m03="0" m10="0.995256" m11="0.0962716" m12="-0.0140753" m13="0" m20="0.0963681" m21="-0.995325" m22="0.00634244" m23="0" m30="0.00404159" m31="0.193523" m32="0.187467" m33="1"/>
		<transform name="L Forearm" m00="0.583233" m01="-0.238296" m02="-0.776566" m03="0" m10="0.336463" m11="0.941006" m12="-0.0360584" m13="0" m20="0.739345" m21="-0.240255" m22="0.629004" m23="0" m30="0.333191" m31="0.237557" m32="1.06141" m33="1"/>
		<transform name="L Hand" m00="0.658873" m01="-0.570313" m02="-0.490539" m03="0" m10="-0.740135" m11="-0.374891" m12="-0.558263" m13="0" m20="0.134486" m21="0.73089" m22="-0.669114" m23="0" m30="0.46923" m31="0.181974" m32="0.880271" m33="1"/>
		<transform name="L Thigh" m00="0.258146" m01="0.0979978" m02="-0.961123" m03="0" m10="0.965528" m11="0.00824052" m12="0.260169" m13="0" m20="0.0334162" m21="-0.995152" m22="-0.0924924" m23="0" m30="0.0861402" m31="0.152935" m32="0.653827" m33="1"/>
		<transform name="L Toe0" m00="0.995159" m01="0.0964717" m02="0.0187686" m03="0" m10="-0.0176129" m11="-0.0128172" m12="0.999763" m13="0" m20="0.0966894" m21="-0.995253" m22="-0.011056" m23="0" m30="0.151522" m31="0.206596" m32="-0.00187458" m33="1"/>
		<transform name="L UpperArm" m00="0.660308" m01="0.441517" m02="-0.607499" m03="0" m10="-0.131761" m11="0.864488" m12="0.485076" m13="0" m20="0.739345" m21="-0.240255" m22="0.629004" m23="0" m30="0.106876" m31="0.0862307" m32="1.26962" m33="1"/>
		<transform name="Neck" m00="-0.182954" m01="-0.406171" m02="0.895295" m03="0" m10="0.686264" m11="-0.704847" m12="-0.179532" m13="0" m20="0.703967" m21="0.581563" m22="0.407695" m23="0" m30="-0.0466131" m31="-0.0403822" m32="1.18081" m33="1"/>
		<transform name="Pelvis" m00="-0.0403318" m01="-0.0903343" m02="0.995095" m03="0" m10="0.874896" m11="-0.484236" m12="-0.00849864" m13="0" m20="0.482628" m21="0.870262" m22="0.0985633" m23="0" m30="0.00667624" m31="0.00964838" m32="0.637599" m33="1"/>
		<transform name="Ponytail1" m00="-0.147707" m01="0.0368998" m02="0.988343" m03="0" m10="0.0403013" m11="0.998698" m12="-0.0312634" m13="0" m20="-0.98821" m21="0.0352137" m22="-0.149002" m23="0" m30="0.174265" m31="-0.088534" m32="1.87305" m33="1"/>
		<transform name="Prop1" m00="0.503343" m01="0.749129" m02="0.43064" m03="0" m10="0.175877" m11="-0.576765" m12="0.797753" m13="0" m20="0.845998" m21="-0.325803" m22="-0.422065" m23="0" m30="-1.17496" m31="-0.227857" m32="1.87332" m33="1"/>
		<transform name="Prop3" m00="0.482659" m01="0.800043" m02="0.356331" m03="0" m10="0.215427" m11="-0.502811" m12="0.837122" m13="0" m20="0.8489" m21="-0.327282" m22="-0.415037" m23="0" m30="-1.17496" m31="-0.227857" m32="1.87332" m33="1"/>
		<transform name="R Calf" m00="-0.621585" m01="0.23944" m02="-0.745855" m03="0" m10="0.621208" m11="-0.429372" m12="-0.655546" m13="0" m20="-0.477213" m21="-0.870809" m22="0.118149" m23="0" m30="0.0483536" m31="-0.234295" m32="0.368785" m33="1"/>
		<transform name="R Clavicle" m00="-0.793068" m01="-0.422945" m02="-0.438362" m03="0" m10="-0.411539" m11="0.902597" m12="-0.126312" m13="0" m20="0.449087" m21="0.080229" m22="-0.889879" m23="0" m30="-0.0601878" m31="-0.0517856" m32="1.17287" m33="1"/>
		<transform name="R Foot" m00="-0.000653796" m01="0.00408794" m02="-0.999991" m03="0" m10="0.876914" m11="-0.48064" m12="-0.00253817" m13="0" m20="-0.480646" m21="-0.876909" m22="-0.00327053" m23="0" m30="-0.101199" m31="-0.176687" m32="0.189334" m33="1"/>
		<transform name="R Forearm" m00="0.269717" m01="-0.389794" m02="0.880519" m03="0" m10="-0.740989" m11="-0.66799" m12="-0.0687341" m13="0" m20="0.61497" m21="-0.633916" m22="-0.469001" m23="0" m30="-0.461419" m31="-0.376519" m32="1.09161" m33="1"/>
		<transform name="R Hand" m00="0.204904" m01="-0.588356" m02="0.782209" m03="0" m10="0.518164" m11="0.743198" m12="0.423277" m13="0" m20="-0.830374" m21="0.318582" m22="0.457149" m23="0" m30="-0.390842" m31="-0.478518" m32="1.32201" m33="1"/>
		<transform name="R Thigh" m00="0.406966" m01="-0.338151" m02="-0.848547" m03="0" m10="0.778875" m11="-0.356855" m12="0.51576" m13="0" m20="-0.477213" m21="-0.870809" m22="0.118149" m23="0" m30="-0.0727877" m31="-0.133638" m32="0.621371" m33="1"/>
		<transform name="R Toe0" m00="0.876914" m01="-0.48064" m02="-0.00253817" m03="0" m10="0.000653796" m11="-0.00408794" m12="0.999991" m13="0" m20="-0.480646" m21="-0.876909" m22="-0.00327053" m23="0" m30="0.0308335" m31="-0.248356" m32="0.00170987" m33="1"/>
		<transform name="R UpperArm" m00="-0.711432" m01="-0.702555" m02="0.0167409" m03="0" m10="-0.340112" m11="0.323368" m12="-0.883039" m13="0" m20="0.61497" m21="-0.633916" m22="-0.469001" m23="0" m30="-0.217582" m31="-0.135725" m32="1.08587" m33="1"/>
		<transform name="Spine" m00="0.473604" m01="-0.21561" m02="0.853939" m03="0" m10="0.690804" m11="-0.510509" m12="-0.512025" m13="0" m20="0.546341" m21="0.832402" m22="-0.092835" m23="0" m30="-0.0496255" m31="0.0222006" m32="0.80264" m33="1"/>
		<transform name="Spine1" m00="0.0181804" m01="-0.16031" m02="0.986899" m03="0" m10="0.712286" m11="-0.690614" m12="-0.125304" m13="0" m20="0.701654" m21="0.705232" m22="0.101631" m23="0" m30="0.0149718" m31="-0.00716775" m32="0.919267" m33="1"/>
		<transform name="Spine2" m00="-0.448648" m01="-0.0808736" m02="0.890042" m03="0" m10="0.550587" m11="-0.809472" m12="0.203985" m13="0" m20="0.703966" m21="0.581562" m22="0.407696" m23="0" m30="0.0173921" m31="-0.0289677" m32="1.05401" m33="1"/>
		<transform name="Tail" m00="0.0410284" m01="0.0899472" m02="-0.995101" m03="0" m10="0.874865" m11="-0.484306" m12="-0.00770544" m13="0" m20="-0.482627" m21="-0.870263" m22="-0.0985619" m23="0" m30="0.0771097" m31="-0.0259729" m32="0.607228" m33="1"/>
	</frame>
	<frame index="4">
		<transform name="Head" m00="0.0644843" m01="0.0723271" m02="0.995294" m03="0" m10="0.996881" m11="-0.0501487" m12="-0.0609428" m13="0" m20="0.0455049" m21="0.996119" m22="-0.0753353" m23="0" m30="-0.0836438" m31="-0.114559" m32="1.35103" m33="1"/>
		<transform name="L Calf" m00="-0.649513" m01="0.0498337" m02="-0.758715" m03="0" m10="0.759625" m11="0.0860948" m12="-0.644637" m13="0" m20="0.0331969" m21="-0.99504" m22="-0.0937746" m23="0" m30="0.160313" m31="0.181533" m32="0.370013" m33="1"/>
		<transform name="L Clavicle" m00="0.701708" m01="0.583508" m02="0.40881" m03="0" m10="-0.548611" m11="0.808622" m12="-0.212501" m13="0" m20="-0.454568" m21="-0.075164" m22="0.887535" m23="0" m30="-0.0347005" m31="-0.0284404" m32="1.19163" m33="1"/>
		<transform name="L Finger0" m00="-0.446898" m01="-0.797632" m02="0.405049" m03="0" m10="-0.608011" m11="-0.0613076" m12="-0.791558" m13="0" m20="0.656204" m21="-0.60002" m22="-0.457571" m23="0" m30="0.507882" m31="0.00995156" m32="0.92652" m33="1"/>
		<transform name="L Finger01" m00="-0.740859" m01="-0.627427" m02="-0.239716" m03="0" m10="-0.143258" m11="0.496298" m12="-0.856251" m13="0" m20="0.656204" m21="-0.60002" m22="-0.457571" m23="0" m30="0.447638" m31="-0.0975724" m32="0.981122" m33="1"/>
		<transform name="L Finger1" m00="0.334614" m01="-0.841373" m02="-0.424413" m03="0" m10="-0.924298" m11="-0.20529" m12="-0.321757" m13="0" m20="0.18359" m21="0.499949" m22="-0.846372" m23="0" m30="0.64992" m31="0.0286213" m32="0.748506" m33="1"/>
		<transform name="L Finger11" m00="-0.641358" m01="-0.591579" m02="-0.488563" m03="0" m10="-0.744952" m11="0.632524" m12="0.212038" m13="0" m20="0.18359" m21="0.499949" m22="-0.846372" m23="0" m30="0.68587" m31="-0.0617749" m32="0.702908" m33="1"/>
		<transform name="L Foot" m00="-0.0133989" m01="-0.00766875" m02="-0.999881" m03="0" m10="0.995256" m11="0.0962716" m12="-0.0140753" m13="0" m20="0.0963681" m21="-0.995325" m22="0.00634244" m23="0" m30="0.00404159" m31="0.193523" m32="0.187467" m33="1"/>
		<transform name="L Forearm" m00="0.584637" m01="-0.23492" m02="-0.776539" m03="0" m10="0.334393" m11="0.941849" m12="-0.0331736" m13="0" m20="0.739176" m21="-0.240275" m22="0.629196" m23="0" m30="0.330649" m31="0.240527" m32="1.06565" m33="1"/>
		<transform name="L Hand" m00="0.6607" m01="-0.567527" m02="-0.491312" m03="0" m10="-0.738665" m11="-0.375058" m12="-0.560093" m13="0" m20="0.133598" m21="0.732969" m22="-0.667014" m23="0" m30="0.467016" m31="0.185732" m32="0.884518" m33="1"/>
		<transform name="L Thigh" m00="0.249179" m01="0.0991035" m02="-0.963373" m03="0" m10="0.967888" m11="0.0086142" m12="0.251233" m13="0" m20="0.0331969" m21="-0.99504" m22="-0.0937746" m23="0" m30="0.0861402" m31="0.152033" m32="0.656779" m33="1"/>
		<transform name="L Toe0" m00="0.995159" m01="0.0964717" m02="0.0187686" m03="0" m10="-0.0176129" m11="-0.0128172" m12="0.999763" m13="0" m20="0.0966894" m21="-0.995253" m22="-0.011056" m23="0" m30="0.151522" m31="0.206596" m32="-0.0018747" m33="1"/>
		<transform name="L UpperArm" m00="0.659644" m01="0.446875" m02="-0.604295" m03="0" m10="-0.135975" m11="0.861725" m12="0.488815" m13="0" m20="0.739176" m21="-0.240275" m22="0.629196" m23="0" m30="0.104563" m31="0.0873643" m32="1.27276" m33="1"/>
		<transform name="Neck" m00="-0.188616" m01="-0.401179" m02="0.89637" m03="0" m10="0.687043" m11="-0.706099" m12="-0.171453" m13="0" m20="0.70171" m21="0.583506" m22="0.408809" m23="0" m30="-0.0484354" m31="-0.0396718" m32="1.18371" m33="1"/>
		<transform name="Pelvis" m00="-0.0403318" m01="-0.0903343" m02="0.995095" m03="0" m10="0.874896" m11="-0.484236" m12="-0.00849864" m13="0" m20="0.482628" m21="0.870262" m22="0.0985633" m23="0" m30="0.00667624" m31="0.00874655" m32="0.640551" m33="1"/>
		<transform name="Ponytail1" m00="-0.147707" m01="0.0368998" m02="0.988343" m03="0" m10="0.0403013" m11="0.998698" m12="-0.0312634" m13="0" m20="-0.98821" m21="0.0352137" m22="-0.149002" m23="0" m30="0.171386" m31="-0.0868917" m32="1.87615" m33="1"/>
		<transform name="Prop1" m00="0.502734" m01="0.749737" m02="0.430293" m03="0" m10="0.174812" m11="-0.575661" m12="0.798783" m13="0" m20="0.846581" m21="-0.326355" m22="-0.420468" m23="0" m30="-1.17731" m31="-0.226546" m32="1.87452" m33="1"/>
		<transform name="Prop3" m00="0.48215" m01="0.800548" m02="0.355886" m03="0" m10="0.214305" m11="-0.501652" m12="0.838104" m13="0" m20="0.849473" m21="-0.327824" m22="-0.413433" m23="0" m30="-1.17731" m31="-0.226546" m32="1.87452" m33="1"/>
		<transform name="R Calf" m00="-0.614616" m01="0.237013" m02="-0.752377" m03="0" m10="0.627971" m11="-0.430211" m12="-0.648514" m13="0" m20="-0.477387" m21="-0.871059" m22="0.115578" m23="0" m30="0.046677" m31="-0.233711" m32="0.370354" m33="1"/>
		<transform name="R Clavicle" m00="-0.790551" m01="-0.425023" m02="-0.440891" m03="0" m10="-0.410361" m11="0.902057" m12="-0.133781" m13="0" m20="0.454568" m21="0.0751641" m22="-0.887535" m23="0" m30="-0.061966" m31="-0.0511131" m32="1.17574" m33="1"/>
		<transform name="R Foot" m00="-0.000653796" m01="0.00408794" m02="-0.999991" m03="0" m10="0.876914" m11="-0.48064" m12="-0.00253817" m13="0" m20="-0.480646" m21="-0.876909" m22="-0.00327053" m23="0" m30="-0.101199" m31="-0.176687" m32="0.189334" m33="1"/>
		<transform name="R Forearm" m00="0.268533" m01="-0.388574" m02="0.881419" m03="0" m10="-0.740874" m11="-0.668108" m12="-0.0688217" m13="0" m20="0.615626" m21="-0.63454" m22="-0.467294" m23="0" m30="-0.462698" m31="-0.376259" m32="1.09398" m33="1"/>
		<transform name="R Hand" m00="0.20386" m01="-0.587273" m02="0.783295" m03="0" m10="0.517566" m11="0.743796" m12="0.422958" m13="0" m20="-0.831004" m21="0.319183" m22="0.455583" m23="0" m30="-0.39243" m31="-0.477939" m32="1.32463" m33="1"/>
		<transform name="R Thigh" m00="0.401334" m01="-0.33316" m02="-0.853192" m03="0" m10="0.781686" m11="-0.360918" m12="0.508631" m13="0" m20="-0.477387" m21="-0.871059" m22="0.115578" m23="0" m30="-0.0727877" m31="-0.13454" m32="0.624323" m33="1"/>
		<transform name="R Toe0" m00="0.876914" m01="-0.48064" m02="-0.00253817" m03="0" m10="0.000653796" m11="-0.00408794" m12="0.999991" m13="0" m20="-0.480646" m21="-0.876909" m22="-0.00327053" m23="0" m30="0.0308336" m31="-0.248356" m32="0.00170976" m33="1"/>
		<transform name="R UpperArm" m00="-0.711432" m01="-0.702555" m02="0.0167408" m03="0" m10="-0.338922" m11="0.322142" m12="-0.883944" m13="0" m20="0.615626" m21="-0.63454" m22="-0.467294" m23="0" m30="-0.218861" m31="-0.135464" m32="1.08824" m33="1"/>
		<transform name="Spine" m00="0.472099" m01="-0.214498" m02="0.855052" m03="0" m10="0.691834" m11="-0.510977" m12="-0.510165" m13="0" m20="0.546341" m21="0.832402" m22="-0.0928351" m23="0" m30="-0.0496256" m31="0.0212988" m32="0.805592" m33="1"/>
		<transform name="Spine1" m00="0.0120603" m01="-0.154901" m02="0.987857" m03="0" m10="0.712738" m11="-0.691579" m12="-0.117145" m13="0" m20="0.701327" m21="0.705495" m22="0.102063" m23="0" m30="0.0147662" m31="-0.00791761" m32="0.922369" m33="1"/>
		<transform name="Spine2" m00="-0.454131" m01="-0.075808" m02="0.887704" m03="0" m10="0.548971" m11="-0.808563" m12="0.211793" m13="0" m20="0.701709" m21="0.583505" m22="0.40881" m23="0" m30="0.0163509" m31="-0.028979" m32="1.05725" m33="1"/>
		<transform name="Tail" m00="0.0410284" m01="0.0899472" m02="-0.995101" m03="0" m10="0.874865" m11="-0.484306" m12="-0.00770544" m13="0" m20="-0.482627" m21="-0.870263" m22="-0.0985619" m23="0" m30="0.0771097" m31="-0.0268747" m32="0.61018" m33="1"/>
	</frame>
	<frame index="5">
		<transform name="Head" m00="0.0644843" m01="0.0723271" m02="0.995294" m03="0" m10="0.996881" m11="-0.0501487" m12="-0.0609428" m13="0" m20="0.0455049" m21="0.996119" m22="-0.0753353" m23="0" m30="-0.0866148" m31="-0.112859" m32="1.35456" m33="1"/>
		<transform name="L Calf" m00="-0.636313" m01="0.0523927" m02="-0.76965" m03="0" m10="0.770725" m11="0.0858434" m12="-0.631359" m13="0" m20="0.0329909" m21="-0.99493" m22="-0.0950037" m23="0" m30="0.157137" m31="0.180918" m32="0.372643" m33="1"/>
		<transform name="L Clavicle" m00="0.699373" m01="0.585517" m02="0.409936" m03="0" m10="-0.546887" m11="0.807637" m12="-0.220538" m13="0" m20="-0.460208" m21="-0.0699501" m22="0.885051" m23="0" m30="-0.0366248" m31="-0.0276649" m32="1.19498" m33="1"/>
		<transform name="L Finger0" m00="-0.44517" m01="-0.800316" m02="0.401645" m03="0" m10="-0.606681" m11="-0.0603368" m12="-0.792652" m13="0" m20="0.658605" m21="-0.596535" m22="-0.458677" m23="0" m30="0.506056" m31="0.0144891" m32="0.930992" m33="1"/>
		<transform name="L Finger01" m00="-0.738688" m01="-0.628739" m02="-0.242958" m03="0" m10="-0.143455" m11="0.498832" m12="-0.854744" m13="0" m20="0.658605" m21="-0.596535" m22="-0.458677" m23="0" m30="0.446045" m31="-0.0933967" m32="0.985135" m33="1"/>
