<?xml version="1.0" encoding="UTF-8" standalone="yes"?>

<!DOCTYPE animation [
	<!ELEMENT animation  (frame+)>
	<!ELEMENT frame      (transform+)>
	<!ELEMENT transform   EMPTY>
	<!ATTLIST frame index CDATA #REQUIRED>
	<!ATTLIST transform name CDATA #REQUIRED>
	<!ATTLIST transform m00 CDATA #REQUIRED>
	<!ATTLIST transform m01 CDATA #REQUIRED>
	<!ATTLIST transform m02 CDATA #REQUIRED>
	<!ATTLIST transform m03 CDATA #REQUIRED>
	<!ATTLIST transform m10 CDATA #REQUIRED>
	<!ATTLIST transform m11 CDATA #REQUIRED>
	<!ATTLIST transform m12 CDATA #REQUIRED>
	<!ATTLIST transform m13 CDATA #REQUIRED>
	<!ATTLIST transform m20 CDATA #REQUIRED>
	<!ATTLIST transform m21 CDATA #REQUIRED>
	<!ATTLIST transform m22 CDATA #REQUIRED>
	<!ATTLIST transform m23 CDATA #REQUIRED>
	<!ATTLIST transform m30 CDATA #REQUIRED>
	<!ATTLIST transform m31 CDATA #REQUIRED>
	<!ATTLIST transform m32 CDATA #REQUIRED>
	<!ATTLIST transform m33 CDATA #REQUIRED>
]>

<animation>
	<frame index="0">
		<transform name="warrior  Head" m00="0.325706" m01="0.0794256" m02="0.942129" m03="0" m10="0.937624" m11="0.100983" m12="-0.332662" m13="0" m20="-0.121561" m21="0.991713" m22="-0.0415804" m23="0" m30="-0.0438848" m31="-0.0163631" m32="1.55996" m33="1"/>
		<transform name="warrior  L Calf" m00="-0.994946" m01="-0.0599383" m02="0.0805644" m03="0" m10="-0.0953757" m11="0.3131" m12="-0.944919" m13="0" m20="0.0314121" m21="-0.947827" m22="-0.317234" m23="0" m30="-0.424156" m31="0.307411" m32="0.61665" m33="1"/>
		<transform name="warrior  L Clavicle" m00="-0.365639" m01="0.914918" m02="-0.170976" m03="0" m10="-0.922801" m11="-0.332379" m12="0.19484" m13="0" m20="0.121434" m21="0.229018" m22="0.965818" m23="0" m30="-0.0780645" m31="-0.00733694" m32="1.41347" m33="1"/>
		<transform name="warrior  L Foot" m00="-0.89128" m01="-0.395929" m02="-0.221044" m03="0" m10="0.118754" m11="0.266649" m12="-0.95645" m13="0" m20="0.437627" m21="-0.878714" m22="-0.190641" m23="0" m30="-0.580603" m31="0.297986" m32="0.629318" m33="1"/>
		<transform name="warrior  L Forearm" m00="0.816038" m01="0.429114" m02="-0.387224" m03="0" m10="-0.33757" m11="0.897641" m12="0.283351" m13="0" m20="0.469178" m21="-0.10051" m22="0.877365" m23="0" m30="-0.370071" m31="0.324066" m32="1.50661" m33="1"/>
		<transform name="warrior  L Hand" m00="0.826188" m01="0.426793" m02="-0.367778" m03="0" m10="0.262791" m11="-0.869358" m12="-0.418518" m13="0" m20="-0.498352" m21="0.249126" m22="-0.830411" m23="0" m30="-0.205748" m31="0.410475" m32="1.42864" m33="1"/>
		<transform name="warrior  L Thigh" m00="-0.914766" m01="0.100633" m02="-0.391249" m03="0" m10="0.40276" m11="0.302485" m12="-0.863879" m13="0" m20="0.0314121" m21="-0.947827" m22="-0.317234" m23="0" m30="-0.197804" m31="0.28251" m32="0.713461" m33="1"/>
		<transform name="warrior  L Toe0" m00="-0.100307" m01="0.162988" m02="-0.981516" m03="0" m10="0.893544" m11="0.44866" m12="-0.0168132" m13="0" m20="0.437627" m21="-0.878714" m22="-0.190641" m23="0" m30="-0.707723" m31="0.28967" m32="0.375838" m33="1"/>
		<transform name="warrior  L UpperArm" m00="-0.751569" m01="0.476221" m02="0.456463" m03="0" m10="-0.463699" m11="-0.873563" m12="0.147892" m13="0" m20="0.469178" m21="-0.10051" m22="0.877365" m23="0" m30="-0.1564" m31="0.188677" m32="1.37684" m33="1"/>
		<transform name="warrior  Neck" m00="0.122168" m01="0.229282" m02="0.965663" m03="0" m10="0.922705" m11="0.332194" m12="-0.195608" m13="0" m20="-0.365637" m21="0.914919" m22="-0.170976" m23="0" m30="-0.0614238" m31="-0.0492791" m32="1.42133" m33="1"/>
		<transform name="warrior  Pelvis" m00="0.28747" m01="-0.208907" m02="0.934729" m03="0" m10="0.919158" m11="0.334547" m12="-0.207911" m13="0" m20="-0.269277" m21="0.918932" m22="0.288191" m23="0" m30="-0.124509" m31="0.0323841" m32="0.635019" m33="1"/>
		<transform name="warrior  Ponytail1" m00="0.744621" m01="0.154118" m02="-0.649451" m03="0" m10="-0.643048" m11="-0.095243" m12="-0.759881" m13="0" m20="-0.178967" m21="0.983451" m22="0.0281854" m23="0" m30="0.331383" m31="0.0435389" m32="1.89053" m33="1"/>
		<transform name="warrior  Prop1" m00="0.317411" m01="0.818118" m02="0.479514" m03="0" m10="-0.898032" m11="0.0968965" m12="0.429127" m13="0" m20="0.304613" m21="-0.566828" m22="0.765452" m23="0" m30="0.323212" m31="-0.359186" m32="0.927429" m33="1"/>
		<transform name="warrior  R Calf" m00="0.591156" m01="0.181595" m02="-0.785849" m03="0" m10="0.776592" m11="-0.391262" m12="0.49378" m13="0" m20="-0.217805" m21="-0.902185" m22="-0.372322" m23="0" m30="0.0984625" m31="-0.17454" m32="0.364331" m33="1"/>
		<transform name="warrior  R Clavicle" m00="0.365639" m01="-0.914918" m02="0.170976" m03="0" m10="-0.922801" m11="-0.332379" m12="0.19484" m13="0" m20="-0.121434" m21="-0.229018" m22="-0.965818" m23="0" m30="-0.0445714" m31="-0.0911453" m32="1.42913" m33="1"/>
		<transform name="warrior  R Foot" m00="0.530026" m01="-0.177244" m02="-0.829251" m03="0" m10="0.776457" m11="-0.29165" m12="0.558619" m13="0" m20="-0.340863" m21="-0.93996" m22="-0.0169602" m23="0" m30="0.191417" m31="-0.145986" m32="0.240763" m33="1"/>
		<transform name="warrior  R Forearm" m00="0.833023" m01="-0.284454" m02="-0.474508" m03="0" m10="-0.465412" m11="-0.824023" m12="-0.323075" m13="0" m20="-0.299105" m21="0.489971" m22="-0.818819" m23="0" m30="0.0172371" m31="-0.533324" m32="1.3245" m33="1"/>
		<transform name="warrior  R Hand" m00="0.907004" m01="-0.0398181" m02="-0.419235" m03="0" m10="0.263036" m11="0.831006" m12="0.490144" m13="0" m20="0.32887" m21="-0.554836" m22="0.7642" m23="0" m30="0.18498" m31="-0.590603" m32="1.22895" m33="1"/>
		<transform name="warrior  R Thigh" m00="0.604898" m01="0.174595" m02="-0.776926" m03="0" m10="0.765937" m11="-0.394435" m12="0.507703" m13="0" m20="-0.217805" m21="-0.902185" m22="-0.372322" m23="0" m30="-0.0512147" m31="-0.217742" m32="0.556575" m33="1"/>
		<transform name="warrior  R Toe0" m00="0.776457" m01="-0.29165" m02="0.558619" m03="0" m10="-0.530026" m11="0.177244" m12="0.829251" m13="0" m20="-0.340863" m21="-0.93996" m22="-0.0169602" m23="0" m30="0.457713" m31="-0.24224" m32="0.223376" m33="1"/>
		<transform name="warrior  R UpperArm" m00="-0.0581318" m01="-0.865865" m02="-0.496888" m03="0" m10="-0.952448" m11="-0.101022" m12="0.287468" m13="0" m20="-0.299105" m21="0.489971" m22="-0.818819" m23="0" m30="0.0337643" m31="-0.287159" m32="1.46576" m33="1"/>
		<transform name="warrior  Spine" m00="0.233615" m01="-0.056382" m02="0.970693" m03="0" m10="0.921037" m11="0.332793" m12="-0.202335" m13="0" m20="-0.311632" m21="0.941313" m22="0.129675" m23="0" m30="-0.143919" m31="-0.0938998" m32="0.96275" m33="1"/>
		<transform name="warrior  Spine1" m00="0.122168" m01="0.229282" m02="0.965663" m03="0" m10="0.922705" m11="0.332194" m12="-0.195608" m13="0" m20="-0.365637" m21="0.914919" m22="-0.170976" m23="0" m30="-0.0918661" m31="-0.106573" m32="1.17984" m33="1"/>
	</frame>
	<frame index="1">
		<transform name="warrior  Head" m00="0.351113" m01="0.0862299" m02="0.932354" m03="0" m10="0.930992" m11="0.0740557" m12="-0.357449" m13="0" m20="-0.0998689" m21="0.993519" m22="-0.0542774" m23="0" m30="-0.0581918" m31="-0.0136192" m32="1.55363" m33="1"/>
		<transform name="warrior  L Calf" m00="-0.993035" m01="-0.0527858" m02="0.105336" m03="0" m10="-0.116912" m11="0.330536" m12="-0.936524" m13="0" m20="0.0146178" m21="-0.942316" m22="-0.334405" m23="0" m30="-0.397218" m31="0.331341" m32="0.568556" m33="1"/>
		<transform name="warrior  L Clavicle" m00="-0.322846" m01="0.929156" m02="-0.180107" m03="0" m10="-0.937563" m11="-0.287951" m12="0.195088" m13="0" m20="0.129405" m21="0.231845" m22="0.964107" m23="0" m30="-0.0915561" m31="-0.00434687" m32="1.40698" m33="1"/>
		<transform name="warrior  L Foot" m00="-0.879045" m01="-0.343901" m02="-0.330169" m03="0" m10="0.240275" m11="0.278575" m12="-0.929873" m13="0" m20="0.411761" m21="-0.896732" m22="-0.162249" m23="0" m30="-0.553365" m31="0.32304" m32="0.585119" m33="1"/>
		<transform name="warrior  L Forearm" m00="0.840845" m01="0.41481" m02="-0.347725" m03="0" m10="-0.348116" m11="0.90636" m12="0.23943" m13="0" m20="0.414482" m21="-0.0802746" m22="0.90651" m23="0" m30="-0.379483" m31="0.337138" m32="1.48102" m33="1"/>
		<transform name="warrior  L Hand" m00="0.849782" m01="0.412939" m02="-0.327646" m03="0" m10="0.260536" m11="-0.869353" m12="-0.419937" m13="0" m20="-0.458248" m21="0.271491" m22="-0.846346" m23="0" m30="-0.210166" m31="0.420667" m32="1.41101" m33="1"/>
		<transform name="warrior  L Thigh" m00="-0.812169" m01="0.18389" m02="-0.553684" m03="0" m10="0.583239" m11="0.279687" m12="-0.762632" m13="0" m20="0.0146178" m21="-0.942316" m22="-0.334405" m23="0" m30="-0.196253" m31="0.285839" m32="0.705561" m33="1"/>
		<transform name="warrior  L Toe0" m00="0.0341375" m01="0.193096" m02="-0.980586" m03="0" m10="0.910652" m11="0.398228" m12="0.110122" m13="0" m20="0.411761" m21="-0.896732" m22="-0.162249" m23="0" m30="-0.651015" m31="0.32639" m32="0.318785" m33="1"/>
		<transform name="warrior  L UpperArm" m00="-0.769469" m01="0.500954" m02="0.396184" m03="0" m10="-0.485923" m11="-0.861743" m12="0.145868" m13="0" m20="0.414482" m21="-0.0802746" m22="0.90651" m23="0" m30="-0.160723" m31="0.194717" m32="1.36839" m33="1"/>
		<transform name="warrior  Neck" m00="0.130152" m01="0.232075" m02="0.963951" m03="0" m10="0.937461" m11="0.287764" m12="-0.195855" m13="0" m20="-0.322843" m21="0.929157" m22="-0.180108" m23="0" m30="-0.0768762" m31="-0.0469361" m32="1.41525" m33="1"/>
		<transform name="warrior  Pelvis" m00="0.276131" m01="-0.21711" m02="0.936277" m03="0" m10="0.934046" m11="0.290207" m12="-0.208178" m13="0" m20="-0.226516" m21="0.93201" m22="0.282926" m23="0" m30="-0.134597" m31="0.0321526" m32="0.628551" m33="1"/>
		<transform name="warrior  Ponytail1" m00="0.695184" m01="0.134054" m02="-0.706222" m03="0" m10="-0.700505" m11="-0.0940958" m12="-0.707417" m13="0" m20="-0.161285" m21="0.986497" m22="0.0284915" m23="0" m30="0.32658" m31="0.0425901" m32="1.87377" m33="1"/>
		<transform name="warrior  Prop1" m00="0.315129" m01="0.821004" m02="0.476073" m03="0" m10="-0.906026" m11="0.11093" m12="0.408426" m13="0" m20="0.282509" m21="-0.560041" m22="0.778808" m23="0" m30="0.309753" m31="-0.367667" m32="0.926235" m33="1"/>
		<transform name="warrior  R Calf" m00="0.0925223" m01="0.345837" m02="-0.933722" m03="0" m10="0.963995" m11="-0.265904" m12="-0.00296506" m13="0" m20="-0.249306" m21="-0.899828" m22="-0.357987" m23="0" m30="0.106032" m31="-0.20352" m32="0.381624" m33="1"/>
		<transform name="warrior  R Clavicle" m00="0.322846" m01="-0.929156" m02="0.180107" m03="0" m10="-0.937563" m11="-0.287951" m12="0.195088" m13="0" m20="-0.129405" m21="-0.231845" m22="-0.964107" m23="0" m30="-0.0619827" m31="-0.0894595" m32="1.42347" m33="1"/>
		<transform name="warrior  R Foot" m00="0.472511" m01="-0.155383" m02="-0.867519" m03="0" m10="0.814198" m11="-0.299833" m12="0.497173" m13="0" m20="-0.337363" m21="-0.941252" m22="-0.0151614" m23="0" m30="0.12058" m31="-0.14914" m32="0.234804" m33="1"/>
		<transform name="warrior  R Forearm" m00="0.838862" m01="-0.297302" m02="-0.455985" m03="0" m10="-0.470741" m11="-0.816842" m12="-0.333426" m13="0" m20="-0.27334" m21="0.494349" m22="-0.82517" m23="0" m30="-0.00611264" m31="-0.53406" m32="1.31937" m33="1"/>
		<transform name="warrior  R Hand" m00="0.915348" m01="-0.0538201" m02="-0.399051" m03="0" m10="0.260668" m11="0.834548" m12="0.485368" m13="0" m20="0.306905" m21="-0.5483" m22="0.777931" m23="0" m30="0.162806" m31="-0.593926" m32="1.22755" m33="1"/>
		<transform name="warrior  R Thigh" m00="0.723293" m01="0.0727983" m02="-0.686693" m03="0" m10="0.643967" m11="-0.430127" m12="0.632691" m13="0" m20="-0.249306" m21="-0.899828" m22="-0.357987" m23="0" m30="-0.0729413" m31="-0.221533" m32="0.551541" m33="1"/>
		<transform name="warrior  R Toe0" m00="0.814198" m01="-0.299833" m02="0.497173" m03="0" m10="-0.472511" m11="0.155383" m12="0.867519" m13="0" m20="-0.337363" m21="-0.941252" m22="-0.0151614" m23="0" m30="0.385444" m31="-0.243463" m32="0.196978" m33="1"/>
		<transform name="warrior  R UpperArm" m00="-0.0467704" m01="-0.863654" m02="-0.501911" m03="0" m10="-0.96078" m11="-0.0985988" m12="0.259192" m13="0" m20="-0.27334" m21="0.494349" m22="-0.82517" m23="0" m30="0.00718445" m31="-0.288524" m32="1.46206" m33="1"/>
		<transform name="warrior  Spine" m00="0.228972" m01="-0.0605225" m02="0.97155" m03="0" m10="0.935834" m11="0.288395" m12="-0.20259" m13="0" m20="-0.267929" m21="0.955597" m22="0.122674" m23="0" m30="-0.160327" m31="-0.0913431" m32="0.95691" m33="1"/>
		<transform name="warrior  Spine1" m00="0.130152" m01="0.232075" m02="0.963951" m03="0" m10="0.937461" m11="0.287764" m12="-0.195855" m13="0" m20="-0.322843" m21="0.929157" m22="-0.180108" m23="0" m30="-0.109314" m31="-0.104933" m32="1.17419" m33="1"/>
	</frame>
	<frame index="2">
		<transform name="warrior  Head" m00="0.380563" m01="0.0916316" m02="0.920204" m03="0" m10="0.921563" m11="0.0450252" m12="-0.385608" m13="0" m20="-0.0767663" m21="0.994775" m22="-0.0673094" m23="0" m30="-0.0748897" m31="-0.0101816" m32="1.54577" m33="1"/>
		<transform name="warrior  L Calf" m00="-0.988002" m01="-0.056743" m02="0.14364" m03="0" m10="-0.154405" m11="0.342699" m12="-0.92667" m13="0" m20="0.00335677" m21="-0.93773" m22="-0.347348" m23="0" m30="-0.359955" m31="0.352497" m32="0.523284" m33="1"/>
		<transform name="warrior  L Clavicle" m00="-0.277698" m01="0.941267" m02="-0.192093" m03="0" m10="-0.950884" m11="-0.240853" m12="0.194446" m13="0" m20="0.136759" m21="0.236655" m22="0.961921" m23="0" m30="-0.107242" m31="-0.00104506" m32="1.39888" m33="1"/>
		<transform name="warrior  L Foot" m00="-0.850809" m01="-0.294144" m02="-0.435436" m03="0" m10="0.360654" m11="0.275792" m12="-0.890993" m13="0" m20="0.38217" m21="-0.915105" m22="-0.128562" m23="0" m30="-0.515311" m31="0.343575" m32="0.54587" m33="1"/>
		<transform name="warrior  L Forearm" m00="0.863489" m01="0.399292" m02="-0.308145" m03="0" m10="-0.354068" m11="0.914991" m12="0.193462" m13="0" m20="0.359198" m21="-0.0579473" m22="0.931461" m23="0" m30="-0.389057" m31="0.350171" m32="1.45276" m33="1"/>
		<transform name="warrior  L Hand" m00="0.871201" m01="0.397917" m02="-0.287525" m03="0" m10="0.25819" m11="-0.869518" m12="-0.421043" m13="0" m20="-0.417548" m21="0.292577" m22="-0.860263" m23="0" m30="-0.21518" m31="0.430575" m32="1.39071" m33="1"/>
		<transform name="warrior  L Thigh" m00="-0.664122" m01="0.257596" m02="-0.701845" m03="0" m10="0.747616" m11="0.233038" m12="-0.621903" m13="0" m20="0.00335677" m21="-0.93773" m22="-0.347348" m23="0" m30="-0.195624" m31="0.288757" m32="0.69695" m33="1"/>
		<transform name="warrior  L Toe0" m00="0.186177" m01="0.212517" m02="-0.959257" m03="0" m10="0.905143" m11="0.342664" m12="0.251589" m13="0" m20="0.38217" m21="-0.915105" m22="-0.128562" m23="0" m30="-0.580986" m31="0.354888" m32="0.270118" m33="1"/>
		<transform name="warrior  L UpperArm" m00="-0.781996" m01="0.526055" m02="0.334287" m03="0" m10="-0.509371" m11="-0.848474" m12="0.143643" m13="0" m20="0.359198" m21="-0.0579473" m22="0.931461" m23="0" m30="-0.166736" m31="0.200614" m32="1.35772" m33="1"/>
		<transform name="warrior  Neck" m00="0.137517" m01="0.236847" m02="0.961766" m03="0" m10="0.950776" m11="0.240662" m12="-0.195211" m13="0" m20="-0.277695" m21="0.941268" m22="-0.192093" m23="0" m30="-0.0946317" m31="-0.0441836" m32="1.4077" m33="1"/>
		<transform name="warrior  Pelvis" m00="0.263647" m01="-0.22707" m02="0.937512" m03="0" m10="0.947508" m11="0.243208" m12="-0.207552" m13="0" m20="-0.180882" m21="0.943021" m22="0.279272" m23="0" m30="-0.14639" m31="0.0320744" m32="0.620935" m33="1"/>
		<transform name="warrior  Ponytail1" m00="0.639962" m01="0.112827" m02="-0.760078" m03="0" m10="-0.755476" m11="-0.0883133" m12="-0.649197" m13="0" m20="-0.140372" m21="0.989682" m22="0.0287211" m23="0" m30="0.320466" m31="0.0411981" m32="1.85359" m33="1"/>
		<transform name="warrior  Prop1" m00="0.315036" m01="0.822749" m02="0.473114" m03="0" m10="-0.913188" m11="0.12698" m12="0.387251" m13="0" m20="0.258534" m21="-0.55404" m22="0.791328" m23="0" m30="0.293283" m31="-0.375801" m32="0.924798" m33="1"/>
		<transform name="warrior  R Calf" m00="-0.0649117" m01="0.361192" m02="-0.93023" m03="0" m10="0.957225" m11="-0.240869" m12="-0.16032" m13="0" m20="-0.281969" m21="-0.900846" m22="-0.330107" m23="0" m30="0.0803236" m31="-0.217039" m32="0.372665" m33="1"/>
		<transform name="warrior  R Clavicle" m00="0.277698" m01="-0.941267" m02="0.192092" m03="0" m10="-0.950884" m11="-0.240853" m12="0.194446" m13="0" m20="-0.136759" m21="-0.236655" m22="-0.961921" m23="0" m30="-0.0818038" m31="-0.087267" m32="1.41647" m33="1"/>
		<transform name="warrior  R Foot" m00="0.362957" m01="-0.12263" m02="-0.923701" m03="0" m10="0.866571" m11="-0.319962" m12="0.382986" m13="0" m20="-0.342515" m21="-0.93946" m22="-0.00986454" m23="0" m30="0.0701165" m31="-0.160245" m32="0.226394" m33="1"/>
		<transform name="warrior  R Forearm" m00="0.843534" m01="-0.311942" m02="-0.4372" m03="0" m10="-0.477509" m11="-0.80821" m12="-0.344648" m13="0" m20="-0.245839" m21="0.499489" m22="-0.830707" m23="0" m30="-0.0328403" m31="-0.533771" m32="1.31352" m33="1"/>
		<transform name="warrior  R Hand" m00="0.923021" m01="-0.0698811" m02="-0.378349" m03="0" m10="0.260561" m11="0.837072" m12="0.481059" m13="0" m20="0.283089" m21="-0.542611" m22="0.790844" m23="0" m30="0.13702" m31="-0.596585" m32="1.22548" m33="1"/>
		<transform name="warrior  R Thigh" m00="0.717254" m01="0.03059" m02="-0.69614" m03="0" m10="0.637213" m11="-0.43306" m12="0.637509" m13="0" m20="-0.281969" m21="-0.900846" m22="-0.330107" m23="0" m30="-0.0971551" m31="-0.224609" m32="0.54492" m33="1"/>
		<transform name="warrior  R Toe0" m00="0.866571" m01="-0.319962" m02="0.382986" m03="0" m10="-0.362957" m11="0.12263" m12="0.923701" m13="0" m20="-0.342515" m21="-0.93946" m22="-0.00986454" m23="0" m30="0.327859" m31="-0.253446" m32="0.153164" m33="1"/>
		<transform name="warrior  R UpperArm" m00="-0.0370387" m01="-0.861223" m02="-0.506876" m03="0" m10="-0.968603" m11="-0.0938415" m12="0.230222" m13="0" m20="-0.245839" m21="0.499489" m22="-0.830707" m23="0" m30="-0.0223098" m31="-0.288926" m32="1.45763" m33="1"/>
		<transform name="warrior  Spine" m00="0.223411" m01="-0.064839" m02="0.972565" m03="0" m10="0.949197" m11="0.241328" m12="-0.201954" m13="0" m20="-0.221613" m21="0.968275" m22="0.11546" m23="0" m30="-0.178675" m31="-0.0888334" m32="0.949677" m33="1"/>
		<transform name="warrior  Spine1" m00="0.137517" m01="0.236847" m02="0.961766" m03="0" m10="0.950776" m11="0.240662" m12="-0.195211" m13="0" m20="-0.277695" m21="0.941268" m22="-0.192093" m23="0" m30="-0.128909" m31="-0.10338" m32="1.16718" m33="1"/>
	</frame>
	<frame index="3">
		<transform name="warrior  Head" m00="0.412294" m01="0.0939662" m02="0.906192" m03="0" m10="0.909557" m11="0.0144773" m12="-0.415326" m13="0" m20="-0.0521458" m21="0.99547" m22="-0.0794987" m23="0" m30="-0.0923791" m31="-0.00644622" m32="1.53674" m33="1"/>
		<transform name="warrior  L Calf" m00="-0.980289" m01="-0.064907" m02="0.186604" m03="0" m10="-0.197496" m11="0.347914" m12="-0.916489" m13="0" m20="-0.0054357" m21="-0.935277" m22="-0.353875" m23="0" m30="-0.312836" m31="0.368921" m32="0.484608" m33="1"/>
		<transform name="warrior  L Clavicle" m00="-0.230036" m01="0.951323" m02="-0.205106" m03="0" m10="-0.962388" m11="-0.19107" m12="0.193138" m13="0" m20="0.144547" m21="0.24182" m22="0.959494" m23="0" m30="-0.123666" m31="0.00240931" m32="1.3896" m33="1"/>
		<transform name="warrior  L Foot" m00="-0.807421" m01="-0.246832" m02="-0.535859" m03="0" m10="0.477439" m11="0.260204" m12="-0.839253" m13="0" m20="0.346588" m21="-0.933471" m22="-0.092247" m23="0" m30="-0.466979" m31="0.358715" m32="0.51395" m33="1"/>
		<transform name="warrior  L Forearm" m00="0.884013" m01="0.38232" m02="-0.268983" m03="0" m10="-0.355088" m11="0.923436" m12="0.145531" m13="0" m20="0.304028" m21="-0.0331385" m22="0.952087" m23="0" m30="-0.397209" m31="0.363046" m32="1.42273" m33="1"/>
		<transform name="warrior  L Hand" m00="0.890504" m01="0.381496" m02="-0.247918" m03="0" m10="0.255426" m11="-0.870125" m12="-0.421474" m13="0" m20="-0.37651" m21="0.311999" m22="-0.872294" m23="0" m30="-0.219199" m31="0.440033" m32="1.36857" m33="1"/>
		<transform name="warrior  L Thigh" m00="-0.476863" m01="0.313475" m02="-0.821179" m03="0" m10="0.878961" m11="0.164286" m12="-0.447703" m13="0" m20="-0.0054357" m21="-0.935277" m22="-0.353875" m23="0" m30="-0.19484" m31="0.291354" m32="0.687802" m33="1"/>
		<transform name="warrior  L Toe0" m00="0.341821" m01="0.217268" m02="-0.914305" m03="0" m10="0.873519" m11="0.285355" m12="0.394382" m13="0" m20="0.346588" m21="-0.933471" m22="-0.092247" m23="0" m30="-0.498872" m31="0.374685" m32="0.23251" m33="1"/>
		<transform name="warrior  L UpperArm" m00="-0.788816" m01="0.551616" m02="0.27109" m03="0" m10="-0.53417" m11="-0.83344" m12="0.141566" m13="0" m20="0.304028" m21="-0.0331385" m22="0.952087" m23="0" m30="-0.172949" m31="0.206223" m32="1.34566" m33="1"/>
		<transform name="warrior  Neck" m00="0.145313" m01="0.241973" m02="0.95934" m03="0" m10="0.962273" m11="0.190875" m12="-0.193902" m13="0" m20="-0.230033" m21="0.951323" m22="-0.205107" m23="0" m30="-0.113241" m31="-0.041184" m32="1.39902" m33="1"/>
		<transform name="warrior  Pelvis" m00="0.249893" m01="-0.238274" m02="0.938498" m03="0" m10="0.959167" m11="0.193537" m12="-0.206259" m13="0" m20="-0.132488" m21="0.951719" m22="0.276908" m23="0" m30="-0.158778" m31="0.0323033" m32="0.612431" m33="1"/>
		<transform name="warrior  Ponytail1" m00="0.580459" m01="0.092163" m02="-0.809057" m03="0" m10="-0.80596" m11="-0.0767265" m12="-0.586977" m13="0" m20="-0.116174" m21="0.992783" m22="0.0297431" m23="0" m30="0.313918" m31="0.0383824" m32="1.83104" m33="1"/>
		<transform name="warrior  Prop1" m00="0.317083" m01="0.823561" m02="0.470325" m03="0" m10="-0.919383" m11="0.145195" m12="0.365585" m13="0" m20="0.232792" m21="-0.54833" m22="0.803207" m23="0" m30="0.275154" m31="-0.384039" m32="0.923007" m33="1"/>
		<transform name="warrior  R Calf" m00="-0.143759" m01="0.356458" m02="-0.923185" m03="0" m10="0.936643" m11="-0.252101" m12="-0.243195" m13="0" m20="-0.319425" m21="-0.899657" m22="-0.297632" m23="0" m30="0.0465474" m31="-0.227132" m32="0.356567" m33="1"/>
		<transform name="warrior  R Clavicle" m00="0.230036" m01="-0.951323" m02="0.205106" m03="0" m10="-0.962388" m11="-0.19107" m12="0.193138" m13="0" m20="-0.144547" m21="-0.24182" m22="-0.959494" m23="0" m30="-0.102594" m31="-0.0847337" m32="1.40839" m33="1"/>
		<transform name="warrior  R Foot" m00="0.241811" m01="-0.0853699" m02="-0.966561" m03="0" m10="0.904546" m11="-0.34068" m12="0.256386" m13="0" m20="-0.351175" m21="-0.936295" m22="-0.00515901" m23="0" m30="0.0239424" m31="-0.171082" m32="0.211403" m33="1"/>
		<transform name="warrior  R Forearm" m00="0.84693" m01="-0.328522" m02="-0.418071" m03="0" m10="-0.485582" m11="-0.798219" m12="-0.356449" m13="0" m20="-0.216611" m21="0.504895" m22="-0.83556" m23="0" m30="-0.0615001" m31="-0.532707" m32="1.30692" m33="1"/>
		<transform name="warrior  R Hand" m00="0.929885" m01="-0.0881465" m02="-0.357133" m03="0" m10="0.262672" m11="0.838788" m12="0.476904" m13="0" m20="0.257522" m21="-0.537275" m22="0.80313" m23="0" m30="0.109044" m31="-0.59886" m32="1.22273" m33="1"/>
		<transform name="warrior  R Thigh" m00="0.684052" m01="-0.00155738" m02="-0.729432" m03="0" m10="0.655775" m11="-0.436594" m12="0.61591" m13="0" m20="-0.319425" m21="-0.899657" m22="-0.297632" m23="0" m30="-0.122716" m31="-0.226747" m32="0.537059" m33="1"/>
		<transform name="warrior  R Toe0" m00="0.904546" m01="-0.34068" m02="0.256386" m03="0" m10="-0.241811" m11="0.0853699" m12="0.966561" m13="0" m20="-0.351175" m21="-0.936295" m22="-0.00515901" m23="0" m30="0.269322" m31="-0.262515" m32="0.102273" m33="1"/>
		<transform name="warrior  R UpperArm" m00="-0.0288036" m01="-0.858813" m02="-0.511479" m03="0" m10="-0.975833" m11="-0.086725" m12="0.200571" m13="0" m20="-0.216611" m21="0.504895" m22="-0.83556" m23="0" m30="-0.0533109" m31="-0.288547" m32="1.45233" m33="1"/>
		<transform name="warrior  Spine" m00="0.217244" m01="-0.0697058" m02="0.973625" m03="0" m10="0.960747" m11="0.19158" m12="-0.200655" m13="0" m20="-0.172541" m21="0.978998" m22="0.108589" m23="0" m30="-0.19785" m31="-0.086043" m32="0.941368" m33="1"/>
		<transform name="warrior  Spine1" m00="0.145313" m01="0.241973" m02="0.95934" m03="0" m10="0.962273" m11="0.190875" m12="-0.193902" m13="0" m20="-0.230033" m21="0.951323" m22="-0.205107" m23="0" m30="-0.149466" m31="-0.101667" m32="1.15911" m33="1"/>
	</frame>
	<frame index="4">
		<transform name="warrior  Head" m00="0.443422" m01="0.0917626" m02="0.891603" m03="0" m10="0.89593" m11="-0.0163056" m12="-0.443896" m13="0" m20="-0.0261949" m21="0.995647" m22="-0.0894431" m23="0" m30="-0.110017" m31="-0.00297863" m32="1.52709" m33="1"/>
		<transform name="warrior  L Calf" m00="-0.972422" m01="-0.0680362" m02="0.223085" m03="0" m10="-0.232707" m11="0.347022" m12="-0.908528" m13="0" m20="-0.0156027" m21="-0.935386" m22="-0.353284" m23="0" m30="-0.260381" m31="0.378964" m32="0.455654" m33="1"/>
		<transform name="warrior  L Clavicle" m00="-0.180466" m01="0.95941" m02="-0.216712" m03="0" m10="-0.971539" m11="-0.139503" m12="0.191446" m13="0" m20="0.153443" m21="0.245093" m22="0.95728" m23="0" m30="-0.140312" m31="0.00577751" m32="1.37973" m33="1"/>
		<transform name="warrior  L Foot" m00="-0.75043" m01="-0.201926" m02="-0.629349" m03="0" m10="0.586847" m11="0.234512" m12="-0.774994" m13="0" m20="0.304081" m21="-0.95091" m22="-0.0574859" m23="0" m30="-0.413287" m31="0.368266" m32="0.490732" m33="1"/>
		<transform name="warrior  L Forearm" m00="0.902179" m01="0.364066" m02="-0.231362" m03="0" m10="-0.351122" m11="0.931355" m12="0.0963863" m13="0" m20="0.250571" m21="-0.00572132" m22="0.968081" m23="0" m30="-0.403496" m31="0.375413" m32="1.39239" m33="1"/>
		<transform name="warrior  L Hand" m00="0.907486" m01="0.363852" m02="-0.209953" m03="0" m10="0.252035" m11="-0.871429" m12="-0.42082" m13="0" m20="-0.336076" m21="0.328973" m22="-0.882513" m23="0" m30="-0.221828" m31="0.448723" m32="1.3458" m33="1"/>
		<transform name="warrior  L Thigh" m00="-0.268116" m01="0.344301" m02="-0.899761" m03="0" m10="0.96326" m11="0.0806823" m12="-0.256164" m13="0" m20="-0.0156027" m21="-0.935386" m22="-0.353284" m23="0" m30="-0.194038" m31="0.29377" m32="0.678293" m33="1"/>
		<transform name="warrior  L Toe0" m00="0.496601" m01="0.20972" m02="-0.842262" m03="0" m10="0.812971" m11="0.227569" m12="0.535994" m13="0" m20="0.304081" m21="-0.95091" m22="-0.0574859" m23="0" m30="-0.410713" m31="0.386204" m32="0.20762" m33="1"/>
		<transform name="warrior  L UpperArm" m00="-0.789736" m01="0.577172" m02="0.207821" m03="0" m10="-0.559938" m11="-0.816603" m12="0.140105" m13="0" m20="0.250571" m21="-0.00572132" m22="0.968081" m23="0" m30="-0.178975" m31="0.211323" m32="1.3333" m33="1"/>
		<transform name="warrior  Neck" m00="0.154217" m01="0.245204" m02="0.957127" m03="0" m10="0.971417" m11="0.139305" m12="-0.192208" m13="0" m20="-0.180463" m21="0.959411" m22="-0.216712" m23="0" m30="-0.132157" m31="-0.0381804" m32="1.38968" m33="1"/>
		<transform name="warrior  Pelvis" m00="0.235072" m01="-0.249814" m02="0.939326" m03="0" m10="0.968482" m11="0.142089" m12="-0.20458" m13="0" m20="-0.0823611" m21="0.957812" m22="0.275342" m23="0" m30="-0.17162" m31="0.0330607" m32="0.603347" m33="1"/>
		<transform name="warrior  Ponytail1" m00="0.520083" m01="0.0743209" m02="-0.850876" m03="0" m10="-0.849448" m11="-0.0590045" m12="-0.524363" m13="0" m20="-0.0891766" m21="0.995487" m22="0.0324445" m23="0" m30="0.306555" m31="0.0332505" m32="1.80789" m33="1"/>
		<transform name="warrior  Prop1" m00="0.32104" m01="0.823766" m02="0.467271" m03="0" m10="-0.924403" m11="0.165272" m12="0.34375" m13="0" m20="0.205943" m21="-0.542305" m22="0.814551" m23="0" m30="0.255815" m31="-0.392793" m32="0.920651" m33="1"/>
		<transform name="warrior  R Calf" m00="-0.211922" m01="0.348235" m02="-0.913138" m03="0" m10="0.908253" m11="-0.274758" m12="-0.31557" m13="0" m20="-0.360785" m21="-0.896237" m22="-0.258058" m23="0" m30="0.00687928" m31="-0.235238" m32="0.336546" m33="1"/>
		<transform name="warrior  R Clavicle" m00="0.180466" m01="-0.95941" m02="0.216712" m03="0" m10="-0.971539" m11="-0.139503" m12="0.191446" m13="0" m20="-0.153443" m21="-0.245093" m22="-0.95728" m23="0" m30="-0.123781" m31="-0.0821064" m32="1.39958" m33="1"/>
		<transform name="warrior  R Foot" m00="0.113096" m01="-0.0417318" m02="-0.992707" m03="0" m10="0.927219" m11="-0.354592" m12="0.120541" m13="0" m20="-0.357036" m21="-0.934089" m22="-0.00140827" m23="0" m30="-0.026443" m31="-0.180481" m32="0.192963" m33="1"/>
		<transform name="warrior  R Forearm" m00="0.848941" m01="-0.346793" m02="-0.398791" m03="0" m10="-0.494574" m11="-0.787283" m12="-0.368214" m13="0" m20="-0.186267" m21="0.509823" m22="-0.839872" m23="0" m30="-0.0913425" m31="-0.531232" m32="1.29953" m33="1"/>
		<transform name="warrior  R Hand" m00="0.935703" m01="-0.108311" m02="-0.335752" m03="0" m10="0.26677" m11="0.839996" m12="0.472484" m13="0" m20="0.230855" m21="-0.531673" m22="0.81488" m23="0" m30="0.0796055" m31="-0.601065" m32="1.21923" m33="1"/>
		<transform name="warrior  R Thigh" m00="0.630781" m01="-0.0306719" m02="-0.775355" m03="0" m10="0.686986" m11="-0.442514" m12="0.576395" m13="0" m20="-0.360785" m21="-0.896237" m22="-0.258058" m23="0" m30="-0.149202" m31="-0.227648" m32="0.528402" m33="1"/>
		<transform name="warrior  R Toe0" m00="0.927219" m01="-0.354592" m02="0.120541" m03="0" m10="-0.113096" m11="0.0417318" m12="0.992707" m13="0" m20="-0.357036" m21="-0.934089" m22="-0.00140827" m23="0" m30="0.201822" m31="-0.267513" m32="0.0487366" m33="1"/>
		<transform name="warrior  R UpperArm" m00="-0.0218956" m01="-0.856774" m02="-0.515227" m03="0" m10="-0.982255" m11="-0.0775807" m12="0.170752" m13="0" m20="-0.186267" m21="0.509823" m22="-0.839872" m23="0" m30="-0.0851179" m31="-0.287652" m32="1.44601" m33="1"/>
		<transform name="warrior  Spine" m00="0.210829" m01="-0.0755197" m02="0.974601" m03="0" m10="0.969946" m11="0.140056" m12="-0.19897" m13="0" m20="-0.121472" m21="0.987259" m22="0.102778" m23="0" m30="-0.217557" m31="-0.0825636" m32="0.932366" m33="1"/>
		<transform name="warrior  Spine1" m00="0.154217" m01="0.245204" m02="0.957127" m03="0" m10="0.971417" m11="0.139305" m12="-0.192208" m13="0" m20="-0.180463" m21="0.959411" m22="-0.216712" m23="0" m30="-0.170608" m31="-0.0994777" m32="1.15033" m33="1"/>
	</frame>
	<frame index="5">
		<transform name="warrior  Head" m00="0.470861" m01="0.084244" m02="0.878176" m03="0" m10="0.882207" m11="-0.0459543" m12="-0.468614" m13="0" m20="0.000878068" m21="0.995385" m22="-0.0959588" m23="0" m30="-0.127626" m31="-0.000442907" m32="1.51745" m33="1"/>
		<transform name="warrior  L Calf" m00="-0.968421" m01="-0.0583428" m02="0.242396" m03="0" m10="-0.247455" m11="0.343585" m12="-0.905933" m13="0" m20="-0.0304291" m21="-0.937307" m22="-0.347172" m23="0" m30="-0.209003" m31="0.382369" m32="0.437251" m33="1"/>
		<transform name="warrior  L Clavicle" m00="-0.129955" m01="0.965755" m02="-0.224562" m03="0" m10="-0.977954" m11="-0.0875091" m12="0.189602" m13="0" m20="0.163458" m21="0.244251" m22="0.955836" m23="0" m30="-0.157044" m31="0.0087248" m32="1.36994" m33="1"/>
		<transform name="warrior  L Foot" m00="-0.682221" m01="-0.159057" m02="-0.713635" m03="0" m10="0.685073" m11="0.20194" m12="-0.699925" m13="0" m20="0.25544" m21="-0.966396" m22="-0.0288021" m23="0" m30="-0.361279" m31="0.373195" m32="0.475366" m33="1"/>
		<transform name="warrior  L Forearm" m00="0.917837" m01="0.344884" m02="-0.196546" m03="0" m10="-0.342437" m11="0.938344" m12="0.0474148" m13="0" m20="0.20078" m21="0.0237854" m22="0.979347" m23="0" m30="-0.408047" m31="0.386787" m32="1.36343" m33="1"/>
		<transform name="warrior  L Hand" m00="0.922042" m01="0.345325" m02="-0.174897" m03="0" m10="0.247717" m11="-0.873586" m12="-0.418908" m13="0" m20="-0.297447" m21="0.342926" m22="-0.891026" m23="0" m30="-0.223226" m31="0.456235" m32="1.32385" m33="1"/>
		<transform name="warrior  L Thigh" m00="-0.0618777" m01="0.348433" m02="-0.935289" m03="0" m10="0.99762" m11="-0.00697777" m12="-0.068601" m13="0" m20="-0.0304291" m21="-0.937307" m22="-0.347172" m23="0" m30="-0.193692" m31="0.296152" m32="0.668681" m33="1"/>
		<transform name="warrior  L Toe0" m00="0.642187" m01="0.191863" m02="-0.742149" m03="0" m10="0.722735" m11="0.171078" m12="0.669616" m13="0" m20="0.25544" m21="-0.966396" m22="-0.0288021" m23="0" m30="-0.324817" m31="0.391201" m32="0.194605" m33="1"/>
		<transform name="warrior  L UpperArm" m00="-0.784954" m01="0.602032" m02="0.146305" m03="0" m10="-0.586119" m11="-0.798118" m12="0.139547" m13="0" m20="0.20078" m21="0.0237854" m22="0.979347" m23="0" m30="-0.184886" m31="0.21563" m32="1.32183" m33="1"/>
		<transform name="warrior  Neck" m00="0.164237" m01="0.24432" m02="0.955685" m03="0" m10="0.977823" m11="0.0873119" m12="-0.190362" m13="0" m20="-0.129952" m21="0.965756" m22="-0.224562" m23="0" m30="-0.151204" m31="-0.0355177" m32="1.38025" m33="1"/>
		<transform name="warrior  Pelvis" m00="0.219603" m01="-0.260811" m02="0.940081" m03="0" m10="0.975066" m11="0.0902187" m12="-0.202746" m13="0" m20="-0.0319345" m21="0.961165" m22="0.27412" m23="0" m30="-0.185" m31="0.0345307" m32="0.594069" m33="1"/>
		<transform name="warrior  Ponytail1" m00="0.463515" m01="0.0611008" m02="-0.88398" m03="0" m10="-0.884045" m11="-0.0358266" m12="-0.466026" m13="0" m20="-0.0601446" m21="0.997488" m22="0.0374097" m23="0" m30="0.297578" m31="0.0251374" m32="1.78623" m33="1"/>
		<transform name="warrior  Prop1" m00="0.326671" m01="0.823603" m02="0.463641" m03="0" m10="-0.928054" m11="0.186669" m12="0.322289" m13="0" m20="0.178891" m21="-0.535567" m22="0.825328" m23="0" m30="0.235331" m31="-0.402429" m32="0.917567" m33="1"/>
		<transform name="warrior  R Calf" m00="-0.343756" m01="0.359958" m02="-0.86733" m03="0" m10="0.844442" m11="-0.285544" m12="-0.453191" m13="0" m20="-0.410791" m21="-0.888197" m22="-0.205806" m23="0" m30="-0.0398813" m31="-0.242488" m32="0.313596" m33="1"/>
		<transform name="warrior  R Clavicle" m00="0.129955" m01="-0.965755" m02="0.224562" m03="0" m10="-0.977954" m11="-0.0875091" m12="0.189602" m13="0" m20="-0.163458" m21="-0.24425" m22="-0.955836" m23="0" m30="-0.14514" m31="-0.0797403" m32="1.39051" m33="1"/>
		<transform name="warrior  R Foot" m00="0.0104917" m01="-0.00626823" m02="-0.999925" m03="0" m10="0.935415" m11="-0.353346" m12="0.0120298" m13="0" m20="-0.353395" m21="-0.935472" m22="0.00215622" m23="0" m30="-0.0939346" m31="-0.185887" m32="0.177215" m33="1"/>
		<transform name="warrior  R Forearm" m00="0.849479" m01="-0.366282" m02="-0.379766" m03="0" m10="-0.504121" m11="-0.775875" m12="-0.379315" m13="0" m20="-0.155715" m21="0.513668" m22="-0.84374" m23="0" m30="-0.121931" m31="-0.529829" m32="1.29143" m33="1"/>
		<transform name="warrior  R Hand" m00="0.94025" m01="-0.129828" m02="-0.314762" m03="0" m10="0.272618" m11="0.840896" m12="0.467517" m13="0" m20="0.203985" m21="-0.525393" m22="0.826046" m23="0" m30="0.0491261" m31="-0.603586" m32="1.21496" m33="1"/>
		<transform name="warrior  R Thigh" m00="0.551348" m01="-0.0622251" m02="-0.831952" m03="0" m10="0.726131" m11="-0.455229" m12="0.515267" m13="0" m20="-0.410791" m21="-0.888197" m22="-0.205806" m23="0" m30="-0.176308" m31="-0.227091" m32="0.519455" m33="1"/>
		<transform name="warrior  R Toe0" m00="0.935416" m01="-0.353344" m02="0.012037" m03="0" m10="-0.0104992" m11="0.00626872" m12="0.999925" m13="0" m20="-0.353393" m21="-0.935473" m22="0.00215405" m23="0" m30="0.118464" m31="-0.266517" m32="0.00731404" m33="1"/>
		<transform name="warrior  R UpperArm" m00="-0.0162916" m01="-0.855378" m02="-0.517747" m03="0" m10="-0.987668" m11="-0.066875" m12="0.141564" m13="0" m20="-0.155715" m21="0.513668" m22="-0.84374" m23="0" m30="-0.117299" m31="-0.286646" m32="1.43862" m33="1"/>
		<transform name="warrior  Spine" m00="0.204388" m01="-0.0826827" m02="0.975392" m03="0" m10="0.976409" m11="0.0881148" m12="-0.197132" m13="0" m20="-0.0696471" m21="0.992673" m22="0.0987417" m23="0" m30="-0.237667" m31="-0.0780945" m32="0.923119" m33="1"/>
		<transform name="warrior  Spine1" m00="0.164237" m01="0.24432" m02="0.955685" m03="0" m10="0.977823" m11="0.0873119" m12="-0.190362" m13="0" m20="-0.129952" m21="0.965756" m22="-0.224562" m23="0" m30="-0.192159" m31="-0.0966" m32="1.14126" m33="1"/>
	</frame>
	<frame index="6">
		<transform name="warrior  Head" m00="0.492039" m01="0.0709407" m02="0.867678" m03="0" m10="0.870067" m11="-0.0740674" m12="-0.487338" m13="0" m20="0.0296946" m21="0.994727" m22="-0.0981672" m23="0" m30="-0.143638" m31="0.000434015" m32="1.50849" m33="1"/>
		<transform name="warrior  L Calf" m00="-0.972139" m01="-0.0296497" m02="0.232521" m03="0" m10="-0.228483" m11="0.341402" m12="-0.911724" m13="0" m20="-0.052351" m21="-0.939449" m22="-0.338665" m23="0" m30="-0.161631" m31="0.380491" m32="0.427663" m33="1"/>
		<transform name="warrior  L Clavicle" m00="-0.0780886" m01="0.9709" m02="-0.226394" m03="0" m10="-0.981586" m11="-0.0351677" m12="0.187754" m13="0" m20="0.174328" m21="0.236887" m22="0.955769" m23="0" m30="-0.172241" m31="0.0108945" m32="1.36091" m33="1"/>
		<transform name="warrior  L Foot" m00="-0.603239" m01="-0.115824" m02="-0.789106" m03="0" m10="0.771717" m11="0.165061" m12="-0.614173" m13="0" m20="0.201386" m21="-0.979459" m22="-0.0101883" m23="0" m30="-0.314492" m31="0.375829" m32="0.464225" m33="1"/>
		<transform name="warrior  L Forearm" m00="0.931368" m01="0.324654" m02="-0.164783" m03="0" m10="-0.329338" m11="0.944211" m12="-0.00116803" m13="0" m20="0.155211" m21="0.055357" m22="0.986329" m23="0" m30="-0.409258" m31="0.396921" m32="1.33708" m33="1"/>
		<transform name="warrior  L Hand" m00="0.934565" m01="0.325796" m02="-0.142988" m03="0" m10="0.242043" m11="-0.876733" m12="-0.415637" m13="0" m20="-0.260775" m21="0.35383" m22="-0.898221" m23="0" m30="-0.221712" m31="0.462296" m32="1.3039" m33="1"/>
		<transform name="warrior  L Thigh" m00="0.123572" m01="0.33043" m02="-0.935706" m03="0" m10="0.990954" m11="-0.0908347" m12="0.0987914" m13="0" m20="-0.052351" m21="-0.939449" m22="-0.338665" m23="0" m30="-0.192208" m31="0.298729" m32="0.659196" m33="1"/>
		<transform name="warrior  L Toe0" m00="0.759678" m01="0.162746" m02="-0.629605" m03="0" m10="0.618331" m11="0.119054" m12="0.776848" m13="0" m20="0.201386" m21="-0.979459" m22="-0.0101883" m23="0" m30="-0.24489" m31="0.392995" m32="0.189741" m33="1"/>
		<transform name="warrior  L UpperArm" m00="-0.774842" m01="0.626169" m02="0.0867874" m03="0" m10="-0.612804" m11="-0.77772" m12="0.140081" m13="0" m20="0.155211" m21="0.055357" m22="0.986329" m23="0" m30="-0.188971" m31="0.218902" m32="1.31241" m33="1"/>
		<transform name="warrior  Neck" m00="0.17511" m01="0.236915" m02="0.955619" m03="0" m10="0.981447" m11="0.0349764" m12="-0.188514" m13="0" m20="-0.0780859" m21="0.9709" m22="-0.226395" m23="0" m30="-0.168777" m31="-0.0335777" m32="1.3713" m33="1"/>
		<transform name="warrior  Pelvis" m00="0.203621" m01="-0.27068" m02="0.940888" m03="0" m10="0.978873" m11="0.0380063" m12="-0.200908" m13="0" m20="0.018622" m21="0.961919" m22="0.2727" m23="0" m30="-0.197277" m31="0.0369022" m32="0.58497" m33="1"/>
		<transform name="warrior  Ponytail1" m00="0.414677" m01="0.053297" m02="-0.908407" m03="0" m10="-0.9095" m11="-0.0077619" m12="-0.415631" m13="0" m20="-0.0292029" m21="0.998549" m22="0.045255" m23="0" m30="0.287844" m31="0.0132101" m32="1.76802" m33="1"/>
		<transform name="warrior  Prop1" m00="0.333862" m01="0.823299" m02="0.459037" m03="0" m10="-0.930299" m11="0.209303" m12="0.301223" m13="0" m20="0.151919" m21="-0.527609" m22="0.835793" m23="0" m30="0.215131" m31="-0.413637" m32="0.913707" m33="1"/>
