<?xml version="1.0" encoding="UTF-8" standalone="yes"?>

<!DOCTYPE animation [
	<!ELEMENT animation  (frame+)>
	<!ELEMENT frame      (transform+)>
	<!ELEMENT transform   EMPTY>
	<!ATTLIST frame index CDATA #REQUIRED>
	<!ATTLIST transform name CDATA #REQUIRED>
	<!ATTLIST transform m00 CDATA #REQUIRED>
	<!ATTLIST transform m01 CDATA #REQUIRED>
	<!ATTLIST transform m02 CDATA #REQUIRED>
	<!ATTLIST transform m03 CDATA #REQUIRED>
	<!ATTLIST transform m10 CDATA #REQUIRED>
	<!ATTLIST transform m11 CDATA #REQUIRED>
	<!ATTLIST transform m12 CDATA #REQUIRED>
	<!ATTLIST transform m13 CDATA #REQUIRED>
	<!ATTLIST transform m20 CDATA #REQUIRED>
	<!ATTLIST transform m21 CDATA #REQUIRED>
	<!ATTLIST transform m22 CDATA #REQUIRED>
	<!ATTLIST transform m23 CDATA #REQUIRED>
	<!ATTLIST transform m30 CDATA #REQUIRED>
	<!ATTLIST transform m31 CDATA #REQUIRED>
	<!ATTLIST transform m32 CDATA #REQUIRED>
	<!ATTLIST transform m33 CDATA #REQUIRED>
]>

<animation>
	<frame index="0">
		<transform name="warrior  Head" m00="-1.28949e-06" m01="-0.037674" m02="0.99929" m03="0" m10="1" m11="-1.46649e-06" m12="1.23457e-06" m13="0" m20="1.41398e-06" m21="0.99929" m22="0.037674" m23="0" m30="-0.157028" m31="0.0361896" m32="1.42448" m33="1"/>
		<transform name="warrior  L Calf" m00="-0.660602" m01="0.118147" m02="-0.741382" m03="0" m10="0.732812" m11="-0.11303" m12="-0.670978" m13="0" m20="-0.163072" m21="-0.986542" m22="-0.0119116" m23="0" m30="-0.0473065" m31="0.288098" m32="0.289129" m33="1"/>
		<transform name="warrior  L Clavicle" m00="0.172758" m01="0.982877" m02="-0.0640815" m03="0" m10="-0.984808" m11="0.173524" m12="0.00654202" m13="0" m20="0.0175497" m21="0.0619778" m22="0.997923" m23="0" m30="-0.250868" m31="0.0925297" m32="1.32091" m33="1"/>
		<transform name="warrior  L Foot" m00="-2.41222e-07" m01="2.50816e-06" m02="-1" m03="0" m10="1" m11="6.37055e-06" m12="-2.4173e-07" m13="0" m20="6.37706e-06" m21="-1" m22="-2.50373e-06" m23="0" m30="-0.151181" m31="0.306675" m32="0.172552" m33="1"/>
		<transform name="warrior  L Forearm" m00="0.742367" m01="0.111205" m02="-0.6607" m03="0" m10="0.131637" m11="0.942699" m12="0.306579" m13="0" m20="0.656935" m21="-0.314567" m22="0.68519" m23="0" m30="-0.0265131" m31="0.496751" m32="1.21647" m33="1"/>
		<transform name="warrior  L Hand" m00="0.742367" m01="0.111205" m02="-0.6607" m03="0" m10="-0.244209" m11="-0.873376" m12="-0.421397" m13="0" m20="-0.623902" m21="0.47418" m22="-0.621208" m23="0" m30="0.122974" m31="0.519144" m32="1.08343" m33="1"/>
		<transform name="warrior  L Thigh" m00="0.176052" m01="-0.017217" m02="-0.98423" m03="0" m10="0.97078" m11="-0.162597" m12="0.17649" m13="0" m20="-0.163072" m21="-0.986542" m22="-0.0119116" m23="0" m30="-0.0908692" m31="0.292358" m32="0.532669" m33="1"/>
		<transform name="warrior  L Toe0" m00="1" m01="6.37055e-06" m02="-2.41976e-07" m03="0" m10="2.41469e-07" m11="-2.50817e-06" m12="1" m13="0" m20="6.37706e-06" m21="-1" m22="-2.50375e-06" m23="0" m30="0.0739461" m31="0.306677" m32="-6.98611e-05" m33="1"/>
		<transform name="warrior  L UpperArm" m00="0.658965" m01="0.68114" m02="-0.319084" m03="0" m10="-0.366337" m11="0.661133" m12="0.654752" m13="0" m20="0.656935" m21="-0.314567" m22="0.68519" m23="0" m30="-0.213856" m31="0.303103" m32="1.30718" m33="1"/>
		<transform name="warrior  Neck" m00="0.709318" m01="-0.0790073" m02="0.700447" m03="0" m10="0.68339" m11="-0.166464" m12="-0.710822" m13="0" m20="0.17276" m21="0.982877" m22="-0.0640835" m23="0" m30="-0.258859" m31="0.047532" m32="1.32393" m33="1"/>
		<transform name="warrior  Pelvis" m00="-1.87178e-07" m01="-0.0376753" m02="0.99929" m03="0" m10="0.984808" m11="-0.173522" m12="-0.00654197" m13="0" m20="0.173645" m21="0.984109" m22="0.037103" m23="0" m30="-0.138134" m31="0.0244912" m32="0.52257" m33="1"/>
		<transform name="warrior  Ponytail1" m00="0.995228" m01="0.00367728" m02="-0.0975029" m03="0" m10="-0.0975722" m11="0.0374913" m12="-0.994522" m13="0" m20="-1.63025e-06" m21="0.99929" m22="0.0376712" m23="0" m30="0.0908489" m31="0.019717" m32="1.86262" m33="1"/>
		<transform name="warrior  Prop1" m00="0.78473" m01="0.408591" m02="0.466103" m03="0" m10="-0.582342" m11="0.743567" m12="0.328611" m13="0" m20="-0.212311" m21="-0.529303" m22="0.821439" m23="0" m30="-0.0465192" m31="-0.587011" m32="0.795576" m33="1"/>
		<transform name="warrior  R Calf" m00="-0.749422" m01="0.251064" m02="-0.612645" m03="0" m10="0.635414" m11="0.012708" m12="-0.772067" m13="0" m20="-0.186053" m21="-0.967887" m22="-0.169053" m23="0" m30="-0.189488" m31="-0.200044" m32="0.268887" m33="1"/>
		<transform name="warrior  R Clavicle" m00="-0.172758" m01="-0.982877" m02="0.0640815" m03="0" m10="-0.984808" m11="0.173524" m12="0.00654202" m13="0" m20="-0.0175496" m21="-0.0619777" m22="-0.997923" m23="0" m30="-0.266693" m31="0.00249619" m32="1.32678" m33="1"/>
		<transform name="warrior  R Foot" m00="-2.45324e-07" m01="5.99233e-07" m02="-1" m03="0" m10="0.866026" m11="-0.499999" m12="-5.08348e-07" m13="0" m20="-0.499999" m21="-0.866026" m22="-3.93399e-07" m23="0" m30="-0.307329" m31="-0.160567" m32="0.172553" m33="1"/>
		<transform name="warrior  R Forearm" m00="0.538747" m01="-0.765106" m02="-0.352653" m03="0" m10="-0.755969" m11="-0.254287" m12="-0.603198" m13="0" m20="0.371836" m21="0.591566" m22="-0.715394" m23="0" m30="-0.360269" m31="-0.407643" m32="1.14609" m33="1"/>
		<transform name="warrior  R Hand" m00="0.538747" m01="-0.765106" m02="-0.352653" m03="0" m10="0.80924" m11="0.353577" m12="0.469164" m13="0" m20="-0.23427" m21="-0.538141" m22="0.809643" m23="0" m30="-0.251784" m31="-0.561709" m32="1.07508" m33="1"/>
		<transform name="warrior  R Thigh" m00="-0.0165236" m01="0.175115" m02="-0.984409" m03="0" m10="0.982401" m11="-0.180358" m12="-0.0485736" m13="0" m20="-0.186053" m21="-0.967887" m22="-0.169053" m23="0" m30="-0.1854" m31="-0.243375" m32="0.512471" m33="1"/>
		<transform name="warrior  R Toe0" m00="0.965926" m01="-0.258817" m02="-1.60217e-07" m03="0" m10="0" m11="-4.49436e-07" m12="1" m13="0" m20="-0.258817" m21="-0.965926" m22="-4.17841e-07" m23="0" m30="-0.112363" m31="-0.27313" m32="-6.88209e-05" m33="1"/>
		<transform name="warrior  R UpperArm" m00="-0.198962" m01="-0.701955" m02="-0.683866" m03="0" m10="-0.906726" m11="0.396622" m12="-0.143313" m13="0" m20="0.371836" m21="0.591566" m22="-0.715394" m23="0" m30="-0.303705" m31="-0.208077" m32="1.34051" m33="1"/>
		<transform name="warrior  Spine" m00="0.00557073" m01="-0.0106716" m02="0.999928" m03="0" m10="0.984803" m11="-0.173518" m12="-0.00733831" m13="0" m20="0.173584" m21="0.984773" m22="0.00954276" m23="0" m30="-0.264414" m31="0.0344016" m32="0.850729" m33="1"/>
		<transform name="warrior  Spine1" m00="0.0183339" m01="0.0618396" m02="0.997918" m03="0" m10="0.984793" m11="-0.173576" m12="-0.0073365" m13="0" m20="0.17276" m21="0.982877" m22="-0.0640815" m23="0" m30="-0.263365" m31="0.03205" m32="1.07432" m33="1"/>
	</frame>
	<frame index="1">
		<transform name="warrior  Head" m00="-0.0658907" m01="-0.0476497" m02="0.996688" m03="0" m10="0.997767" m11="-0.0140827" m12="0.0652887" m13="0" m20="0.010925" m21="0.998765" m22="0.0484713" m23="0" m30="-0.195842" m31="0.00672365" m32="1.42461" m33="1"/>
		<transform name="warrior  L Calf" m00="-0.629773" m01="0.143274" m02="-0.763451" m03="0" m10="0.759493" m11="-0.0926177" m12="-0.643889" m13="0" m20="-0.162962" m21="-0.98534" m22="-0.0504877" m23="0" m30="-0.0666209" m31="0.290064" m32="0.29879" m33="1"/>
		<transform name="warrior  L Clavicle" m00="0.172661" m01="0.984321" m02="-0.0360517" m03="0" m10="-0.984971" m11="0.172708" m12="-0.00184068" m13="0" m20="0.00441461" m21="0.0358277" m22="0.999348" m23="0" m30="-0.288369" m31="0.0657017" m32="1.32133" m33="1"/>
		<transform name="warrior  L Foot" m00="0.0310132" m01="0.0297317" m02="-0.999077" m03="0" m10="0.999494" m11="0.00613377" m12="0.0312087" m13="0" m20="0.007056" m21="-0.999539" m22="-0.0295264" m23="0" m30="-0.165648" m31="0.312592" m32="0.178743" m33="1"/>
		<transform name="warrior  L Forearm" m00="0.740896" m01="0.183295" m02="-0.646123" m03="0" m10="0.0641876" m11="0.93831" m12="0.339786" m13="0" m20="0.668545" m21="-0.29322" m22="0.683425" m23="0" m30="-0.0752177" m31="0.483498" m32="1.23006" m33="1"/>
		<transform name="warrior  L Hand" m00="0.740896" m01="0.183295" m02="-0.646123" m03="0" m10="-0.179819" m11="-0.872778" m12="-0.453788" m13="0" m20="-0.647099" m21="0.452395" m22="-0.613678" m23="0" m30="0.0739737" m31="0.520407" m32="1.09995" m33="1"/>
		<transform name="warrior  L Thigh" m00="0.208623" m01="0.0156015" m02="-0.977872" m03="0" m10="0.964323" m11="-0.169889" m12="0.203023" m13="0" m20="-0.162962" m21="-0.98534" m22="-0.0504877" m23="0" m30="-0.118243" m31="0.286203" m32="0.540756" m33="1"/>
		<transform name="warrior  L Toe0" m00="0.999492" m01="0.00613677" m02="0.0312865" m03="0" m10="-0.0310665" m11="-0.0331483" m12="0.998968" m13="0" m20="0.00716754" m21="-0.999432" m22="-0.0329408" m23="0" m30="0.0647189" m31="0.319105" m32="0.0133064" m33="1"/>
		<transform name="warrior  L UpperArm" m00="0.619629" m01="0.727801" m02="-0.293879" m03="0" m10="-0.411226" m11="0.619941" m12="0.668255" m13="0" m20="0.668545" m21="-0.29322" m22="0.683425" m23="0" m30="-0.251378" m31="0.276585" m32="1.31361" m33="1"/>
		<transform name="warrior  Neck" m00="0.700153" m01="-0.0969065" m02="0.707386" m03="0" m10="0.6928" m11="-0.147383" m12="-0.705908" m13="0" m20="0.172663" m21="0.984321" m22="-0.0360537" m23="0" m30="-0.296356" m31="0.0206356" m32="1.32306" m33="1"/>
		<transform name="warrior  Pelvis" m00="-0.0130583" m01="-0.0638374" m02="0.997875" m03="0" m10="0.984972" m11="-0.172707" m12="0.00184077" m13="0" m20="0.172222" m21="0.982902" m22="0.0651333" m23="0" m30="-0.165121" m31="0.0186649" m32="0.523028" m33="1"/>
		<transform name="warrior  Ponytail1" m00="0.99987" m01="-0.0114829" m02="0.011303" m03="0" m10="0.0118456" m11="0.0483386" m12="-0.998761" m13="0" m20="0.0109223" m21="0.998765" m22="0.0484683" m23="0" m30="0.0225833" m31="-0.0176131" m32="1.87779" m33="1"/>
		<transform name="warrior  Prop1" m00="0.814293" m01="0.353531" m02="0.460373" m03="0" m10="-0.538601" m11="0.7559" m12="0.372187" m13="0" m20="-0.216416" m21="-0.551027" m22="0.805936" m23="0" m30="-0.109345" m31="-0.606895" m32="0.767461" m33="1"/>
		<transform name="warrior  R Calf" m00="-0.782648" m01="0.303408" m02="-0.543512" m03="0" m10="0.573634" m11="0.0125512" m12="-0.819016" m13="0" m20="-0.241674" m21="-0.952778" m22="-0.183868" m23="0" m30="-0.189219" m31="-0.207769" m32="0.262361" m33="1"/>
		<transform name="warrior  R Clavicle" m00="-0.172661" m01="-0.984321" m02="0.0360516" m03="0" m10="-0.984971" m11="0.172708" m12="-0.00184068" m13="0" m20="-0.0044146" m21="-0.0358276" m22="-0.999348" m23="0" m30="-0.304185" m31="-0.0244641" m32="1.32463" m33="1"/>
		<transform name="warrior  R Foot" m00="0.0291751" m01="-0.00145385" m02="-0.999573" m03="0" m10="0.866502" m11="-0.498495" m12="0.0260162" m13="0" m20="-0.498321" m21="-0.866891" m22="-0.0132839" m23="0" m30="-0.312284" m31="-0.16006" m32="0.176898" m33="1"/>
		<transform name="warrior  R Forearm" m00="0.493464" m01="-0.774456" m02="-0.395868" m03="0" m10="-0.781752" m11="-0.195417" m12="-0.592179" m13="0" m20="0.381257" m21="0.601689" m22="-0.701864" m23="0" m30="-0.405579" m31="-0.427322" m32="1.1328" m33="1"/>
		<transform name="warrior  R Hand" m00="0.493464" m01="-0.774456" m02="-0.395868" m03="0" m10="0.83627" m11="0.297375" m12="0.460674" m13="0" m20="-0.23905" m21="-0.558378" m22="0.794398" m23="0" m30="-0.306212" m31="-0.583271" m32="1.05308" m33="1"/>
		<transform name="warrior  R Thigh" m00="0.09206" m01="0.166117" m02="-0.981799" m03="0" m10="0.965981" m11="-0.254202" m12="0.0475665" m13="0" m20="-0.241674" m21="-0.952778" m22="-0.183868" m23="0" m30="-0.211999" m31="-0.248873" m32="0.505299" m33="1"/>
		<transform name="warrior  R Toe0" m00="0.96595" m01="-0.257131" m02="0.0287018" m03="0" m10="-0.0293012" m11="0.00150111" m12="0.999569" m13="0" m20="-0.257063" m21="-0.966375" m22="-0.00608425" m23="0" m30="-0.112175" m31="-0.272536" m32="0.0102067" m33="1"/>
		<transform name="warrior  R UpperArm" m00="-0.226531" m01="-0.675257" m02="-0.701934" m03="0" m10="-0.896285" m11="0.426611" m12="-0.121145" m13="0" m20="0.381257" m21="0.601689" m22="-0.701864" m23="0" m30="-0.341176" m31="-0.235347" m32="1.33236" m33="1"/>
		<transform name="warrior  Spine" m00="-0.00752148" m01="-0.0368563" m02="0.999292" m03="0" m10="0.984977" m11="-0.172682" m12="0.00104482" m13="0" m20="0.172521" m21="0.984288" m22="0.0376014" m23="0" m30="-0.295699" m31="0.0199013" m32="0.849649" m33="1"/>
		<transform name="warrior  Spine1" m00="0.00519895" m01="0.0356901" m02="0.999349" m03="0" m10="0.984967" m11="-0.172739" m12="0.00104498" m13="0" m20="0.172664" m21="0.984321" m22="-0.0360517" m23="0" m30="-0.297577" m31="0.0116945" m32="1.07309" m33="1"/>
	</frame>
	<frame index="2">
		<transform name="warrior  Head" m00="-0.131294" m01="-0.0567567" m02="0.989717" m03="0" m10="0.991084" m11="-0.0303653" m12="0.129734" m13="0" m20="0.0226899" m21="0.997926" m22="0.0602374" m23="0" m30="-0.234612" m31="-0.0227018" m32="1.42387" m33="1"/>
		<transform name="warrior  L Calf" m00="-0.557784" m01="0.18165" m02="-0.809864" m03="0" m10="0.813905" m11="-0.071434" m12="-0.57659" m13="0" m20="-0.162589" m21="-0.980765" m22="-0.108001" m23="0" m30="-0.0774891" m31="0.294712" m32="0.311337" m33="1"/>
		<transform name="warrior  L Clavicle" m00="0.172197" m01="0.98503" m02="-0.00799741" m03="0" m10="-0.985024" m11="0.172112" m12="-0.0102433" m13="0" m20="-0.00871348" m21="0.00964149" m22="0.999916" m23="0" m30="-0.325833" m31="0.0389065" m32="1.32096" m33="1"/>
		<transform name="warrior  L Foot" m00="0.0937891" m01="0.0662295" m02="-0.993387" m03="0" m10="0.995256" m11="0.0196646" m12="0.0952767" m13="0" m20="0.0258447" m21="-0.997611" m22="-0.064071" m23="0" m30="-0.165196" m31="0.323275" m32="0.183992" m33="1"/>
		<transform name="warrior  L Forearm" m00="0.735234" m01="0.254217" m02="-0.628335" m03="0" m10="-0.00373404" m11="0.928508" m12="0.371294" m13="0" m20="0.677803" m21="-0.270642" m22="0.68362" m23="0" m30="-0.124696" m31="0.469179" m32="1.24319" m33="1"/>
		<transform name="warrior  L Hand" m00="0.735234" m01="0.254217" m02="-0.628335" m03="0" m10="-0.114553" m11="-0.867065" m12="-0.484846" m13="0" m20="-0.668063" m21="0.428453" m22="-0.608374" m23="0" m30="0.0233551" m31="0.52037" m32="1.11667" m33="1"/>
		<transform name="warrior  L Thigh" m00="0.275669" m01="0.0599463" m02="-0.959382" m03="0" m10="0.947402" m11="-0.185757" m12="0.26062" m13="0" m20="-0.162589" m21="-0.980765" m22="-0.108001" m23="0" m30="-0.145701" m31="0.279879" m32="0.548728" m33="1"/>
		<transform name="warrior  L Toe0" m00="0.995228" m01="0.0196637" m02="0.0955791" m03="0" m10="-0.0937376" m11="-0.0795344" m12="0.992415" m13="0" m20="0.0271163" m21="-0.996638" m22="-0.0773116" m23="0" m30="0.0750529" m31="0.339135" m32="0.033961" m33="1"/>
		<transform name="warrior  L UpperArm" m00="0.577721" m01="0.771153" m02="-0.26751" m03="0" m10="-0.454776" m11="0.57626" m12="0.679045" m13="0" m20="0.677803" m21="-0.270642" m22="0.68362" m23="0" m30="-0.288942" m31="0.249941" m32="1.31925" m33="1"/>
		<transform name="warrior  Neck" m00="0.690915" m01="-0.114987" m02="0.713733" m03="0" m10="0.702128" m11="-0.128431" m12="-0.700373" m13="0" m20="0.172199" m21="0.98503" m22="-0.00799931" m23="0" m30="-0.3338" m31="-0.00619416" m32="1.32141" m33="1"/>
		<transform name="warrior  Pelvis" m00="-0.0260721" m01="-0.0899612" m02="0.995604" m03="0" m10="0.985024" m11="-0.172111" m12="0.0102434" m13="0" m20="0.170433" m21="0.980961" m22="0.0931013" m23="0" m30="-0.192092" m31="0.0128695" m32="0.523387" m33="1"/>
		<transform name="warrior  Ponytail1" m00="0.992403" m01="-0.0297671" m02="0.119372" m03="0" m10="0.120917" m11="0.0570685" m12="-0.991021" m13="0" m20="0.0226874" m21="0.997926" m22="0.0602343" m23="0" m30="-0.046529" m31="-0.0550671" m32="1.88997" m33="1"/>
		<transform name="warrior  Prop1" m00="0.841232" m01="0.298033" m02="0.451116" m03="0" m10="-0.493648" m11="0.763718" m12="0.415989" m13="0" m20="-0.220546" m21="-0.572636" m22="0.789587" m23="0" m30="-0.172418" m31="-0.624209" m32="0.738942" m33="1"/>
		<transform name="warrior  R Calf" m00="-0.794752" m01="0.361537" m02="-0.487504" m03="0" m10="0.52808" m11="0.0159864" m12="-0.849044" m13="0" m20="-0.299167" m21="-0.932221" m22="-0.203626" m23="0" m30="-0.192537" m31="-0.216419" m32="0.257851" m33="1"/>
		<transform name="warrior  R Clavicle" m00="-0.172197" m01="-0.98503" m02="0.00799732" m03="0" m10="-0.985024" m11="0.172112" m12="-0.0102433" m13="0" m20="0.00871349" m21="-0.00964141" m22="-0.999916" m23="0" m30="-0.341607" m31="-0.0513242" m32="1.32169" m33="1"/>
		<transform name="warrior  R Foot" m00="0.0591451" m01="-0.00269564" m02="-0.998246" m03="0" m10="0.866224" m11="-0.496873" m12="0.0526647" m13="0" m20="-0.496144" m21="-0.867819" m22="-0.0270526" m23="0" m30="-0.317505" m31="-0.15957" m32="0.181195" m33="1"/>
		<transform name="warrior  R Forearm" m00="0.447112" m01="-0.779272" m02="-0.439119" m03="0" m10="-0.804899" m11="-0.13638" m12="-0.577528" m13="0" m20="0.390164" m21="0.611666" m22="-0.688213" m23="0" m30="-0.450595" m31="-0.446345" m32="1.11901" m33="1"/>
		<transform name="warrior  R Hand" m00="0.447112" m01="-0.779272" m02="-0.439119" m03="0" m10="0.860616" m11="0.240983" m12="0.448628" m13="0" m20="-0.243783" m21="-0.5785" m22="0.778401" m23="0" m30="-0.360562" m31="-0.603264" m32="1.03059" m33="1"/>
		<transform name="warrior  R Thigh" m00="0.185684" m01="0.152444" m02="-0.970712" m03="0" m10="0.93596" m11="-0.328215" m12="0.127492" m13="0" m20="-0.299167" m21="-0.932221" m22="-0.203626" m23="0" m30="-0.238483" m31="-0.25414" m32="0.498046" m33="1"/>
		<transform name="warrior  R Toe0" m00="0.965099" m01="-0.255293" m02="0.0583937" m03="0" m10="-0.059636" m11="0.00287871" m12="0.998216" m13="0" m20="-0.255005" m21="-0.96686" m22="-0.0124464" m23="0" m30="-0.112285" m31="-0.271895" m32="0.0207319" m33="1"/>
		<transform name="warrior  R UpperArm" m00="-0.253593" m01="-0.647156" m02="-0.718944" m03="0" m10="-0.885134" m11="0.455032" m12="-0.0973827" m13="0" m20="0.390164" m21="0.611666" m22="-0.688213" m23="0" m30="-0.378499" m31="-0.262359" m32="1.32341" m33="1"/>
		<transform name="warrior  Spine" m00="-0.0205797" m01="-0.0630232" m02="0.9978" m03="0" m10="0.98504" m11="-0.172065" m12="0.00944853" m13="0" m20="0.171091" m21="0.983067" m22="0.0656215" m23="0" m30="-0.32694" m31="0.00547249" m32="0.848187" m33="1"/>
		<transform name="warrior  Spine1" m00="-0.00792909" m01="0.00950439" m02="0.999923" m03="0" m10="0.98503" m11="-0.172123" m12="0.00944704" m13="0" m20="0.172199" m21="0.98503" m22="-0.00799734" m23="0" m30="-0.331737" m31="-0.00858542" m32="1.0713" m33="1"/>
	</frame>
	<frame index="3">
		<transform name="warrior  Head" m00="-0.195907" m01="-0.0647722" m02="0.978481" m03="0" m10="0.97999" m11="-0.0487701" m12="0.192981" m13="0" m20="0.0352208" m21="0.996708" m22="0.0730305" m23="0" m30="-0.273329" m31="-0.0520663" m32="1.4223" m33="1"/>
		<transform name="warrior  L Calf" m00="-0.445591" m01="0.233529" m02="-0.864241" m03="0" m10="0.88113" m11="-0.0562992" m12="-0.469511" m13="0" m20="-0.158301" m21="-0.970719" m22="-0.180683" m23="0" m30="-0.0819244" m31="0.300991" m32="0.328307" m33="1"/>
		<transform name="warrior  L Clavicle" m00="0.171363" m01="0.985004" m02="0.0200574" m03="0" m10="-0.984966" m11="0.171737" m12="-0.0186586" m13="0" m20="-0.0218234" m21="-0.0165584" m22="0.999625" m23="0" m30="-0.363252" m31="0.0121623" m32="1.31985" m33="1"/>
		<transform name="warrior  L Foot" m00="0.181671" m01="0.109073" m02="-0.977291" m03="0" m10="0.981809" m11="0.0356647" m12="0.186491" m13="0" m20="0.0551959" m21="-0.993394" m22="-0.100609" m23="0" m30="-0.15199" m31="0.337712" m32="0.192412" m33="1"/>
		<transform name="warrior  L Forearm" m00="0.725374" m01="0.32357" m02="-0.607564" m03="0" m10="-0.0717892" m11="0.91338" m12="0.400729" m13="0" m20="0.684601" m21="-0.247062" m22="0.685771" m23="0" m30="-0.174898" m31="0.453765" m32="1.25583" m33="1"/>
		<transform name="warrior  L Hand" m00="0.725374" m01="0.32357" m02="-0.607564" m03="0" m10="-0.0487271" m11="-0.856282" m12="-0.514205" m13="0" m20="-0.686628" m21="0.402596" m22="-0.605358" m23="0" m30="-0.0288321" m31="0.518921" m32="1.13349" m33="1"/>
		<transform name="warrior  L Thigh" m00="0.36905" m01="0.11156" m02="-0.92269" m03="0" m10="0.915829" m11="-0.212743" m12="0.340584" m13="0" m20="-0.158301" m21="-0.970719" m22="-0.180683" m23="0" m30="-0.173243" m31="0.273387" m32="0.55662" m33="1"/>
		<transform name="warrior  L Toe0" m00="0.981688" m01="0.0356294" m02="0.187135" m03="0" m10="-0.180649" m11="-0.137643" m12="0.973869" m13="0" m20="0.0604562" m21="-0.989841" m22="-0.128686" m23="0" m30="0.100402" m31="0.364569" m32="0.0656947" m33="1"/>
		<transform name="warrior  L UpperArm" m00="0.533385" m01="0.811025" m02="-0.240288" m03="0" m10="-0.496812" m11="0.530282" m12="0.687008" m13="0" m20="0.684601" m21="-0.247062" m22="0.685771" m23="0" m30="-0.326539" m31="0.223191" m32="1.32414" m33="1"/>
		<transform name="warrior  Neck" m00="0.681611" m01="-0.133232" m02="0.719482" m03="0" m10="0.711365" m11="-0.109624" m12="-0.694221" m13="0" m20="0.171365" m21="0.985003" m22="0.0200555" m23="0" m30="-0.371182" m31="-0.0329393" m32="1.31901" m33="1"/>
		<transform name="warrior  Pelvis" m00="-0.0390307" m01="-0.116024" m02="0.992479" m03="0" m10="0.984966" m11="-0.171736" m12="0.0186587" m13="0" m20="0.168279" m21="0.978287" m22="0.120983" m23="0" m30="-0.219047" m31="0.00710497" m32="0.523689" m33="1"/>
		<transform name="warrior  Ponytail1" m00="0.972953" m01="-0.0508886" m02="0.225326" m03="0" m10="0.2283" m11="0.0631164" m12="-0.971543" m13="0" m20="0.0352187" m21="0.996708" m22="0.0730272" m23="0" m30="-0.116335" m31="-0.0925072" m32="1.89914" m33="1"/>
		<transform name="warrior  Prop1" m00="0.865519" m01="0.242456" m02="0.438283" m03="0" m10="-0.447642" m11="0.767002" m12="0.4597" m13="0" m20="-0.224707" m21="-0.594073" m22="0.772388" m23="0" m30="-0.235656" m31="-0.638963" m32="0.710232" m33="1"/>
		<transform name="warrior  R Calf" m00="-0.791357" m01="0.423285" m02="-0.441116" m03="0" m10="0.49643" m11="0.0238006" m12="-0.867751" m13="0" m20="-0.356807" m21="-0.905684" m22="-0.228966" m23="0" m30="-0.198501" m31="-0.225651" m32="0.254748" m33="1"/>
		<transform name="warrior  R Clavicle" m00="-0.171363" m01="-0.985004" m02="-0.0200574" m03="0" m10="-0.984966" m11="0.171737" m12="-0.0186586" m13="0" m20="0.0218234" m21="0.0165585" m22="-0.999625" m23="0" m30="-0.378949" m31="-0.078066" m32="1.31801" m33="1"/>
		<transform name="warrior  R Foot" m00="0.0895306" m01="-0.00378774" m02="-0.995977" m03="0" m10="0.865136" m11="-0.495172" m12="0.0796522" m13="0" m20="-0.493482" m21="-0.868787" m22="-0.0410561" m23="0" m30="-0.322935" m31="-0.159093" m32="0.185386" m33="1"/>
		<transform name="warrior  R Forearm" m00="0.399854" m01="-0.779558" m02="-0.482085" m03="0" m10="-0.825389" m11="-0.0775398" m12="-0.559214" m13="0" m20="0.398559" m21="0.621512" m22="-0.674444" m23="0" m30="-0.495304" m31="-0.464717" m32="1.10481" m33="1"/>
		<transform name="warrior  R Hand" m00="0.399854" m01="-0.779558" m02="-0.482085" m03="0" m10="0.882257" m11="0.184762" m12="0.432997" m13="0" m20="-0.248475" m21="-0.598458" m22="0.761648" m23="0" m30="-0.414787" m31="-0.621693" m32="1.00774" m33="1"/>
		<transform name="warrior  R Thigh" m00="0.26815" m01="0.135489" m02="-0.953802" m03="0" m10="0.894866" m11="-0.40172" m12="0.194515" m13="0" m20="-0.356807" m21="-0.905684" m22="-0.228966" m23="0" m30="-0.264852" m31="-0.259177" m32="0.490759" m33="1"/>
		<transform name="warrior  R Toe0" m00="0.963301" m01="-0.253348" m02="0.0886881" m03="0" m10="-0.090588" m11="0.00418058" m12="0.99588" m13="0" m20="-0.252675" m21="-0.967366" m22="-0.0189231" m23="0" m30="-0.112715" m31="-0.271223" m32="0.0313908" m33="1"/>
		<transform name="warrior  R UpperArm" m00="-0.280133" m01="-0.617736" m02="-0.734798" m03="0" m10="-0.873314" m11="0.481794" m12="-0.0720986" m13="0" m20="0.398559" m21="0.621512" m22="-0.674444" m23="0" m30="-0.415662" m31="-0.289095" m32="1.31371" m33="1"/>
		<transform name="warrior  Spine" m00="-0.0335927" m01="-0.0891498" m02="0.995452" m03="0" m10="0.984993" m11="-0.171669" m12="0.0178656" m13="0" m20="0.169295" m21="0.981113" m22="0.0935787" m23="0" m30="-0.358132" m31="-0.00887723" m32="0.846387" m33="1"/>
		<transform name="warrior  Spine1" m00="-0.021039" m01="-0.0166952" m02="0.999639" m03="0" m10="0.984983" m11="-0.171726" m12="0.0178625" m13="0" m20="0.171366" m21="0.985003" m22="0.0200574" m23="0" m30="-0.36584" m31="-0.0287772" m32="1.06897" m33="1"/>
	</frame>
	<frame index="4">
		<transform name="warrior  Head" m00="-0.259433" m01="-0.0714821" m02="0.963112" m03="0" m10="0.964545" m11="-0.0691961" m12="0.254684" m13="0" m20="0.0484383" m21="0.995039" m22="0.0868995" m23="0" m30="-0.311983" m31="-0.0813495" m32="1.41994" m33="1"/>
		<transform name="warrior  L Calf" m00="-0.29609" m01="0.296731" m02="-0.9079" m03="0" m10="0.943903" m11="-0.0546047" m12="-0.325678" m13="0" m20="-0.146214" m21="-0.953399" m22="-0.263917" m23="0" m30="-0.0822859" m31="0.307585" m32="0.351168" m33="1"/>
		<transform name="warrior  L Clavicle" m00="0.170163" m01="0.984242" m02="0.0480885" m03="0" m10="-0.984798" m11="0.171582" m12="-0.0270793" m13="0" m20="-0.0349037" m21="-0.0427495" m22="0.998476" m23="0" m30="-0.400616" m31="-0.0145128" m32="1.31803" m33="1"/>
		<transform name="warrior  L Foot" m00="0.28694" m01="0.157319" m02="-0.944942" m03="0" m10="0.953361" m11="0.0495215" m12="0.297741" m13="0" m20="0.0936354" m21="-0.986305" m22="-0.135772" m23="0" m30="-0.128844" m31="0.354244" m32="0.208408" m33="1"/>
		<transform name="warrior  L Forearm" m00="0.711338" m01="0.390972" m02="-0.584071" m03="0" m10="-0.139633" m11="0.89305" m12="0.427742" m13="0" m20="0.68884" m21="-0.222713" m22="0.689854" m23="0" m30="-0.225768" m31="0.437232" m32="1.26791" m33="1"/>
		<transform name="warrior  L Hand" m00="0.711338" m01="0.390972" m02="-0.584071" m03="0" m10="0.0173374" m11="-0.840511" m12="-0.541516" m13="0" m20="-0.702636" m21="0.375075" m22="-0.604666" m23="0" m30="-0.0825286" m31="0.51596" m32="1.1503" m33="1"/>
		<transform name="warrior  L Thigh" m00="0.479231" m01="0.165125" m02="-0.862016" m03="0" m10="0.865424" m11="-0.252516" m12="0.432754" m13="0" m20="-0.146214" m21="-0.953399" m22="-0.263917" m23="0" m30="-0.200868" m31="0.266727" m32="0.564467" m33="1"/>
		<transform name="warrior  L Toe0" m00="0.953041" m01="0.0493984" m02="0.298786" m03="0" m10="-0.283133" m11="-0.204764" m12="0.936967" m13="0" m20="0.107465" m21="-0.977564" m22="-0.181163" m23="0" m30="0.135316" m31="0.392549" m32="0.11232" m33="1"/>
		<transform name="warrior  L UpperArm" m00="0.486784" m01="0.847273" m02="-0.212533" m03="0" m10="-0.53716" m11="0.482211" m12="0.692049" m13="0" m20="0.68884" m21="-0.222713" m22="0.689854" m23="0" m30="-0.36416" m31="0.196353" m32="1.32834" m33="1"/>
		<transform name="warrior  Neck" m00="0.67225" m01="-0.151628" m02="0.72463" m03="0" m10="0.720502" m11="-0.0909803" m12="-0.687459" m13="0" m20="0.170165" m21="0.984242" m22="0.0480866" m23="0" m30="-0.408492" m31="-0.0595817" m32="1.31591" m33="1"/>
		<transform name="warrior  Pelvis" m00="-0.0519227" m01="-0.142004" m02="0.988503" m03="0" m10="0.984798" m11="-0.171581" m12="0.0270795" m13="0" m20="0.165763" m21="0.974882" m22="0.148755" m23="0" m30="-0.245987" m31="0.00137146" m32="0.523978" m33="1"/>
		<transform name="warrior  Ponytail1" m00="0.941796" m01="-0.0744741" m02="0.327831" m03="0" m10="0.332676" m11="0.0659595" m12="-0.940732" m13="0" m20="0.0484365" m21="0.995039" m22="0.0868962" m23="0" m30="-0.186679" m31="-0.129794" m32="1.90533" m33="1"/>
		<transform name="warrior  Prop1" m00="0.887134" m01="0.18716" m02="0.421857" m03="0" m10="-0.400744" m11="0.765767" m12="0.502996" m13="0" m20="-0.228904" m21="-0.615281" m22="0.754342" m23="0" m30="-0.298976" m31="-0.651183" m32="0.68155" m33="1"/>
		<transform name="warrior  R Calf" m00="-0.775343" m01="0.486615" m02="-0.402553" m03="0" m10="0.478026" m11="0.0356426" m12="-0.877622" m13="0" m20="-0.412716" m21="-0.872889" m22="-0.26025" m23="0" m30="-0.206595" m31="-0.235139" m32="0.252721" m33="1"/>
		<transform name="warrior  R Clavicle" m00="-0.170163" m01="-0.984242" m02="-0.0480886" m03="0" m10="-0.984798" m11="0.171582" m12="-0.0270793" m13="0" m20="0.0349037" m21="0.0427496" m22="-0.998476" m23="0" m30="-0.416203" m31="-0.104671" m32="1.31363" m33="1"/>
		<transform name="warrior  R Foot" m00="0.11995" m01="-0.004796" m02="-0.992768" m03="0" m10="0.863219" m11="-0.493429" m12="0.106681" m13="0" m20="-0.490372" m21="-0.869773" m22="-0.0550471" m23="0" m30="-0.328512" m31="-0.158623" m32="0.189423" m33="1"/>
		<transform name="warrior  R Forearm" m00="0.351849" m01="-0.775347" m02="-0.524442" m03="0" m10="-0.843212" m11="-0.0192605" m12="-0.537236" m13="0" m20="0.406443" m21="0.631242" m22="-0.660559" m23="0" m30="-0.539694" m31="-0.482447" m32="1.09027" m33="1"/>
		<transform name="warrior  R Hand" m00="0.351849" m01="-0.775347" m02="-0.524442" m03="0" m10="0.901181" m11="0.129074" m12="0.413778" m13="0" m20="-0.25313" m21="-0.618205" m22="0.744142" m23="0" m30="-0.468843" m31="-0.638575" m32="0.984667" m33="1"/>
		<transform name="warrior  R Thigh" m00="0.341541" m01="0.11657" m02="-0.93261" m03="0" m10="0.844402" m11="-0.47379" m12="0.250017" m13="0" m20="-0.412716" m21="-0.872889" m22="-0.26025" m23="0" m30="-0.291107" m31="-0.263984" m32="0.483488" m33="1"/>
		<transform name="warrior  R Toe0" m00="0.960533" m01="-0.251345" m02="0.119172" m03="0" m10="-0.121718" m11="0.00545078" m12="0.99255" m13="0" m20="-0.250122" m21="-0.967882" m22="-0.0253576" m23="0" m30="-0.113472" m31="-0.270535" m32="0.0420663" m33="1"/>
		<transform name="warrior  R UpperArm" m00="-0.306137" m01="-0.587092" m02="-0.749402" m03="0" m10="-0.860863" m11="0.50681" m12="-0.0453731" m13="0" m20="0.406443" m21="0.631242" m22="-0.660559" m23="0" m30="-0.452659" m31="-0.315537" m32="1.30333" m33="1"/>
		<transform name="warrior  Spine" m00="-0.0465494" m01="-0.115214" m02="0.992249" m03="0" m10="0.984835" m11="-0.171493" m12="0.0262889" m13="0" m20="0.167135" m21="0.978425" m22="0.121449" m23="0" m30="-0.389273" m31="-0.0231404" m32="0.844293" m33="1"/>
		<transform name="warrior  Spine1" m00="-0.0341195" m01="-0.0428862" m02="0.998497" m03="0" m10="0.984825" m11="-0.171551" m12="0.0262841" m13="0" m20="0.170166" m21="0.984241" m22="0.0480886" m23="0" m30="-0.399878" m31="-0.0488684" m32="1.06616" m33="1"/>
	</frame>
	<frame index="5">
		<transform name="warrior  Head" m00="-0.321581" m01="-0.0766832" m02="0.943772" m03="0" m10="0.944833" m11="-0.0915215" m12="0.314507" m13="0" m20="0.062258" m21="0.992846" m22="0.101884" m23="0" m30="-0.350564" m31="-0.110531" m32="1.41684" m33="1"/>
		<transform name="warrior  L Calf" m00="-0.116878" m01="0.365956" m02="-0.923264" m03="0" m10="0.985468" m11="-0.0726391" m12="-0.153545" m13="0" m20="-0.123256" m21="-0.927793" m22="-0.352148" m23="0" m30="-0.0812229" m31="0.313028" m32="0.380754" m33="1"/>
		<transform name="warrior  L Clavicle" m00="0.168596" m01="0.982745" m02="0.0760719" m03="0" m10="-0.984519" m11="0.171648" m12="-0.0354983" m13="0" m20="-0.0479434" m21="-0.0689093" m22="0.99647" m23="0" m30="-0.437916" m31="-0.0411009" m32="1.31556" m33="1"/>
		<transform name="warrior  L Foot" m00="0.400855" m01="0.209135" m02="-0.891952" m03="0" m10="0.905524" m11="0.0573486" m12="0.420401" m13="0" m20="0.139073" m21="-0.976204" m22="-0.166389" m23="0" m30="-0.0996011" m31="0.370572" m32="0.235579" m33="1"/>
		<transform name="warrior  L Forearm" m00="0.693172" m01="0.456057" m02="-0.558143" m03="0" m10="-0.206917" m11="0.867684" m12="0.452007" m13="0" m20="0.690433" m21="-0.19783" m22="0.69582" m23="0" m30="-0.277247" m31="0.419565" m32="1.27939" m33="1"/>
		<transform name="warrior  L Hand" m00="0.693172" m01="0.456057" m02="-0.558143" m03="0" m10="0.0833116" m11="-0.819874" m12="-0.56645" m13="0" m20="-0.715941" m21="0.346148" m22="-0.606309" m23="0" m30="-0.137666" m31="0.511399" m32="1.167" m33="1"/>
		<transform name="warrior  L Thigh" m00="0.595502" m01="0.214713" m02="-0.774129" m03="0" m10="0.793842" m11="-0.305121" m12="0.526038" m13="0" m20="-0.123256" m21="-0.927793" m22="-0.352148" m23="0" m30="-0.228575" m31="0.259899" m32="0.572306" m33="1"/>
		<transform name="warrior  L Toe0" m00="0.904878" m01="0.0570704" m02="0.421828" m03="0" m10="-0.391606" m11="-0.276832" m12="0.877501" m13="0" m20="0.166855" m21="-0.959222" m22="-0.22815" m23="0" m30="0.173453" m31="0.419584" m32="0.176252" m33="1"/>
		<transform name="warrior  L UpperArm" m00="0.438091" m01="0.879779" m02="-0.184568" m03="0" m10="-0.575655" m11="0.432265" m12="0.694095" m13="0" m20="0.690433" m21="-0.19783" m22="0.69582" m23="0" m30="-0.401796" m31="0.169444" m32="1.33186" m33="1"/>
		<transform name="warrior  Neck" m00="0.66284" m01="-0.170157" m02="0.729171" m03="0" m10="0.729533" m11="-0.0725144" m12="-0.680091" m13="0" m20="0.168598" m21="0.982745" m22="0.07607" m23="0" m30="-0.445722" m31="-0.0861033" m32="1.31216" m33="1"/>
		<transform name="warrior  Pelvis" m00="-0.0647373" m01="-0.167879" m02="0.98368" m03="0" m10="0.984519" m11="-0.171647" m12="0.0354986" m13="0" m20="0.162886" m21="0.970749" m22="0.176392" m23="0" m30="-0.272912" m31="-0.00433105" m32="0.524294" m33="1"/>
		<transform name="warrior  Ponytail1" m00="0.899352" m01="-0.100069" m02="0.425619" m03="0" m10="0.43277" m11="0.0651294" m12="-0.899149" m13="0" m20="0.0622566" m21="0.992847" m22="0.101881" m23="0" m30="-0.257402" m31="-0.166789" m32="1.90858" m33="1"/>
		<transform name="warrior  Prop1" m00="0.90607" m01="0.132505" m02="0.401846" m03="0" m10="-0.353107" m11="0.760058" m12="0.545552" m13="0" m20="-0.233138" m21="-0.636203" m22="0.735454" m23="0" m30="-0.362299" m31="-0.660909" m32="0.65311" m33="1"/>
		<transform name="warrior  R Calf" m00="-0.748559" m01="0.549682" m02="-0.370822" m03="0" m10="0.472742" m11="0.0502814" m12="-0.879765" m13="0" m20="-0.464946" m21="-0.833859" m22="-0.297496" m23="0" m30="-0.216463" m31="-0.244587" m32="0.251571" m33="1"/>
		<transform name="warrior  R Clavicle" m00="-0.168596" m01="-0.982745" m02="-0.076072" m03="0" m10="-0.984519" m11="0.171648" m12="-0.0354983" m13="0" m20="0.0479434" m21="0.0689094" m22="-0.99647" m23="0" m30="-0.45336" m31="-0.131122" m32="1.3086" m33="1"/>
		<transform name="warrior  R Foot" m00="0.150029" m01="-0.00579067" m02="-0.988665" m03="0" m10="0.860488" m11="-0.491679" m12="0.133458" m13="0" m20="-0.486879" m21="-0.870757" m22="-0.0687833" m23="0" m30="-0.334168" m31="-0.158154" m32="0.193262" m33="1"/>
		<transform name="warrior  R Forearm" m00="0.303252" m01="-0.766702" m02="-0.565868" m03="0" m10="-0.858366" m11="0.0380979" m12="-0.511622" m13="0" m20="0.41382" m21="0.640872" m22="-0.646557" m23="0" m30="-0.583753" m31="-0.499544" m32="1.07547" m33="1"/>
		<transform name="warrior  R Hand" m00="0.303252" m01="-0.766702" m02="-0.565868" m03="0" m10="0.91739" m11="0.0742743" m12="0.390998" m13="0" m20="-0.25775" m21="-0.637692" m22="0.725888" m23="0" m30="-0.522688" m31="-0.653932" m32="0.961526" m33="1"/>
		<transform name="warrior  R Thigh" m00="0.407309" m01="0.0968875" m02="-0.908137" m03="0" m10="0.786082" m11="-0.543407" m12="0.294591" m13="0" m20="-0.464946" m21="-0.833859" m22="-0.297496" m23="0" m30="-0.317248" m31="-0.268561" m32="0.476282" m33="1"/>
		<transform name="warrior  R Toe0" m00="0.956823" m01="-0.249326" m02="0.149422" m03="0" m10="-0.152578" m11="0.00673294" m12="0.988268" m13="0" m20="-0.247408" m21="-0.968396" m22="-0.0315995" m23="0" m30="-0.11455" m31="-0.269844" m32="0.0526419" m33="1"/>
		<transform name="warrior  R UpperArm" m00="-0.331595" m01="-0.55532" m02="-0.762669" m03="0" m10="-0.84782" m11="0.530003" m12="-0.017292" m13="0" m20="0.41382" m21="0.640872" m22="-0.646557" m23="0" m30="-0.48948" m31="-0.341668" m32="1.2923" m33="1"/>
		<transform name="warrior  Spine" m00="-0.0594385" m01="-0.141192" m02="0.988196" m03="0" m10="0.984566" m11="-0.171538" m12="0.034711" m13="0" m20="0.164612" m21="0.975007" m22="0.149209" m23="0" m30="-0.420359" m31="-0.0373098" m32="0.84195" m33="1"/>
		<transform name="warrior  Spine1" m00="-0.0471594" m01="-0.069046" m02="0.996498" m03="0" m10="0.984556" m11="-0.171596" m12="0.0347046" m13="0" m20="0.168599" m21="0.982745" m22="0.076072" m23="0" m30="-0.433846" m31="-0.0688467" m32="1.06291" m33="1"/>
	</frame>
	<frame index="6">
		<transform name="warrior  Head" m00="-0.38207" m01="-0.0801847" m02="0.920648" m03="0" m10="0.920954" m11="-0.115604" m12="0.372128" m13="0" m20="0.076592" m21="0.990054" m22="0.118015" m23="0" m30="-0.389061" m31="-0.139592" m32="1.41304" m33="1"/>
		<transform name="warrior  L Calf" m00="0.0790743" m01="0.433336" m02="-0.897757" m03="0" m10="0.992978" m11="-0.113728" m12="0.0325663" m13="0" m20="-0.0879878" m21="-0.894028" m22="-0.439286" m23="0" m30="-0.0814414" m31="0.315917" m32="0.416898" m33="1"/>
		<transform name="warrior  L Clavicle" m00="0.166664" m01="0.980515" m02="0.103984" m03="0" m10="-0.984129" m11="0.171934" m12="-0.0439083" m13="0" m20="-0.0609312" m21="-0.0950154" m22="0.993609" m23="0" m30="-0.475144" m31="-0.0675841" m32="1.31248" m33="1"/>
		<transform name="warrior  L Foot" m00="0.514245" m01="0.261828" m02="-0.8167" m03="0" m10="0.836616" m11="0.0564277" m12="0.544876" m13="0" m20="0.188748" m21="-0.963464" m22="-0.190032" m23="0" m30="-0.0690076" m31="0.384055" m32="0.275733" m33="1"/>
		<transform name="warrior  L Forearm" m00="0.670952" m01="0.518482" m02="-0.530094" m03="0" m10="-0.273288" m11="0.837478" m12="0.473227" m13="0" m20="0.689302" m21="-0.172644" m22="0.703603" m23="0" m30="-0.329273" m31="0.400756" m32="1.29021" m33="1"/>
		<transform name="warrior  L Hand" m00="0.670952" m01="0.518482" m02="-0.530094" m03="0" m10="0.148863" m11="-0.794524" m12="-0.588702" m13="0" m20="-0.726404" m21="0.31608" m22="-0.610271" m23="0" m30="-0.194166" m31="0.50516" m32="1.18347" m33="1"/>
		<transform name="warrior  L Thigh" m00="0.706926" m01="0.25465" m02="-0.659855" m03="0" m10="0.701793" m11="-0.368602" m12="0.609605" m13="0" m20="-0.0879878" m21="-0.894028" m22="-0.439286" m23="0" m30="-0.256365" m31="0.252906" m32="0.580174" m33="1"/>
		<transform name="warrior  L Toe0" m00="0.835535" m01="0.0559313" m02="0.546583" m03="0" m10="-0.496596" m11="-0.348801" m12="0.794814" m13="0" m20="0.235104" m21="-0.935526" m22="-0.26366" m23="0" m30="0.208107" m31="0.441956" m32="0.257419" m33="1"/>
		<transform name="warrior  L UpperArm" m00="0.387499" m01="0.908452" m02="-0.156714" m03="0" m10="-0.612134" m11="0.380669" m12="0.693097" m13="0" m20="0.689302" m21="-0.172644" m22="0.703603" m23="0" m30="-0.439438" m31="0.142484" m32="1.33476" m33="1"/>
		<transform name="warrior  Neck" m00="0.653388" m01="-0.188805" m02="0.733101" m03="0" m10="0.738449" m11="-0.0542424" m12="-0.672124" m13="0" m20="0.166666" m21="0.980515" m22="0.103982" m23="0" m30="-0.482862" m31="-0.112486" m32="1.3078" m33="1"/>
		<transform name="warrior  Pelvis" m00="-0.0774633" m01="-0.193626" m02="0.978012" m03="0" m10="0.98413" m11="-0.171933" m12="0.0439086" m13="0" m20="0.159651" m21="0.965892" m22="0.203872" m23="0" m30="-0.299821" m31="-0.0100026" m32="0.524682" m33="1"/>
		<transform name="warrior  Ponytail1" m00="0.846181" m01="-0.127146" m02="0.517505" m03="0" m10="0.527363" m11="0.0602234" m12="-0.847503" m13="0" m20="0.0765909" m21="0.990054" m22="0.118012" m23="0" m30="-0.328346" m31="-0.203351" m32="1.90892" m33="1"/>
