<?xml version="1.0" encoding="UTF-8" standalone="yes"?>

<!DOCTYPE animation [
	<!ELEMENT animation  (frame+)>
	<!ELEMENT frame      (transform+)>
	<!ELEMENT transform   EMPTY>
	<!ATTLIST frame index CDATA #REQUIRED>
	<!ATTLIST transform name CDATA #REQUIRED>
	<!ATTLIST transform m00 CDATA #REQUIRED>
	<!ATTLIST transform m01 CDATA #REQUIRED>
	<!ATTLIST transform m02 CDATA #REQUIRED>
	<!ATTLIST transform m03 CDATA #REQUIRED>
	<!ATTLIST transform m10 CDATA #REQUIRED>
	<!ATTLIST transform m11 CDATA #REQUIRED>
	<!ATTLIST transform m12 CDATA #REQUIRED>
	<!ATTLIST transform m13 CDATA #REQUIRED>
	<!ATTLIST transform m20 CDATA #REQUIRED>
	<!ATTLIST transform m21 CDATA #REQUIRED>
	<!ATTLIST transform m22 CDATA #REQUIRED>
	<!ATTLIST transform m23 CDATA #REQUIRED>
	<!ATTLIST transform m30 CDATA #REQUIRED>
	<!ATTLIST transform m31 CDATA #REQUIRED>
	<!ATTLIST transform m32 CDATA #REQUIRED>
	<!ATTLIST transform m33 CDATA #REQUIRED>
]>

<animation>
	<frame index="0">
		<transform name="warrior  Head" m00="-0.0723482" m01="-0.0810181" m02="0.994083" m03="0" m10="0.99536" m11="-0.0692532" m12="0.066797" m13="0" m20="0.0634317" m21="0.994304" m22="0.0856525" m23="0" m30="-0.185817" m31="0.00345875" m32="1.44301" m33="1"/>
		<transform name="warrior  L Calf" m00="-0.337581" m01="0.0756963" m02="-0.938248" m03="0" m10="0.916435" m11="-0.201143" m12="-0.345961" m13="0" m20="-0.21491" m21="-0.976633" m22="-0.00146859" m23="0" m30="-0.0958593" m31="0.302225" m32="0.320722" m33="1"/>
		<transform name="warrior  L Clavicle" m00="0.251711" m01="0.967736" m02="-0.0113476" m03="0" m10="-0.967723" m11="0.251523" m12="-0.0157521" m13="0" m20="-0.0123897" m21="0.0149463" m22="0.999812" m23="0" m30="-0.271268" m31="0.0717976" m32="1.3394" m33="1"/>
		<transform name="warrior  L Foot" m00="-0.000885588" m01="-0.00281958" m02="-0.999996" m03="0" m10="0.999982" m11="0.00585801" m12="-0.000902088" m13="0" m20="0.00586052" m21="-0.999979" m22="0.00281434" m23="0" m30="-0.148941" m31="0.314127" m32="0.17319" m33="1"/>
		<transform name="warrior  L Forearm" m00="0.797536" m01="0.0966661" m02="-0.595476" m03="0" m10="0.145286" m11="0.92725" m12="0.345109" m13="0" m20="0.585516" m21="-0.361751" m22="0.725471" m23="0" m30="-0.017168" m31="0.469741" m32="1.27046" m33="1"/>
		<transform name="warrior  L Hand" m00="0.797536" m01="0.0966661" m02="-0.595476" m03="0" m10="-0.24519" m11="-0.849934" m12="-0.466363" m13="0" m20="-0.551197" m21="0.517946" m22="-0.654151" m23="0" m30="0.143429" m31="0.489206" m32="1.15055" m33="1"/>
		<transform name="warrior  L Thigh" m00="-0.0939772" m01="0.0221766" m02="-0.995327" m03="0" m10="0.972102" m11="-0.213768" m12="-0.0965472" m13="0" m20="-0.21491" m21="-0.976633" m22="-0.00146859" m23="0" m30="-0.0726054" m31="0.296737" m32="0.567008" m33="1"/>
		<transform name="warrior  L Toe0" m00="1" m01="3.84014e-06" m02="2.03627e-06" m03="0" m10="-2.03104e-06" m11="-1.85158e-06" m12="1" m13="0" m20="3.83398e-06" m21="-1" m22="-1.84964e-06" m23="0" m30="0.0760291" m31="0.314959" m32="0.000366028" m33="1"/>
		<transform name="warrior  L UpperArm" m00="0.704092" m01="0.670469" m02="-0.233936" m03="0" m10="-0.401779" m11="0.647771" m12="0.647276" m13="0" m20="0.585516" m21="-0.361751" m22="0.725471" m23="0" m30="-0.217341" m31="0.279127" m32="1.33697" m33="1"/>
		<transform name="warrior  Neck" m00="0.676074" m01="-0.167435" m02="0.717558" m03="0" m10="0.692506" m11="-0.188291" m12="-0.696407" m13="0" m20="0.251713" m21="0.967735" m22="-0.0113495" m23="0" m30="-0.282875" m31="0.0274959" m32="1.34" m33="1"/>
		<transform name="warrior  Pelvis" m00="-0.036827" m01="-0.0831743" m02="0.995854" m03="0" m10="0.971393" m11="-0.236928" m12="0.016134" m13="0" m20="0.234604" m21="0.96796" m22="0.0895203" m23="0" m30="-0.136463" m31="0.0332664" m32="0.542642" m33="1"/>
		<transform name="warrior  Ponytail1" m00="0.997869" m01="-0.0618723" m02="-0.0207104" m03="0" m10="-0.0152931" m11="0.0867807" m12="-0.99611" m13="0" m20="0.0634289" m21="0.994304" m22="0.0856496" m23="0" m30="0.0291901" m31="-0.0491839" m32="1.89542" m33="1"/>
		<transform name="warrior  Prop1" m00="0.819097" m01="0.284569" m02="0.498097" m03="0" m10="-0.472578" m11="0.826943" m12="0.304689" m13="0" m20="-0.325193" m21="-0.484959" m22="0.811828" m23="0" m30="-0.125174" m31="-0.64181" m32="0.812652" m33="1"/>
		<transform name="warrior  R Calf" m00="-0.720082" m01="0.269332" m02="-0.639486" m03="0" m10="0.655083" m11="-0.0400144" m12="-0.754497" m13="0" m20="-0.228798" m21="-0.962216" m22="-0.147621" m23="0" m30="-0.192018" m31="-0.194633" m32="0.273544" m33="1"/>
		<transform name="warrior  R Clavicle" m00="-0.251711" m01="-0.967736" m02="0.0113475" m03="0" m10="-0.967723" m11="0.251523" m12="-0.0157521" m13="0" m20="0.0123897" m21="-0.0149463" m22="-0.999812" m23="0" m30="-0.294325" m31="-0.0168489" m32="1.34044" m33="1"/>
		<transform name="warrior  R Foot" m00="1.19601e-07" m01="0" m02="-1" m03="0" m10="0.866026" m11="-0.499998" m12="1.57177e-07" m13="0" m20="-0.499998" m21="-0.866026" m22="0" m23="0" m30="-0.305245" m31="-0.152283" m32="0.17299" m33="1"/>
		<transform name="warrior  R Forearm" m00="0.428109" m01="-0.840564" m02="-0.331927" m03="0" m10="-0.74609" m11="-0.121471" m12="-0.654671" m13="0" m20="0.509973" m21="0.527918" m22="-0.679139" m23="0" m30="-0.418202" m31="-0.413809" m32="1.14294" m33="1"/>
		<transform name="warrior  R Hand" m00="0.427178" m01="-0.841595" m02="-0.330509" m03="0" m10="0.834614" m11="0.226436" m12="0.502141" m13="0" m20="-0.347761" m21="-0.490351" m22="0.799136" m23="0" m30="-0.331995" m31="-0.58307" m32="1.0761" m33="1"/>
		<transform name="warrior  R Thigh" m00="0.0335568" m01="0.143757" m02="-0.989044" m03="0" m10="0.972895" m11="-0.231245" m12="-0.000602564" m13="0" m20="-0.228798" m21="-0.962216" m22="-0.147621" m23="0" m30="-0.200321" m31="-0.230205" m32="0.518275" m33="1"/>
		<transform name="warrior  R Toe0" m00="0.965926" m01="-0.258817" m02="4.49119e-07" m03="0" m10="-3.9524e-07" m11="2.34959e-07" m12="1" m13="0" m20="-0.258817" m21="-0.965926" m22="1.27824e-07" m23="0" m30="-0.110279" m31="-0.264846" m32="0.000368374" m33="1"/>
		<transform name="warrior  R UpperArm" m00="-0.246044" m01="-0.667011" m02="-0.703248" m03="0" m10="-0.824251" m11="0.525736" m12="-0.210267" m13="0" m20="0.509973" m21="0.527918" m22="-0.679139" m23="0" m30="-0.348252" m31="-0.224179" m32="1.34287" m33="1"/>
		<transform name="warrior  Spine" m00="-0.0295738" m01="-0.0566547" m02="0.997956" m03="0" m10="0.969615" m11="-0.244185" m12="0.0148714" m13="0" m20="0.242843" m21="0.968072" m22="0.0621547" m23="0" m30="-0.273085" m31="0.0364052" m32="0.866768" m33="1"/>
		<transform name="warrior  Spine1" m00="-0.0116191" m01="0.014746" m02="0.999824" m03="0" m10="0.967732" m11="-0.251537" m12="0.014956" m13="0" m20="0.251713" m21="0.967735" m22="-0.0113475" m23="0" m30="-0.279891" m31="0.0237871" m32="1.08991" m33="1"/>
	</frame>
	<frame index="1">
		<transform name="warrior  Head" m00="-0.153485" m01="-0.122848" m02="0.980485" m03="0" m10="0.979667" m11="-0.148661" m12="0.134731" m13="0" m20="0.129209" m21="0.981228" m22="0.143168" m23="0" m30="-0.222849" m31="-0.0413449" m32="1.45944" m33="1"/>
		<transform name="warrior  L Calf" m00="-0.0979524" m01="0.122725" m02="-0.987595" m03="0" m10="0.958953" m11="-0.253716" m12="-0.12664" m13="0" m20="-0.26611" m21="-0.959462" m22="-0.0928359" m23="0" m30="-0.07698" m31="0.319852" m32="0.360491" m33="1"/>
		<transform name="warrior  L Clavicle" m00="0.331175" m01="0.942194" m02="0.0509338" m03="0" m10="-0.942312" m11="0.333037" m12="-0.0336721" m13="0" m20="-0.0486884" m21="-0.0368442" m22="0.998134" m23="0" m30="-0.298396" m31="0.0393562" m32="1.35703" m33="1"/>
		<transform name="warrior  L Foot" m00="0.0735134" m01="0.0509866" m02="-0.99599" m03="0" m10="0.996012" m11="-0.0543768" m12="0.0707314" m13="0" m20="-0.0505524" m21="-0.997218" m22="-0.0547807" m23="0" m30="-0.0923822" m31="0.33915" m32="0.2052" m33="1"/>
		<transform name="warrior  L Forearm" m00="0.850435" m01="0.0671669" m02="-0.521775" m03="0" m10="0.165989" m11="0.906894" m12="0.387286" m13="0" m20="0.499208" m21="-0.415971" m22="0.760105" m23="0" m30="-0.0138449" m31="0.424528" m32="1.32798" m33="1"/>
		<transform name="warrior  L Hand" m00="0.850435" m01="0.0671669" m02="-0.521775" m03="0" m10="-0.250522" m11="-0.820432" m12="-0.513935" m13="0" m20="-0.462601" m21="0.567784" m22="-0.680898" m23="0" m30="0.157404" m31="0.438053" m32="1.22291" m33="1"/>
		<transform name="warrior  L Thigh" m00="-0.0812604" m01="0.118295" m02="-0.989648" m03="0" m10="0.960511" m11="-0.255811" m12="-0.109446" m13="0" m20="-0.26611" m21="-0.959462" m22="-0.0928359" m23="0" m30="-0.0568727" m31="0.290581" m32="0.605372" m33="1"/>
		<transform name="warrior  L Toe0" m00="0.996012" m01="-0.0543765" m02="0.0707314" m03="0" m10="-0.0735134" m11="-0.0509864" m12="0.99599" m13="0" m20="-0.0505521" m21="-0.997218" m22="-0.0547805" m23="0" m30="0.144537" m31="0.33571" m32="0.0491936" m33="1"/>
		<transform name="warrior  L UpperArm" m00="0.751319" m01="0.644794" m02="-0.140571" m03="0" m10="-0.431638" m11="0.641255" m12="0.634413" m13="0" m20="0.499208" m21="-0.415971" m22="0.760105" m23="0" m30="-0.227444" m31="0.241214" m32="1.36794" m33="1"/>
		<transform name="warrior  Neck" m00="0.632445" m01="-0.261712" m02="0.729054" m03="0" m10="0.700239" m11="-0.209234" m12="-0.682559" m13="0" m20="0.331176" m21="0.942193" m22="0.050932" m23="0" m30="-0.313644" m31="-0.00377333" m32="1.35477" m33="1"/>
		<transform name="warrior  Pelvis" m00="-0.080013" m01="-0.132526" m02="0.987945" m03="0" m10="0.952109" m11="-0.303585" m12="0.0363867" m13="0" m20="0.295103" m21="0.943543" m22="0.15047" m23="0" m30="-0.137198" m31="0.0337566" m32="0.564415" m33="1"/>
		<transform name="warrior  Ponytail1" m00="0.988626" m01="-0.138674" m02="0.0582164" m03="0" m10="0.0769768" m11="0.134014" m12="-0.987985" m13="0" m20="0.129206" m21="0.981229" m22="0.143164" m23="0" m30="-0.047305" m31="-0.132011" m32="1.92273" m33="1"/>
		<transform name="warrior  Prop1" m00="0.83941" m01="0.137483" m02="0.525822" m03="0" m10="-0.337063" m11="0.890637" m12="0.305211" m13="0" m20="-0.426355" m21="-0.433432" m22="0.793951" m23="0" m30="-0.223337" m31="-0.691526" m32="0.806418" m33="1"/>
		<transform name="warrior  R Calf" m00="-0.687903" m01="0.274881" m02="-0.671736" m03="0" m10="0.678972" m11="-0.0833444" m12="-0.729418" m13="0" m20="-0.256489" m21="-0.957859" m22="-0.129304" m23="0" m30="-0.197217" m31="-0.195425" m32="0.278406" m33="1"/>
		<transform name="warrior  R Clavicle" m00="-0.331175" m01="-0.942194" m02="-0.0509339" m03="0" m10="-0.942312" m11="0.333037" m12="-0.0336721" m13="0" m20="0.0486885" m21="0.0368443" m22="-0.998134" m23="0" m30="-0.328732" m31="-0.0469507" m32="1.35236" m33="1"/>
		<transform name="warrior  R Foot" m00="0.000807606" m01="-0.000466504" m02="-1" m03="0" m10="0.866026" m11="-0.499998" m12="0.000932645" m13="0" m20="-0.499998" m21="-0.866026" m22="2.07889e-07" m23="0" m30="-0.305384" m31="-0.152202" m32="0.17278" m33="1"/>
		<transform name="warrior  R Forearm" m00="0.294954" m01="-0.893901" m02="-0.337555" m03="0" m10="-0.714774" m11="0.0280294" m12="-0.698794" m13="0" m20="0.634114" m21="0.447388" m22="-0.63067" m23="0" m30="-0.484841" m31="-0.422177" m32="1.13284" m33="1"/>
		<transform name="warrior  R Hand" m00="0.29067" m01="-0.897174" m02="-0.332549" m03="0" m10="0.844876" m11="0.0775287" m12="0.529315" m13="0" m20="-0.449106" m21="-0.434819" m22="0.780536" m23="0" m30="-0.425447" m31="-0.602178" m32="1.06487" m33="1"/>
		<transform name="warrior  R Thigh" m00="0.0820641" m01="0.111715" m02="-0.990346" m03="0" m10="0.963057" m11="-0.264624" m12="0.0499523" m13="0" m20="-0.256489" m21="-0.957859" m22="-0.129304" m23="0" m30="-0.217523" m31="-0.223068" m32="0.523459" m33="1"/>
		<transform name="warrior  R Toe0" m00="0.965926" m01="-0.258817" m02="3.23693e-07" m03="0" m10="-3.03306e-07" m11="1.77392e-07" m12="1" m13="0" m20="-0.258817" m21="-0.965926" m22="0" m23="0" m30="-0.110279" m31="-0.264846" m32="0.000368378" m33="1"/>
		<transform name="warrior  R UpperArm" m00="-0.299536" m01="-0.609812" m02="-0.733763" m03="0" m10="-0.712866" m11="0.654197" m12="-0.252681" m13="0" m20="0.634114" m21="0.447388" m22="-0.63067" m23="0" m30="-0.399683" m31="-0.248808" m32="1.34145" m33="1"/>
		<transform name="warrior  Spine" m00="-0.0710934" m01="-0.10672" m02="0.991744" m03="0" m10="0.947416" m11="-0.318227" m12="0.0336719" m13="0" m20="0.312006" m21="0.941989" m22="0.123732" m23="0" m30="-0.285492" m31="0.0292786" m32="0.883354" m33="1"/>
		<transform name="warrior  Spine1" m00="-0.047938" m01="-0.0371094" m02="0.998161" m03="0" m10="0.94235" m11="-0.33301" m12="0.0328771" m13="0" m20="0.331177" m21="0.942193" m22="0.0509339" m23="0" m30="-0.301577" m31="0.00548196" m32="1.1051" m33="1"/>
	</frame>
	<frame index="2">
		<transform name="warrior  Head" m00="-0.24082" m01="-0.158783" m02="0.957493" m03="0" m10="0.950889" m11="-0.236258" m12="0.19998" m13="0" m20="0.194461" m21="0.958629" m22="0.207881" m23="0" m30="-0.265073" m31="-0.0872995" m32="1.47129" m33="1"/>
		<transform name="warrior  L Calf" m00="0.0424364" m01="0.208139" m02="-0.977178" m03="0" m10="0.949615" m11="-0.312397" m12="-0.0253012" m13="0" m20="-0.310534" m21="-0.926869" m22="-0.210909" m23="0" m30="-0.0235632" m31="0.330807" m32="0.403576" m33="1"/>
		<transform name="warrior  L Clavicle" m00="0.408186" m01="0.904986" m02="0.119933" m03="0" m10="-0.908373" m11="0.415708" m12="-0.0452281" m13="0" m20="-0.0907878" m21="-0.0904822" m22="0.991751" m23="0" m30="-0.329373" m31="0.00553458" m32="1.37152" m33="1"/>
		<transform name="warrior  L Foot" m00="0.176032" m01="0.108015" m02="-0.97844" m03="0" m10="0.977362" m11="-0.137692" m12="0.160637" m13="0" m20="-0.117372" m21="-0.984568" m22="-0.129808" m23="0" m30="-0.0168904" m31="0.363535" m32="0.249923" m33="1"/>
		<transform name="warrior  L Forearm" m00="0.896394" m01="0.0224687" m02="-0.442687" m03="0" m10="0.191271" m11="0.88134" m12="0.432035" m13="0" m20="0.399865" m21="-0.471947" m22="0.785731" m23="0" m30="-0.015671" m31="0.371155" m32="1.38522" m33="1"/>
		<transform name="warrior  L Hand" m00="0.896394" m01="0.0224687" m02="-0.442687" m03="0" m10="-0.258087" m11="-0.785506" m12="-0.562468" m13="0" m20="-0.360372" m21="0.618445" m22="-0.698325" m23="0" m30="0.164832" m31="0.375679" m32="1.29608" m33="1"/>
		<transform name="warrior  L Thigh" m00="0.0740608" m01="0.197612" m02="-0.977479" m03="0" m10="0.947673" m11="-0.31916" m12="0.00727941" m13="0" m20="-0.310534" m21="-0.926869" m22="-0.210909" m23="0" m30="-0.041889" m31="0.28191" m32="0.645446" m33="1"/>
		<transform name="warrior  L Toe0" m00="0.977362" m01="-0.137692" m02="0.160637" m03="0" m10="-0.176032" m11="-0.108014" m12="0.97844" m13="0" m20="-0.117372" m21="-0.984568" m22="-0.129807" m23="0" m30="0.233527" m31="0.351183" m32="0.117186" m33="1"/>
		<transform name="warrior  L UpperArm" m00="0.795821" m01="0.604061" m02="-0.0421729" m03="0" m10="-0.454726" m11="0.642165" m12="0.617129" m13="0" m20="0.399865" m21="-0.471947" m22="0.785731" m23="0" m30="-0.241922" m31="0.199421" m32="1.39721" m33="1"/>
		<transform name="warrior  Neck" m00="0.578682" m01="-0.358113" m02="0.732722" m03="0" m10="0.706052" m11="-0.229686" m12="-0.669877" m13="0" m20="0.408188" m21="0.904986" m22="0.119931" m23="0" m30="-0.348149" m31="-0.0358884" m32="1.3661" m33="1"/>
		<transform name="warrior  Pelvis" m00="-0.12874" m01="-0.182723" m02="0.974699" m03="0" m10="0.926798" m11="-0.371844" m12="0.052705" m13="0" m20="0.352806" m21="0.910134" m22="0.217218" m23="0" m30="-0.13792" m31="0.0341785" m32="0.586321" m33="1"/>
		<transform name="warrior  Ponytail1" m00="0.964924" m01="-0.22505" m02="0.135184" m03="0" m10="0.176374" m11="0.174299" m12="-0.968768" m13="0" m20="0.194459" m21="0.95863" m22="0.207878" m23="0" m30="-0.134953" m31="-0.215435" m32="1.94068" m33="1"/>
		<transform name="warrior  Prop1" m00="0.838946" m01="-0.0266588" m02="0.543561" m03="0" m10="-0.183891" m11="0.926165" m12="0.329245" m13="0" m20="-0.512205" m21="-0.376174" m22="0.7721" m23="0" m30="-0.33523" m31="-0.722384" m32="0.783579" m33="1"/>
		<transform name="warrior  R Calf" m00="-0.656369" m01="0.275805" m02="-0.702219" m03="0" m10="0.698475" m11="-0.129651" m12="-0.703792" m13="0" m20="-0.285153" m21="-0.95243" m22="-0.107544" m23="0" m30="-0.202691" m31="-0.195273" m32="0.282418" m33="1"/>
		<transform name="warrior  R Clavicle" m00="-0.408186" m01="-0.904986" m02="-0.119933" m03="0" m10="-0.908373" m11="0.415708" m12="-0.0452281" m13="0" m20="0.0907878" m21="0.0904823" m22="-0.991751" m23="0" m30="-0.366764" m31="-0.077364" m32="1.36053" m33="1"/>
		<transform name="warrior  R Foot" m00="0.00380308" m01="-0.00219589" m02="-0.99999" m03="0" m10="0.866018" m11="-0.499993" m12="0.00439151" m13="0" m20="-0.499998" m21="-0.866026" m22="2.05426e-07" m23="0" m30="-0.305899" m31="-0.151905" m32="0.172" m33="1"/>
		<transform name="warrior  R Forearm" m00="0.147981" m01="-0.918253" m02="-0.367305" m03="0" m10="-0.658114" m11="0.185798" m12="-0.729634" m13="0" m20="0.738233" m21="0.349701" m22="-0.57682" m23="0" m30="-0.554112" m31="-0.422092" m32="1.11554" m33="1"/>
		<transform name="warrior  R Hand" m00="0.13767" m01="-0.923699" m02="-0.357529" m03="0" m10="0.833845" m11="-0.0867264" m12="0.545143" m13="0" m20="-0.534555" m21="-0.373174" m22="0.758282" m23="0" m30="-0.524314" m31="-0.606997" m32="1.04157" m33="1"/>
		<transform name="warrior  R Thigh" m00="0.126337" m01="0.073875" m02="-0.989233" m03="0" m10="0.950119" m11="-0.295669" m12="0.0992612" m13="0" m20="-0.285153" m21="-0.95243" m22="-0.107544" m23="0" m30="-0.233952" m31="-0.213553" m32="0.527196" m33="1"/>
		<transform name="warrior  R Toe0" m00="0.965926" m01="-0.258817" m02="3.90391e-07" m03="0" m10="-3.77503e-07" m11="1.23367e-07" m12="1" m13="0" m20="-0.258817" m21="-0.965926" m22="0" m23="0" m30="-0.110279" m31="-0.264846" m32="0.000368304" m33="1"/>
		<transform name="warrior  R UpperArm" m00="-0.351383" m01="-0.530575" m02="-0.771376" m03="0" m10="-0.575797" m11="0.77214" m12="-0.268809" m13="0" m20="0.738233" m21="0.349701" m22="-0.57682" m23="0" m30="-0.454214" m31="-0.27125" m32="1.33484" m33="1"/>
		<transform name="warrior  Spine" m00="-0.118235" m01="-0.157878" m02="0.980355" m03="0" m10="0.918038" m11="-0.393658" m12="0.0473236" m13="0" m20="0.378453" m21="0.905598" m22="0.191482" m23="0" m30="-0.298929" m31="0.0220125" m32="0.898829" m33="1"/>
		<transform name="warrior  Spine1" m00="-0.0900644" m01="-0.0908133" m02="0.991787" m03="0" m10="0.908444" m11="-0.415638" m12="0.044438" m13="0" m20="0.408189" m21="0.904985" m22="0.119933" m23="0" m30="-0.325548" m31="-0.0132068" m32="1.11803" m33="1"/>
	</frame>
	<frame index="3">
		<transform name="warrior  Head" m00="-0.331077" m01="-0.185091" m02="0.925273" m03="0" m10="0.908076" m11="-0.329032" m12="0.259105" m13="0" m20="0.256487" m21="0.926002" m22="0.277012" m23="0" m30="-0.311141" m31="-0.131918" m32="1.47646" m33="1"/>
		<transform name="warrior  L Calf" m00="0.1848" m01="0.280023" m02="-0.942038" m03="0" m10="0.921811" m11="-0.381742" m12="0.0673587" m13="0" m20="-0.340753" m21="-0.880829" m22="-0.328674" m23="0" m30="0.0324572" m31="0.333693" m32="0.453138" m33="1"/>
		<transform name="warrior  L Clavicle" m00="0.480041" m01="0.855884" m02="0.192417" m03="0" m10="-0.866383" m11="0.496963" m12="-0.0490793" m13="0" m20="-0.13763" m21="-0.143147" m22="0.980085" m23="0" m30="-0.363133" m31="-0.0277379" m32="1.3808" m33="1"/>
		<transform name="warrior  L Foot" m00="0.285279" m01="0.152176" m02="-0.946287" m03="0" m10="0.940646" m11="-0.233844" m12="0.245973" m13="0" m20="-0.183852" m21="-0.960291" m22="-0.209855" m23="0" m30="0.0615155" m31="0.377724" m32="0.30501" m33="1"/>
		<transform name="warrior  L Forearm" m00="0.931536" m01="-0.0360569" m02="-0.361857" m03="0" m10="0.218632" m11="0.850679" m12="0.478065" m13="0" m20="0.290586" m21="-0.524448" m22="0.800321" m23="0" m30="-0.0233522" m31="0.311895" m32="1.4384" m33="1"/>
		<transform name="warrior  L Hand" m00="0.931536" m01="-0.0360569" m02="-0.361857" m03="0" m10="-0.265968" m11="-0.746157" m12="-0.610337" m13="0" m20="-0.247995" m21="0.664793" m22="-0.704662" m23="0" m30="0.164228" m31="0.304634" m32="1.36553" m33="1"/>
		<transform name="warrior  L Thigh" m00="0.24408" m01="0.254726" m02="-0.935703" m03="0" m10="0.907916" m11="-0.399067" m12="0.128194" m13="0" m20="-0.340753" m21="-0.880829" m22="-0.328674" m23="0" m30="-0.0279384" m31="0.270663" m32="0.68467" m33="1"/>
		<transform name="warrior  L Toe0" m00="0.940646" m01="-0.233843" m02="0.245973" m03="0" m10="-0.285279" m11="-0.152176" m12="0.946286" m13="0" m20="-0.183852" m21="-0.960291" m22="-0.209854" m23="0" m30="0.322526" m31="0.351349" m32="0.197035" m33="1"/>
		<transform name="warrior  L UpperArm" m00="0.833403" m01="0.549657" m02="0.0575903" m03="0" m10="-0.470105" m11="0.650255" m12="0.596799" m13="0" m20="0.290586" m21="-0.524448" m22="0.800321" m23="0" m30="-0.260288" m31="0.155628" m32="1.42202" m33="1"/>
		<transform name="warrior  Neck" m00="0.515871" m01="-0.452825" m02="0.727205" m03="0" m10="0.709532" m11="-0.249828" m12="-0.6589" m13="0" m20="0.480043" m21="0.855883" m22="0.192415" m23="0" m30="-0.3852" m31="-0.0669097" m32="1.37206" m33="1"/>
		<transform name="warrior  Pelvis" m00="-0.181719" m01="-0.230937" m02="0.955848" m03="0" m10="0.895768" m11="-0.439887" m12="0.0640188" m13="0" m20="0.405681" m21="0.867852" m22="0.286802" m23="0" m30="-0.138362" m31="0.0344409" m32="0.606605" m33="1"/>
		<transform name="warrior  Ponytail1" m00="0.925353" m01="-0.318032" m02="0.206346" m03="0" m10="0.279174" m11="0.203406" m12="-0.93845" m13="0" m20="0.256485" m21="0.926003" m22="0.277008" m23="0" m30="-0.231205" m31="-0.294584" m32="1.94638" m33="1"/>
		<transform name="warrior  Prop1" m00="0.813487" m01="-0.199196" m02="0.546406" m03="0" m10="-0.0231563" m11="0.927677" m12="0.372665" m13="0" m20="-0.581122" m21="-0.315811" m22="0.750041" m23="0" m30="-0.453213" m31="-0.730131" m32="0.745432" m33="1"/>
		<transform name="warrior  R Calf" m00="-0.631963" m01="0.275337" m02="-0.724439" m03="0" m10="0.706652" m11="-0.179101" m12="-0.684518" m13="0" m20="-0.318221" m21="-0.944517" m22="-0.0813825" m23="0" m30="-0.207322" m31="-0.194741" m32="0.284699" m33="1"/>
		<transform name="warrior  R Clavicle" m00="-0.480041" m01="-0.855884" m02="-0.192417" m03="0" m10="-0.866383" m11="0.496963" m12="-0.0490793" m13="0" m20="0.13763" m21="0.143147" m22="-0.980085" m23="0" m30="-0.407105" m31="-0.106139" m32="1.36317" m33="1"/>
		<transform name="warrior  R Foot" m00="0.00844686" m01="-0.00487676" m02="-0.999952" m03="0" m10="0.865985" m11="-0.499975" m12="0.00975356" m13="0" m20="-0.499998" m21="-0.866026" m22="0" m23="0" m30="-0.306694" m31="-0.151446" m32="0.170786" m33="1"/>
		<transform name="warrior  R Forearm" m00="-0.00298578" m01="-0.909355" m02="-0.41601" m03="0" m10="-0.575476" m11="0.341784" m12="-0.742974" m13="0" m20="0.817813" m21="0.237185" m22="-0.524333" m23="0" m30="-0.622141" m31="-0.412333" m32="1.0914" m33="1"/>
		<transform name="warrior  R Hand" m00="-0.02151" m01="-0.915799" m02="-0.40106" m03="0" m10="0.797904" m11="-0.257436" m12="0.545047" m13="0" m20="-0.602401" m21="-0.308283" m22="0.736257" m23="0" m30="-0.622742" m31="-0.595446" m32="1.00763" m33="1"/>
		<transform name="warrior  R Thigh" m00="0.167567" m01="0.0284538" m02="-0.98545" m03="0" m10="0.93309" m11="-0.327228" m12="0.149215" m13="0" m20="-0.318221" m21="-0.944517" m22="-0.0813825" m23="0" m30="-0.248786" m31="-0.201781" m32="0.52854" m33="1"/>
		<transform name="warrior  R Toe0" m00="0.965926" m01="-0.258817" m02="2.88996e-07" m03="0" m10="-2.79057e-07" m11="1.44859e-07" m12="1" m13="0" m20="-0.258817" m21="-0.965926" m22="0" m23="0" m30="-0.110279" m31="-0.264846" m32="0.000368391" m33="1"/>
		<transform name="warrior  R UpperArm" m00="-0.394621" m01="-0.432039" m02="-0.810935" m03="0" m10="-0.418875" m11="0.870106" m12="-0.259729" m13="0" m20="0.817813" m21="0.237185" m22="-0.524333" m23="0" m30="-0.50995" m31="-0.289505" m32="1.32195" m33="1"/>
		<transform name="warrior  Spine" m00="-0.169765" m01="-0.207299" m02="0.963435" m03="0" m10="0.881876" m11="-0.468305" m12="0.0546301" m13="0" m20="0.439857" m21="0.858905" m22="0.262314" m23="0" m30="-0.312745" m31="0.0152083" m32="0.911489" m33="1"/>
		<transform name="warrior  Spine1" m00="-0.13694" m01="-0.143542" m02="0.980124" m03="0" m10="0.866491" m11="-0.496851" m12="0.0482983" m13="0" m20="0.480043" m21="0.855882" m22="0.192417" m23="0" m30="-0.350877" m31="-0.0310455" m32="1.12691" m33="1"/>
	</frame>
	<frame index="4">
		<transform name="warrior  Head" m00="-0.420626" m01="-0.1991" m02="0.885117" m03="0" m10="0.851528" m11="-0.423243" m12="0.309459" m13="0" m20="0.313007" m21="0.883869" m22="0.347567" m23="0" m30="-0.359432" m31="-0.173059" m32="1.47386" m33="1"/>
		<transform name="warrior  L Calf" m00="0.323718" m01="0.333764" m02="-0.885329" m03="0" m10="0.87722" m11="-0.456494" m12="0.148658" m13="0" m20="-0.354531" m21="-0.824752" m22="-0.440559" m23="0" m30="0.0879405" m31="0.326852" m32="0.507159" m33="1"/>
		<transform name="warrior  L Clavicle" m00="0.544556" m01="0.795745" m02="0.265045" m03="0" m10="-0.81744" m11="0.57428" m12="-0.0446646" m13="0" m20="-0.187752" m21="-0.192336" m22="0.963201" m23="0" m30="-0.398412" m31="-0.0587917" m32="1.38368" m33="1"/>
		<transform name="warrior  L Foot" m00="0.395691" m01="0.179547" m02="-0.900661" m03="0" m10="0.88483" m11="-0.337199" m12="0.321515" m13="0" m20="-0.245975" m21="-0.924153" m22="-0.292296" m23="0" m30="0.138843" m31="0.379334" m32="0.367948" m33="1"/>
		<transform name="warrior  L Forearm" m00="0.953319" m01="-0.105536" m02="-0.282921" m03="0" m10="0.24576" m11="0.815571" m12="0.523875" m13="0" m20="0.175454" m21="-0.568951" m22="0.803437" m23="0" m30="-0.0369634" m31="0.249407" m32="1.48454" m33="1"/>
		<transform name="warrior  L Hand" m00="0.953319" m01="-0.105536" m02="-0.282921" m03="0" m10="-0.272597" m11="-0.703825" m12="-0.655988" m13="0" m20="-0.129896" m21="0.70249" m22="-0.699739" m23="0" m30="0.155003" m31="0.228155" m32="1.42756" m33="1"/>
		<transform name="warrior  L Thigh" m00="0.416995" m01="0.282258" m02="-0.863971" m03="0" m10="0.836912" m11="-0.490016" m12="0.243849" m13="0" m20="-0.354531" m21="-0.824752" m22="-0.440559" m23="0" m30="-0.0152417" m31="0.25701" m32="0.720942" m33="1"/>
		<transform name="warrior  L Toe0" m00="0.88483" m01="-0.337199" m02="0.321516" m03="0" m10="-0.395691" m11="-0.179547" m12="0.900661" m13="0" m20="-0.245975" m21="-0.924153" m22="-0.292296" m23="0" m30="0.406347" m31="0.334415" m32="0.284856" m33="1"/>
		<transform name="warrior  L UpperArm" m00="0.861001" m01="0.484407" m02="0.155006" m03="0" m10="-0.477381" m11="0.664563" m12="0.574859" m13="0" m20="0.175454" m21="-0.568951" m22="0.803437" m23="0" m30="-0.281745" m31="0.11169" m32="1.44047" m33="1"/>
		<transform name="warrior  Neck" m00="0.445822" m01="-0.542294" m02="0.712151" m03="0" m10="0.710422" m11="-0.269645" m12="-0.650071" m13="0" m20="0.544558" m21="0.795744" m22="0.265044" m23="0" m30="-0.423434" m31="-0.0952068" m32="1.37162" m33="1"/>
		<transform name="warrior  Pelvis" m00="-0.237307" m01="-0.274758" m02="0.931769" m03="0" m10="0.859768" m11="-0.505893" m12="0.069793" m13="0" m20="0.452199" m21="0.817668" m22="0.35628" m23="0" m30="-0.138327" m31="0.0344473" m32="0.623965" m33="1"/>
		<transform name="warrior  Ponytail1" m00="0.869901" m01="-0.413678" m02="0.268595" m03="0" m10="0.381182" m11="0.218274" m12="-0.898363" m13="0" m20="0.313006" m21="0.88387" m22="0.347564" m23="0" m30="-0.332774" m31="-0.365221" m32="1.93865" m33="1"/>
		<transform name="warrior  Prop1" m00="0.762021" m01="-0.369985" m02="0.531446" m03="0" m10="0.134602" m11="0.893275" m12="0.428884" m13="0" m20="-0.633408" m21="-0.255286" m22="0.730495" m23="0" m30="-0.569596" m31="-0.713312" m32="0.695469" m33="1"/>
		<transform name="warrior  R Calf" m00="-0.618491" m01="0.276624" m02="-0.735492" m03="0" m10="0.700216" m11="-0.23075" m12="-0.675613" m13="0" m20="-0.356605" m21="-0.932863" m22="-0.0509798" m23="0" m30="-0.210406" m31="-0.194386" m32="0.284942" m33="1"/>
		<transform name="warrior  R Clavicle" m00="-0.544556" m01="-0.795745" m02="-0.265045" m03="0" m10="-0.81744" m11="0.57428" m12="-0.0446646" m13="0" m20="0.187752" m21="0.192336" m22="-0.963201" m23="0" m30="-0.448294" m31="-0.131684" m32="1.3594" m33="1"/>
		<transform name="warrior  R Foot" m00="0.0141374" m01="-0.00816216" m02="-0.999867" m03="0" m10="0.865911" m11="-0.499932" m12="0.0163244" m13="0" m20="-0.499998" m21="-0.866026" m22="0" m23="0" m30="-0.307659" m31="-0.150889" m32="0.169292" m33="1"/>
		<transform name="warrior  R Forearm" m00="-0.148376" m01="-0.866584" m02="-0.476463" m03="0" m10="-0.469571" m11="0.485755" m12="-0.737255" m13="0" m20="0.870338" m21="0.114343" m22="-0.478997" m23="0" m30="-0.685606" m31="-0.392963" m32="1.06173" m33="1"/>
		<transform name="warrior  R Hand" m00="-0.176293" m01="-0.872133" m02="-0.456403" m03="0" m10="0.736603" m11="-0.424451" m12="0.526552" m13="0" m20="-0.652944" m21="-0.243361" m22="0.717244" m23="0" m30="-0.715484" m31="-0.567463" m32="0.965791" m33="1"/>
		<transform name="warrior  R Thigh" m00="0.206133" m01="-0.0253412" m02="-0.978196" m03="0" m10="0.911231" m11="-0.359339" m12="0.201331" m13="0" m20="-0.356605" m21="-0.932863" m22="-0.0509798" m23="0" m30="-0.261412" m31="-0.188115" m32="0.526989" m33="1"/>
		<transform name="warrior  R Toe0" m00="0.965926" m01="-0.258817" m02="2.52045e-07" m03="0" m10="-2.57018e-07" m11="0" m12="1" m13="0" m20="-0.258817" m21="-0.965926" m22="-1.22692e-07" m23="0" m30="-0.110279" m31="-0.264846" m32="0.00036831" m33="1"/>
		<transform name="warrior  R UpperArm" m00="-0.42436" m01="-0.319373" m02="-0.847301" m03="0" m10="-0.249861" m11="0.940705" m12="-0.22944" m13="0" m20="0.870338" m21="0.114343" m22="-0.478997" m23="0" m30="-0.564961" m31="-0.302165" m32="1.30262" m33="1"/>
		<transform name="warrior  Spine" m00="-0.224083" m01="-0.252544" m02="0.94128" m03="0" m10="0.839848" m11="-0.540023" m12="0.0550483" m13="0" m20="0.494411" m21="0.802868" m22="0.333109" m23="0" m30="-0.3263" m31="0.00932569" m32="0.920223" m33="1"/>
		<transform name="warrior  Spine1" m00="-0.187101" m01="-0.192794" m02="0.963236" m03="0" m10="0.817587" m11="-0.574129" m12="0.0438968" m13="0" m20="0.544558" m21="0.795743" m22="0.265046" m23="0" m30="-0.376569" m31="-0.0470296" m32="1.13069" m33="1"/>
	</frame>
	<frame index="5">
		<transform name="warrior  Head" m00="-0.505901" m01="-0.199476" m02="0.83921" m03="0" m10="0.782778" m11="-0.514889" m12="0.349496" m13="0" m20="0.362384" m21="0.833726" m22="0.416629" m23="0" m30="-0.408194" m31="-0.209086" m32="1.46352" m33="1"/>
		<transform name="warrior  L Calf" m00="0.454013" m01="0.367027" m02="-0.811889" m03="0" m10="0.818633" m11="-0.531542" m12="0.217493" m13="0" m20="-0.351727" m21="-0.763383" m22="-0.541788" m23="0" m30="0.139653" m31="0.309724" m32="0.563225" m33="1"/>
		<transform name="warrior  L Clavicle" m00="0.600271" m01="0.726399" m02="0.334693" m03="0" m10="-0.763115" m11="0.645458" m12="-0.0322226" m13="0" m20="-0.239437" m21="-0.236067" m22="0.941776" m23="0" m30="-0.433861" m31="-0.0863304" m32="1.37997" m33="1"/>
		<transform name="warrior  L Foot" m00="0.501682" m01="0.188225" m02="-0.844326" m03="0" m10="0.811218" m11="-0.441308" m12="0.38363" m13="0" m20="-0.300399" m21="-0.877393" m22="-0.374088" m23="0" m30="0.211043" m31="0.367436" m32="0.435562" m33="1"/>
		<transform name="warrior  L Forearm" m00="0.96084" m01="-0.18202" m02="-0.20894" m03="0" m10="0.270741" m11="0.777314" m12="0.567875" m13="0" m20="0.0590471" m21="-0.602205" m22="0.796155" m23="0" m30="-0.0559269" m31="0.186501" m32="1.52184" m33="1"/>
		<transform name="warrior  L Hand" m00="0.96084" m01="-0.18202" m02="-0.20894" m03="0" m10="-0.27689" m11="-0.660354" m12="-0.698043" m13="0" m20="-0.0109162" m21="0.728561" m22="-0.684894" m23="0" m30="0.137554" m31="0.149848" m32="1.47977" m33="1"/>
		<transform name="warrior  L Thigh" m00="0.580221" m01="0.276398" m02="-0.766125" m03="0" m10="0.734596" m11="-0.583823" m12="0.345715" m13="0" m20="-0.351727" m21="-0.763383" m22="-0.541788" m23="0" m30="-0.00391847" m31="0.241331" m32="0.752796" m33="1"/>
		<transform name="warrior  L Toe0" m00="0.811218" m01="-0.441308" m02="0.38363" m03="0" m10="-0.501682" m11="-0.188225" m12="0.844326" m13="0" m20="-0.300399" m21="-0.877393" m22="-0.374088" m23="0" m30="0.480271" m31="0.300577" m32="0.376178" m33="1"/>
		<transform name="warrior  L UpperArm" m00="0.877003" m01="0.412262" m02="0.246789" m03="0" m10="-0.476842" m11="0.683658" m12="0.552479" m13="0" m20="0.0590471" m21="-0.602205" m22="0.796155" m23="0" m30="-0.305258" m31="0.0692948" m32="1.45168" m33="1"/>
		<transform name="warrior  Neck" m00="0.370861" m01="-0.623563" m02="0.688209" m03="0" m10="0.708615" m11="-0.288989" m12="-0.643701" m13="0" m20="0.600272" m21="0.726398" m22="0.334691" m23="0" m30="-0.461435" m31="-0.119567" m32="1.36472" m33="1"/>
		<transform name="warrior  Pelvis" m00="-0.293674" m01="-0.312375" m02="0.903426" m03="0" m10="0.819892" m11="-0.568217" m12="0.0700489" m13="0" m20="0.49146" m21="0.761283" m22="0.422984" m23="0" m30="-0.13769" m31="0.0341162" m32="0.637664" m33="1"/>
		<transform name="warrior  Ponytail1" m00="0.799986" m01="-0.507599" m02="0.319946" m03="0" m10="0.478226" m11="0.217351" m12="-0.850916" m13="0" m20="0.362383" m21="0.833728" m22="0.416625" m23="0" m30="-0.435965" m31="-0.42413" m32="1.91811" m33="1"/>
		<transform name="warrior  Prop1" m00="0.686722" m01="-0.529053" m02="0.498513" m03="0" m10="0.28006" m11="0.825404" m12="0.490178" m13="0" m20="-0.670805" m21="-0.197002" m22="0.71499" m23="0" m30="-0.67774" m31="-0.673508" m32="0.638563" m33="1"/>
		<transform name="warrior  R Calf" m00="-0.615657" m01="0.282469" m02="-0.735648" m03="0" m10="0.678828" m11="-0.284" m12="-0.677153" m13="0" m20="-0.400199" m21="-0.916272" m22="-0.0169014" m23="0" m30="-0.211888" m31="-0.194707" m32="0.283342" m33="1"/>
		<transform name="warrior  R Clavicle" m00="-0.600271" m01="-0.726399" m02="-0.334693" m03="0" m10="-0.763115" m11="0.645458" m12="-0.0322226" m13="0" m20="0.239437" m21="0.236067" m22="-0.941776" m23="0" m30="-0.488847" m31="-0.15287" m32="1.34931" m33="1"/>
		<transform name="warrior  R Foot" m00="0.0202953" m01="-0.0117175" m02="-0.999725" m03="0" m10="0.865789" m11="-0.499861" m12="0.023435" m13="0" m20="-0.499998" m21="-0.866026" m22="0" m23="0" m30="-0.308695" m31="-0.150291" m32="0.167667" m33="1"/>
		<transform name="warrior  R Forearm" m00="-0.280223" m01="-0.793141" m02="-0.540742" m03="0" m10="-0.345837" m11="0.608898" m12="-0.713891" m13="0" m20="0.895473" m21="-0.0130393" m22="-0.444925" m23="0" m30="-0.742074" m31="-0.365186" m32="1.02845" m33="1"/>
		<transform name="warrior  R Hand" m00="-0.317488" m01="-0.795685" m02="-0.515835" m03="0" m10="0.652572" m11="-0.578013" m12="0.489949" m13="0" m20="-0.688005" m21="-0.181066" m22="0.702755" m23="0" m30="-0.798501" m31="-0.524898" m32="0.919562" m33="1"/>
		<transform name="warrior  R Thigh" m00="0.240763" m01="-0.087327" m02="-0.966647" m03="0" m10="0.884236" m11="-0.390921" m12="0.255552" m13="0" m20="-0.400199" m21="-0.916272" m22="-0.0169014" m23="0" m30="-0.271462" m31="-0.173099" m32="0.522531" m33="1"/>
		<transform name="warrior  R Toe0" m00="0.965926" m01="-0.258817" m02="4.58905e-07" m03="0" m10="-4.01412e-07" m11="2.24645e-07" m12="1" m13="0" m20="-0.258817" m21="-0.965926" m22="0" m23="0" m30="-0.110279" m31="-0.264846" m32="0.000368396" m33="1"/>
		<transform name="warrior  R UpperArm" m00="-0.438354" m01="-0.199407" m02="-0.876403" m03="0" m10="-0.0772936" m11="0.97983" m12="-0.18428" m13="0" m20="0.895473" m21="-0.0130393" m22="-0.444925" m23="0" m30="-0.61745" m31="-0.308495" m32="1.27761" m33="1"/>
		<transform name="warrior  Spine" m00="-0.279383" m01="-0.291754" m02="0.914781" m03="0" m10="0.793273" m11="-0.606915" m12="0.0487078" m13="0" m20="0.540983" m21="0.739279" m22="0.401002" m23="0" m30="-0.339012" m31="0.00466559" m32="0.924605" m33="1"/>
		<transform name="warrior  Spine1" m00="-0.238829" m01="-0.236581" m02="0.941801" m03="0" m10="0.763304" m11="-0.645272" m12="0.0314717" m13="0" m20="0.600273" m21="0.726397" m22="0.334693" m23="0" m30="-0.401635" m31="-0.060443" m32="1.12915" m33="1"/>
	</frame>
	<frame index="6">
		<transform name="warrior  Head" m00="-0.5838" m01="-0.186285" m02="0.790238" m03="0" m10="0.704395" m11="-0.600225" m12="0.378889" m13="0" m20="0.40374" m21="0.777835" m22="0.481629" m23="0" m30="-0.455716" m31="-0.238955" m32="1.44649" m33="1"/>
		<transform name="warrior  L Calf" m00="0.571443" m01="0.379801" m02="-0.727465" m03="0" m10="0.74952" m11="-0.602525" m12="0.274196" m13="0" m20="-0.334176" m21="-0.701936" m22="-0.628977" m23="0" m30="0.184808" m31="0.28301" m32="0.618842" m33="1"/>
		<transform name="warrior  L Clavicle" m00="0.646526" m01="0.650393" m02="0.398739" m03="0" m10="-0.705251" m11="0.708844" m12="-0.0127005" m13="0" m20="-0.290904" m21="-0.273" m22="0.916976" m23="0" m30="-0.468166" m31="-0.109497" m32="1.37038" m33="1"/>
		<transform name="warrior  L Foot" m00="0.59843" m01="0.178496" m02="-0.781038" m03="0" m10="0.72317" m11="-0.53993" m12="0.430697" m13="0" m20="-0.344828" m21="-0.822566" m22="-0.452193" m23="0" m30="0.274663" m31="0.34273" m32="0.504454" m33="1"/>
		<transform name="warrior  L Forearm" m00="0.954813" m01="-0.2611" m02="-0.141982" m03="0" m10="0.292233" m11="0.737751" m12="0.608542" m13="0" m20="-0.0541432" m21="-0.622536" m22="0.780716" m23="0" m30="-0.079099" m31="0.125875" m32="1.54975" m33="1"/>
		<transform name="warrior  L Hand" m00="0.954813" m01="-0.2611" m02="-0.141982" m03="0" m10="-0.278309" m11="-0.617851" m12="-0.735394" m13="0" m20="0.104288" m21="0.741678" m22="-0.662599" m23="0" m30="0.113168" m31="0.0732984" m32="1.52116" m33="1"/>
		<transform name="warrior  L Thigh" m00="0.7225" m01="0.237758" m02="-0.649203" m03="0" m10="0.605244" m11="-0.671384" m12="0.427696" m13="0" m20="-0.334176" m21="-0.701936" m22="-0.628977" m23="0" m30="0.00603132" m31="0.224178" m32="0.779482" m33="1"/>
		<transform name="warrior  L Toe0" m00="0.72317" m01="-0.53993" m02="0.430697" m03="0" m10="-0.59843" m11="-0.178496" m12="0.781038" m13="0" m20="-0.344828" m21="-0.822566" m22="-0.452193" m23="0" m30="0.54077" m31="0.25199" m32="0.466592" m33="1"/>
		<transform name="warrior  L UpperArm" m00="0.881306" m01="0.33778" m02="0.330462" m03="0" m10="-0.469434" m11="0.705942" m12="0.530356" m13="0" m20="-0.0541432" m21="-0.622536" m22="0.780716" m23="0" m30="-0.329653" m31="0.0298447" m32="1.4558" m33="1"/>
		<transform name="warrior  Neck" m00="0.293548" m01="-0.694513" m02="0.656872" m03="0" m10="0.704153" m11="-0.307637" m12="-0.639944" m13="0" m20="0.646528" m21="0.650393" m22="0.398737" m23="0" m30="-0.497858" m31="-0.13925" m32="1.35219" m33="1"/>
		<transform name="warrior  Pelvis" m00="-0.348996" m01="-0.342681" m02="0.872222" m03="0" m10="0.777451" m11="-0.625543" m12="0.065311" m13="0" m20="0.523232" m21="0.700903" m22="0.48473" m23="0" m30="-0.136389" m31="0.0333981" m32="0.647543" m33="1"/>
		<transform name="warrior  Ponytail1" m00="0.718266" m01="-0.595558" m02="0.359729" m03="0" m10="0.566647" m11="0.200699" m12="-0.799144" m13="0" m20="0.403739" m21="0.777837" m22="0.481626" m23="0" m30="-0.53707" m31="-0.469367" m32="1.8869" m33="1"/>
		<transform name="warrior  Prop1" m00="0.59225" m01="-0.668224" m02="0.450241" m03="0" m10="0.406393" m11="0.730227" m12="0.549193" m13="0" m20="-0.695762" m21="-0.142285" m22="0.704039" m23="0" m30="-0.772891" m31="-0.614891" m32="0.579929" m33="1"/>
