<?xml version="1.0" encoding="UTF-8" standalone="yes"?>

<!DOCTYPE animation [
	<!ELEMENT animation  (frame+)>
	<!ELEMENT frame      (transform+)>
	<!ELEMENT transform   EMPTY>
	<!ATTLIST frame index CDATA #REQUIRED>
	<!ATTLIST transform name CDATA #REQUIRED>
	<!ATTLIST transform m00 CDATA #REQUIRED>
	<!ATTLIST transform m01 CDATA #REQUIRED>
	<!ATTLIST transform m02 CDATA #REQUIRED>
	<!ATTLIST transform m03 CDATA #REQUIRED>
	<!ATTLIST transform m10 CDATA #REQUIRED>
	<!ATTLIST transform m11 CDATA #REQUIRED>
	<!ATTLIST transform m12 CDATA #REQUIRED>
	<!ATTLIST transform m13 CDATA #REQUIRED>
	<!ATTLIST transform m20 CDATA #REQUIRED>
	<!ATTLIST transform m21 CDATA #REQUIRED>
	<!ATTLIST transform m22 CDATA #REQUIRED>
	<!ATTLIST transform m23 CDATA #REQUIRED>
	<!ATTLIST transform m30 CDATA #REQUIRED>
	<!ATTLIST transform m31 CDATA #REQUIRED>
	<!ATTLIST transform m32 CDATA #REQUIRED>
	<!ATTLIST transform m33 CDATA #REQUIRED>
]>

<animation>
	<frame index="0">
		<transform name="Head" m00="-0.185668" m01="0.275984" m02="0.943059" m03="0" m10="0.981214" m11="0.103264" m12="0.16296" m13="0" m20="-0.0524102" m21="0.955599" m22="-0.289972" m23="0" m30="-0.166026" m31="0.153133" m32="2.02361" m33="1"/>
		<transform name="L Calf" m00="-0.639726" m01="-0.515017" m02="-0.570533" m03="0" m10="0.211177" m11="0.595955" m12="-0.774753" m13="0" m20="0.739023" m21="-0.616113" m22="-0.272489" m23="0" m30="-0.263494" m31="0.391726" m32="0.305156" m33="1"/>
		<transform name="L Clavicle" m00="-0.528641" m01="0.786488" m02="-0.319335" m03="0" m10="-0.84376" m11="-0.527992" m12="0.0964071" m13="0" m20="-0.0927834" m21="0.320407" m22="0.942725" m23="0" m30="-0.297891" m31="0.191036" m32="1.88238" m33="1"/>
		<transform name="L Finger0" m00="0.96567" m01="-0.25977" m02="0.000886509" m03="0" m10="-0.00384412" m11="-0.0108771" m12="0.999934" m13="0" m20="-0.259744" m21="-0.965609" m22="-0.0115027" m23="0" m30="-0.51248" m31="0.808873" m32="1.84818" m33="1"/>
		<transform name="L Finger01" m00="0.410702" m01="-0.121241" m02="0.903673" m03="0" m10="-0.873989" m11="0.229999" m12="0.42807" m13="0" m20="-0.259744" m21="-0.965609" m22="-0.0115027" m23="0" m30="-0.218041" m31="0.729668" m32="1.84845" m33="1"/>
		<transform name="L Finger1" m00="0.628776" m01="-0.504641" m02="0.59159" m03="0" m10="0.669147" m11="-0.0363779" m12="-0.742239" m13="0" m20="0.396085" m21="0.862563" m22="0.314805" m23="0" m30="-0.560296" m31="0.997556" m32="2.22906" m33="1"/>
		<transform name="L Finger11" m00="0.880938" m01="-0.260279" m02="-0.395227" m03="0" m10="-0.258971" m11="0.433867" m12="-0.862957" m13="0" m20="0.396085" m21="0.862563" m22="0.314805" m23="0" m30="-0.371709" m31="0.846201" m32="2.40649" m33="1"/>
		<transform name="L Foot" m00="1.1276e-06" m01="2.71542e-07" m02="-1" m03="0" m10="0.359455" m11="0.933162" m12="6.51737e-07" m13="0" m20="0.933162" m21="-0.359455" m22="9.37962e-07" m23="0" m30="-0.365245" m31="0.309811" m32="0.21441" m33="1"/>
		<transform name="L Forearm" m00="0.205862" m01="0.612709" m02="0.763026" m03="0" m10="-0.0686618" m11="0.786849" m12="-0.613314" m13="0" m20="-0.976169" m21="0.0738671" m22="0.204052" m23="0" m30="-0.512914" m31="0.908031" m32="1.49807" m33="1"/>
		<transform name="L Hand" m00="-0.313113" m01="-0.420214" m02="0.851693" m03="0" m10="0.913405" m11="-0.378847" m12="0.148882" m13="0" m20="0.260099" m21="0.824557" m22="0.502448" m23="0" m30="-0.419224" m31="1.18688" m32="1.84533" m33="1"/>
		<transform name="L Thigh" m00="-0.0846002" m01="0.3164" m02="-0.944846" m03="0" m10="0.668347" m11="0.721315" m12="0.181704" m13="0" m20="0.739023" m21="-0.616113" m22="-0.272489" m23="0" m30="-0.240813" m31="0.306901" m32="0.558464" m33="1"/>
		<transform name="L Toe0" m00="0.359455" m01="0.933162" m02="6.51798e-07" m03="0" m10="-1.12762e-06" m11="-2.71598e-07" m12="1" m13="0" m20="0.933162" m21="-0.359455" m22="9.37962e-07" m23="0" m30="-0.183836" m31="0.780756" m32="0.000752642" m33="1"/>
		<transform name="L UpperArm" m00="-0.0460625" m01="0.848332" m02="-0.527457" m03="0" m10="-0.212065" m11="-0.524287" m12="-0.824713" m13="0" m20="-0.976169" m21="0.0738671" m22="0.204052" m23="0" m30="-0.489458" m31="0.476041" m32="1.76666" m33="1"/>
		<transform name="Neck" m00="0.250619" m01="0.504043" m02="0.826517" m03="0" m10="0.811006" m11="0.356897" m12="-0.463566" m13="0" m20="-0.528638" m21="0.786489" m22="-0.319337" m23="0" m30="-0.195725" m31="0.0934022" m32="1.92566" m33="1"/>
		<transform name="Pelvis" m00="6.50634e-07" m01="-1.2247e-06" m02="1" m03="0" m10="0.883112" m11="0.469162" m12="0" m13="0" m20="-0.469162" m21="0.883112" m22="1.3868e-06" m23="0" m30="-0.0606513" m31="-0.0322215" m32="0.558464" m33="1"/>
		<transform name="Ponytail1" m00="0.935335" m01="-0.0547527" m02="-0.3495" m03="0" m10="-0.349858" m11="-0.289542" m12="-0.890935" m13="0" m20="-0.0524139" m21="0.955598" m22="-0.289975" m23="0" m30="0.0491187" m31="0.31058" m32="2.50359" m33="1"/>
		<transform name="Ponytail2" m00="0.753117" m01="0.408651" m02="-0.515576" m03="0" m10="-0.357171" m11="-0.404159" m12="-0.842071" m13="0" m20="-0.552488" m21="0.818327" m22="-0.158421" m23="0" m30="0.184778" m31="0.221646" m32="2.18588" m33="1"/>
		<transform name="Ponytail21" m00="0.44327" m01="0.127504" m02="-0.887273" m03="0" m10="-0.705881" m11="-0.560432" m12="-0.433185" m13="0" m20="-0.552489" m21="0.818327" m22="-0.15842" m23="0" m30="0.41934" m31="0.348966" m32="2.02553" m33="1"/>
		<transform name="Prop1" m00="0.903732" m01="-0.42613" m02="0.0410128" m03="0" m10="-0.161913" m11="-0.251546" m12="0.954206" m13="0" m20="-0.396299" m21="-0.868987" m22="-0.296326" m23="0" m30="0.154382" m31="1.92953" m32="2.45782" m33="1"/>
		<transform name="Prop2" m00="0.519239" m01="0.830211" m02="-0.202832" m03="0" m10="0.363872" m11="-1.02352e-05" m12="0.931449" m13="0" m20="0.773297" m21="-0.557449" m22="-0.302096" m23="0" m30="-1.3036" m31="0.46278" m32="2.55928" m33="1"/>
		<transform name="Prop3" m00="-0.500378" m01="-0.818834" m02="0.281306" m03="0" m10="-0.382636" m11="-0.0823147" m12="-0.920225" m13="0" m20="0.776667" m21="-0.568098" m22="-0.272127" m23="0" m30="-2.16356" m31="-0.962233" m32="3.04949" m33="1"/>
		<transform name="R Calf" m00="-0.474279" m01="-0.0201397" m02="-0.880144" m03="0" m10="0.879396" m11="0.0362861" m12="-0.474706" m13="0" m20="0.0414974" m21="-0.999138" m22="0.000501078" m23="0" m30="0.29465" m31="-0.364172" m32="0.35561" m33="1"/>
		<transform name="R Clavicle" m00="0.528641" m01="-0.786488" m02="0.319335" m03="0" m10="-0.84376" m11="-0.527992" m12="0.0964071" m13="0" m20="0.0927834" m21="-0.320407" m22="-0.942725" m23="0" m30="-0.14499" m31="-0.0364434" m32="1.97475" m33="1"/>
		<transform name="R Finger0" m00="0.538872" m01="0.800651" m02="-0.261866" m03="0" m10="0.327351" m11="-0.485461" m12="-0.81066" m13="0" m20="-0.776182" m21="0.35112" m22="-0.523695" m23="0" m30="0.899687" m31="-0.52981" m32="1.7891" m33="1"/>
		<transform name="R Finger01" m00="0.614752" m01="0.236912" m02="-0.752298" m03="0" m10="-0.140077" m11="-0.905863" m12="-0.399739" m13="0" m20="-0.776182" m21="0.35112" m22="-0.523695" m23="0" m30="1.06399" m31="-0.285687" m32="1.70926" m33="1"/>
		<transform name="R Finger1" m00="0.567609" m01="0.185831" m02="-0.802052" m03="0" m10="-0.769493" m11="0.466146" m12="-0.436564" m13="0" m20="0.292746" m21="0.864971" m22="0.407584" m23="0" m30="1.05328" m31="-0.870193" m32="1.58053" m33="1"/>
		<transform name="R Finger11" m00="-0.000703358" m01="0.426453" m02="-0.90451" m03="0" m10="-0.95619" m11="0.264505" m12="0.125451" m13="0" m20="0.292746" m21="0.864971" m22="0.407584" m23="0" m30="1.22352" m31="-0.814458" m32="1.33998" m33="1"/>
		<transform name="R Foot" m00="3.34164e-05" m01="1.00734e-06" m02="-1" m03="0" m10="1" m11="2.07919e-06" m12="3.34159e-05" m13="0" m20="2.07919e-06" m21="-1" m22="-9.97386e-07" m23="0" m30="0.219214" m31="-0.367375" m32="0.21562" m33="1"/>
		<transform name="R Forearm" m00="0.944877" m01="-0.142057" m02="-0.295003" m03="0" m10="-0.207834" m11="-0.956414" m12="-0.205125" m13="0" m20="-0.253006" m21="0.25513" m22="-0.933219" m23="0" m30="0.224189" m31="-0.767365" m32="1.9204" m33="1"/>
		<transform name="R Hand" m00="0.88575" m01="-0.0847352" m02="-0.456363" m03="0" m10="-0.360437" m11="0.493927" m12="-0.791278" m13="0" m20="0.292459" m21="0.865364" m22="0.406954" m23="0" m30="0.654213" m31="-0.832016" m32="1.78615" m33="1"/>
		<transform name="R Thigh" m00="0.653274" m01="0.0267531" m02="-0.756649" m03="0" m10="0.755984" m11="0.0317263" m12="0.653821" m13="0" m20="0.0414974" m21="-0.999138" m22="0.000501078" m23="0" m30="0.11951" m31="-0.371344" m32="0.558464" m33="1"/>
		<transform name="R Toe0" m00="1" m01="2.06235e-06" m02="3.29986e-05" m03="0" m10="-3.29991e-05" m11="-9.89089e-07" m12="1" m13="0" m20="2.06235e-06" m21="-1" m22="-9.79136e-07" m23="0" m30="0.723898" m31="-0.367374" m32="0.00197893" m33="1"/>
		<transform name="R UpperArm" m00="0.34879" m01="-0.87568" m02="-0.33396" m03="0" m10="-0.902404" m11="-0.409991" m12="0.132565" m13="0" m20="-0.253006" m21="0.25513" m22="-0.933219" m23="0" m30="0.0465772" m31="-0.321449" m32="2.09046" m33="1"/>
		<transform name="Spine" m00="-0.0428325" m01="0.163975" m02="0.985534" m03="0" m10="0.863134" m11="0.502861" m12="-0.0461543" m13="0" m20="-0.503155" m21="0.848671" m22="-0.163071" m23="0" m30="-0.14754" m31="-0.0783944" m32="1.24158" m33="1"/>
		<transform name="Spine1" m00="-0.0921114" m01="0.320827" m02="0.942648" m03="0" m10="0.843835" m11="0.527734" m12="-0.0971569" m13="0" m20="-0.528638" m21="0.78649" m22="-0.319336" m23="0" m30="-0.162973" m31="-0.0203747" m32="1.59122" m33="1"/>
		<transform name="Tail" m00="-0.208454" m01="-0.260313" m02="-0.942753" m03="0" m10="-0.462457" m11="-0.823128" m12="0.329537" m13="0" m20="-0.861789" m21="0.504676" m22="0.0512003" m23="0" m30="-0.394146" m31="-0.209189" m32="1.89275" m33="1"/>
		<transform name="Tail1" m00="-0.147784" m01="-0.18737" m02="-0.971109" m03="0" m10="-0.837082" m11="-0.499244" m12="0.223714" m13="0" m20="-0.526738" m21="0.845959" m22="-0.0830638" m23="0" m30="-0.486442" m31="-0.32464" m32="1.47391" m33="1"/>
		<transform name="Tail2" m00="-0.2796" m01="-0.403483" m02="-0.871221" m03="0" m10="-0.763503" m11="-0.456746" m12="0.45656" m13="0" m20="-0.58214" m21="0.792833" m22="-0.180354" m23="0" m30="-0.551816" m31="-0.407706" m32="1.0424" m33="1"/>
	</frame>
	<frame index="1">
		<transform name="Head" m00="-0.185764" m01="0.275945" m02="0.943051" m03="0" m10="0.981195" m11="0.103296" m12="0.163053" m13="0" m20="-0.0524199" m21="0.955607" m22="-0.289945" m23="0" m30="-0.166203" m31="0.153037" m32="2.02363" m33="1"/>
		<transform name="L Calf" m00="-0.639626" m01="-0.514972" m02="-0.570686" m03="0" m10="0.211297" m11="0.596029" m12="-0.774663" m13="0" m20="0.739075" m21="-0.616079" m22="-0.272424" m23="0" m30="-0.26351" m31="0.391719" m32="0.30518" m33="1"/>
		<transform name="L Clavicle" m00="-0.528639" m01="0.786486" m02="-0.319344" m03="0" m10="-0.843747" m11="-0.528037" m12="0.0962726" m13="0" m20="-0.0929081" m21="0.320339" m22="0.942736" m23="0" m30="-0.298054" m31="0.190944" m32="1.8824" m33="1"/>
		<transform name="L Finger0" m00="0.96568" m01="-0.259731" m02="0.000963987" m03="0" m10="-0.00391854" m11="-0.010858" m12="0.999934" m13="0" m20="-0.259704" m21="-0.96562" m22="-0.0115036" m23="0" m30="-0.512687" m31="0.80879" m32="1.84823" m33="1"/>
		<transform name="L Finger01" m00="0.41064" m01="-0.121207" m02="0.903706" m03="0" m10="-0.87403" m11="0.229971" m12="0.428" m13="0" m20="-0.259704" m21="-0.96562" m22="-0.0115036" m23="0" m30="-0.218245" m31="0.729597" m32="1.84853" m33="1"/>
		<transform name="L Finger1" m00="0.628752" m01="-0.504604" m02="0.591647" m03="0" m10="0.669204" m11="-0.036365" m12="-0.742188" m13="0" m20="0.396026" m21="0.862585" m22="0.314818" m23="0" m30="-0.560539" m31="0.997478" m32="2.2291" m33="1"/>
		<transform name="L Finger11" m00="0.880978" m01="-0.26025" m02="-0.395156" m03="0" m10="-0.258924" m11="0.43384" m12="-0.862984" m13="0" m20="0.396026" m21="0.862585" m22="0.314818" m23="0" m30="-0.371959" m31="0.846134" m32="2.40655" m33="1"/>
		<transform name="L Foot" m00="1.14562e-06" m01="2.85433e-07" m02="-1" m03="0" m10="0.359455" m11="0.933162" m12="6.59078e-07" m13="0" m20="0.933162" m21="-0.359455" m22="1.00152e-06" m23="0" m30="-0.365245" m31="0.309811" m32="0.21441" m33="1"/>
		<transform name="L Forearm" m00="0.205739" m01="0.612705" m02="0.763062" m03="0" m10="-0.068665" m11="0.78686" m12="-0.613299" m13="0" m20="-0.976195" m21="0.0737841" m22="0.20396" m23="0" m30="-0.513081" m31="0.907953" m32="1.4981" m33="1"/>
		<transform name="L Hand" m00="-0.31316" m01="-0.42021" m02="0.851677" m03="0" m10="0.913409" m11="-0.378807" m12="0.148958" m13="0" m20="0.260028" m21="0.824578" m22="0.502451" m23="0" m30="-0.419446" m31="1.1868" m32="1.84538" m33="1"/>
		<transform name="L Thigh" m00="-0.0844509" m01="0.316484" m02="-0.944831" m03="0" m10="0.668308" m11="0.721308" m12="0.181877" m13="0" m20="0.739075" m21="-0.616079" m22="-0.272424" m23="0" m30="-0.240869" m31="0.306871" m32="0.558485" m33="1"/>
		<transform name="L Toe0" m00="0.359455" m01="0.933162" m02="6.59139e-07" m03="0" m10="-1.14565e-06" m11="-2.8549e-07" m12="1" m13="0" m20="0.933162" m21="-0.359455" m22="1.00152e-06" m23="0" m30="-0.183836" m31="0.780756" m32="0.000752676" m33="1"/>
		<transform name="L UpperArm" m00="-0.0460712" m01="0.848361" m02="-0.527409" m03="0" m10="-0.211946" m11="-0.52425" m12="-0.824767" m13="0" m20="-0.976195" m21="0.0737841" m22="0.20396" m23="0" m30="-0.48962" m31="0.475948" m32="1.76667" m33="1"/>
		<transform name="Neck" m00="0.2505" m01="0.503998" m02="0.826581" m03="0" m10="0.811044" m11="0.356965" m12="-0.463447" m13="0" m20="-0.528637" m21="0.786487" m22="-0.319345" m23="0" m30="-0.195888" m31="0.0933119" m32="1.92568" m33="1"/>
		<transform name="Pelvis" m00="-5.89539e-05" m01="-3.2829e-05" m02="1" m03="0" m10="0.883099" m11="0.469187" m12="6.74651e-05" m13="0" m20="-0.469187" m21="0.883099" m22="1.33088e-06" m23="0" m30="-0.0606977" m31="-0.0322459" m32="0.558485" m33="1"/>
		<transform name="Ponytail1" m00="0.935502" m01="-0.0545959" m02="-0.349079" m03="0" m10="-0.349411" m11="-0.289546" m12="-0.891109" m13="0" m20="-0.0524236" m21="0.955606" m22="-0.289948" m23="0" m30="0.0488915" m31="0.310477" m32="2.50364" m33="1"/>
		<transform name="Ponytail2" m00="0.753144" m01="0.408691" m02="-0.515505" m03="0" m10="-0.357089" m11="-0.40415" m12="-0.842111" m13="0" m20="-0.552504" m21="0.818312" m22="-0.158444" m23="0" m30="0.184583" m31="0.221558" m32="2.18594" m33="1"/>
		<transform name="Ponytail21" m00="0.443337" m01="0.127543" m02="-0.887234" m03="0" m10="-0.705826" m11="-0.560445" m12="-0.433257" m13="0" m20="-0.552505" m21="0.818312" m22="-0.158443" m23="0" m30="0.419153" m31="0.348891" m32="2.02561" m33="1"/>
		<transform name="Prop1" m00="0.903742" m01="-0.4261" m02="0.0410902" m03="0" m10="-0.161977" m11="-0.251531" m12="0.954199" m13="0" m20="-0.396249" m21="-0.869006" m22="-0.296338" m23="0" m30="0.154506" m31="1.92882" m32="2.45835" m33="1"/>
		<transform name="Prop2" m00="0.519228" m01="0.830223" m02="-0.202811" m03="0" m10="0.363801" m11="2.12694e-05" m12="0.931477" m13="0" m20="0.773338" m21="-0.557431" m22="-0.302025" m23="0" m30="-1.30344" m31="0.46203" m32="2.55973" m33="1"/>
		<transform name="Prop3" m00="-0.500373" m01="-0.818844" m02="0.281285" m03="0" m10="-0.382564" m11="-0.0823465" m12="-0.920252" m13="0" m20="0.776706" m21="-0.568079" m22="-0.272056" m23="0" m30="-2.16339" m31="-0.963001" m32="3.0499" m33="1"/>
		<transform name="R Calf" m00="-0.474043" m01="-0.0201077" m02="-0.880272" m03="0" m10="0.879522" m11="0.0363397" m12="-0.474469" m13="0" m20="0.0415292" m21="-0.999137" m22="0.000458595" m23="0" m30="0.294612" m31="-0.364177" m32="0.355631" m33="1"/>
		<transform name="R Clavicle" m00="0.528639" m01="-0.786486" m02="0.319344" m03="0" m10="-0.843747" m11="-0.528037" m12="0.0962726" m13="0" m20="0.0929081" m21="-0.320339" m22="-0.942736" m23="0" m30="-0.145153" m31="-0.0365347" m32="1.97476" m33="1"/>
		<transform name="R Finger0" m00="0.538985" m01="0.800588" m02="-0.261829" m03="0" m10="0.327339" m11="-0.485495" m12="-0.810644" m13="0" m20="-0.776109" m21="0.351217" m22="-0.523738" m23="0" m30="0.899602" m31="-0.529963" m32="1.78916" m33="1"/>
		<transform name="R Finger01" m00="0.614825" m01="0.236842" m02="-0.752261" m03="0" m10="-0.140164" m11="-0.905843" m12="-0.399753" m13="0" m20="-0.776109" m21="0.351217" m22="-0.523738" m23="0" m30="1.06394" m31="-0.285859" m32="1.70932" m33="1"/>
		<transform name="R Finger1" m00="0.567678" m01="0.185767" m02="-0.802018" m03="0" m10="-0.769411" m11="0.466243" m12="-0.436606" m13="0" m20="0.292828" m21="0.864933" m22="0.407607" m23="0" m30="1.05317" m31="-0.870363" m32="1.5806" m33="1"/>
		<transform name="R Finger11" m00="-0.000599079" m01="0.426459" m02="-0.904507" m03="0" m10="-0.956165" m11="0.26462" m12="0.125397" m13="0" m20="0.292828" m21="0.864933" m22="0.407607" m23="0" m30="1.22343" m31="-0.814647" m32="1.34005" m33="1"/>
		<transform name="R Foot" m00="3.34644e-05" m01="1.02122e-06" m02="-1" m03="0" m10="1" m11="2.05205e-06" m12="3.34605e-05" m13="0" m20="2.07737e-06" m21="-1" m22="-1.01116e-06" m23="0" m30="0.219214" m31="-0.367375" m32="0.21562" m33="1"/>
		<transform name="R Forearm" m00="0.944877" m01="-0.14217" m02="-0.294949" m03="0" m10="-0.207938" m11="-0.956388" m12="-0.205144" m13="0" m20="-0.252921" m21="0.255167" m22="-0.933232" m23="0" m30="0.224067" m31="-0.767436" m32="1.92042" m33="1"/>
		<transform name="R Hand" m00="0.885766" m01="-0.0848397" m02="-0.456312" m03="0" m10="-0.360331" m11="0.493976" m12="-0.791296" m13="0" m20="0.292541" m21="0.865326" m22="0.406977" m23="0" m30="0.654091" m31="-0.832139" m32="1.78618" m33="1"/>
		<transform name="R Thigh" m00="0.653272" m01="0.026806" m02="-0.756649" m03="0" m10="0.755984" m11="0.0317227" m12="0.653821" m13="0" m20="0.0415292" m21="-0.999137" m22="0.000458595" m23="0" m30="0.119473" m31="-0.371363" m32="0.558485" m33="1"/>
		<transform name="R Toe0" m00="1" m01="2.03521e-06" m02="3.30433e-05" m03="0" m10="-3.30472e-05" m11="-1.00297e-06" m12="1" m13="0" m20="2.06052e-06" m21="-1" m22="-9.92907e-07" m23="0" m30="0.723898" m31="-0.367374" m32="0.001979" m33="1"/>
		<transform name="R UpperArm" m00="0.348873" m01="-0.875643" m02="-0.333971" m03="0" m10="-0.902396" m11="-0.410047" m12="0.132447" m13="0" m20="-0.252921" m21="0.255167" m22="-0.933232" m23="0" m30="0.0464134" m31="-0.321539" m32="2.09048" m33="1"/>
		<transform name="Spine" m00="-0.0429261" m01="0.163925" m02="0.985538" m03="0" m10="0.863121" m11="0.502893" m12="-0.0460524" m13="0" m20="-0.503169" m21="0.848662" m22="-0.163075" m23="0" m30="-0.147626" m31="-0.0784428" m32="1.2416" m33="1"/>
		<transform name="Spine1" m00="-0.0922362" m01="0.320759" m02="0.942659" m03="0" m10="0.843822" m11="0.527779" m12="-0.0970224" m13="0" m20="-0.528637" m21="0.786488" m22="-0.319344" m23="0" m30="-0.163092" m31="-0.0204409" m32="1.59124" m33="1"/>
		<transform name="Tail" m00="-0.208403" m01="-0.260282" m02="-0.942773" m03="0" m10="-0.462467" m11="-0.823143" m12="0.329484" m13="0" m20="-0.861796" m21="0.504667" m22="0.0511739" m23="0" m30="-0.394267" m31="-0.209265" m32="1.89274" m33="1"/>
		<transform name="Tail1" m00="-0.147741" m01="-0.187324" m02="-0.971124" m03="0" m10="-0.837099" m11="-0.499244" m12="0.223653" m13="0" m20="-0.526724" m21="0.84597" m22="-0.0830496" m23="0" m30="-0.486541" m31="-0.324702" m32="1.4739" m33="1"/>
		<transform name="Tail2" m00="-0.279573" m01="-0.403427" m02="-0.871255" m03="0" m10="-0.763539" m11="-0.456744" m12="0.4565" m13="0" m20="-0.582105" m21="0.792863" m22="-0.180339" m23="0" m30="-0.551896" m31="-0.407748" m32="1.04238" m33="1"/>
	</frame>
	<frame index="2">
		<transform name="Head" m00="-0.186053" m01="0.27583" m02="0.943028" m03="0" m10="0.981139" m11="0.103391" m12="0.163331" m13="0" m20="-0.0524491" m21="0.95563" m22="-0.289864" m23="0" m30="-0.166736" m31="0.15275" m32="2.02371" m33="1"/>
		<transform name="L Calf" m00="-0.639325" m01="-0.514839" m02="-0.571143" m03="0" m10="0.211657" m11="0.59625" m12="-0.774395" m13="0" m20="0.739232" m21="-0.615976" m22="-0.272229" m23="0" m30="-0.263557" m31="0.391698" m32="0.305253" m33="1"/>
		<transform name="L Clavicle" m00="-0.528634" m01="0.786479" m02="-0.319369" m03="0" m10="-0.843709" m11="-0.52817" m12="0.0958694" m13="0" m20="-0.0932822" m21="0.320135" m22="0.942768" m23="0" m30="-0.298541" m31="0.190668" m32="1.88244" m33="1"/>
		<transform name="L Finger0" m00="0.965712" m01="-0.259613" m02="0.00119637" m03="0" m10="-0.00414239" m11="-0.0108008" m12="0.999933" m13="0" m20="-0.259583" m21="-0.965652" m22="-0.0115063" m23="0" m30="-0.513307" m31="0.80854" m32="1.84839" m33="1"/>
		<transform name="L Finger01" m00="0.410451" m01="-0.121104" m02="0.903805" m03="0" m10="-0.874155" m11="0.229889" m12="0.42779" m13="0" m20="-0.259583" m21="-0.965652" m22="-0.0115063" m23="0" m30="-0.218856" m31="0.729382" m32="1.84876" m33="1"/>
		<transform name="L Finger1" m00="0.628681" m01="-0.504493" m02="0.591818" m03="0" m10="0.669376" m11="-0.036326" m12="-0.742036" m13="0" m20="0.39585" m21="0.862651" m22="0.314858" m23="0" m30="-0.561268" m31="0.997244" m32="2.22924" m33="1"/>
		<transform name="L Finger11" m00="0.881099" m01="-0.260166" m02="-0.394942" m03="0" m10="-0.258783" m11="0.433759" m12="-0.863068" m13="0" m20="0.39585" m21="0.862651" m22="0.314858" m23="0" m30="-0.37271" m31="0.845933" m32="2.40674" m33="1"/>
		<transform name="L Foot" m00="1.14213e-06" m01="3.09849e-07" m02="-1" m03="0" m10="0.359455" m11="0.933162" m12="7.10168e-07" m13="0" m20="0.933162" m21="-0.359455" m22="9.22317e-07" m23="0" m30="-0.365245" m31="0.309811" m32="0.21441" m33="1"/>
		<transform name="L Forearm" m00="0.205373" m01="0.612691" m02="0.763172" m03="0" m10="-0.0686745" m11="0.786894" m12="-0.613255" m13="0" m20="-0.976271" m21="0.0735354" m22="0.203683" m23="0" m30="-0.51358" m31="0.90772" m32="1.49821" m33="1"/>
		<transform name="L Hand" m00="-0.3133" m01="-0.4202" m02="0.851631" m03="0" m10="0.913422" m11="-0.378687" m12="0.149185" m13="0" m20="0.259814" m21="0.824638" m22="0.502462" m23="0" m30="-0.420112" m31="1.18656" m32="1.84554" m33="1"/>
		<transform name="L Thigh" m00="-0.0840024" m01="0.316734" m02="-0.944787" m03="0" m10="0.668191" m11="0.721285" m12="0.182397" m13="0" m20="0.739232" m21="-0.615976" m22="-0.272229" m23="0" m30="-0.241037" m31="0.306783" m32="0.558546" m33="1"/>
		<transform name="L Toe0" m00="0.359455" m01="0.933162" m02="7.10229e-07" m03="0" m10="-1.14215e-06" m11="-3.09906e-07" m12="1" m13="0" m20="0.933162" m21="-0.359455" m22="9.22317e-07" m23="0" m30="-0.183836" m31="0.780756" m32="0.00075264" m33="1"/>
		<transform name="L UpperArm" m00="-0.0460971" m01="0.848451" m02="-0.527263" m03="0" m10="-0.211587" m11="-0.524141" m12="-0.824928" m13="0" m20="-0.976271" m21="0.0735354" m22="0.203683" m23="0" m30="-0.490106" m31="0.47567" m32="1.76671" m33="1"/>
		<transform name="Neck" m00="0.250142" m01="0.503864" m02="0.826771" m03="0" m10="0.811159" m11="0.357169" m12="-0.46309" m13="0" m20="-0.528631" m21="0.78648" m22="-0.319371" m23="0" m30="-0.196378" m31="0.093041" m32="1.92574" m33="1"/>
		<transform name="Pelvis" m00="-0.000237647" m01="-0.000127584" m02="1" m03="0" m10="0.883059" m11="0.469262" m12="0.000269727" m13="0" m20="-0.469262" m21="0.883059" m22="1.14508e-06" m23="0" m30="-0.060837" m31="-0.032319" m32="0.558546" m33="1"/>
		<transform name="Ponytail1" m00="0.935972" m01="-0.0541485" m02="-0.347885" m03="0" m10="-0.348145" m11="-0.289554" m12="-0.891602" m13="0" m20="-0.0524528" m21="0.955629" m22="-0.289866" m23="0" m30="0.0482101" m31="0.310166" m32="2.50379" m33="1"/>
		<transform name="Ponytail2" m00="0.753226" m01="0.408814" m02="-0.515288" m03="0" m10="-0.35684" m11="-0.404121" m12="-0.84223" m13="0" m20="-0.552554" m21="0.818265" m22="-0.158513" m23="0" m30="0.183998" m31="0.221295" m32="2.18612" m33="1"/>
		<transform name="Ponytail21" m00="0.44354" m01="0.127663" m02="-0.887116" m03="0" m10="-0.705659" m11="-0.560487" m12="-0.433474" m13="0" m20="-0.552555" m21="0.818265" m22="-0.158512" m23="0" m30="0.418595" m31="0.348666" m32="2.02586" m33="1"/>
		<transform name="Prop1" m00="0.903781" m01="-0.425995" m02="0.0413194" m03="0" m10="-0.162164" m11="-0.251493" m12="0.954177" m13="0" m20="-0.396083" m21="-0.869068" m22="-0.296375" m23="0" m30="0.154034" m31="1.92803" m32="2.45903" m33="1"/>
		<transform name="Prop2" m00="0.519179" m01="0.83027" m02="-0.202743" m03="0" m10="0.363591" m11="0.000117851" m12="0.931559" m13="0" m20="0.773469" m21="-0.557361" m22="-0.301818" m23="0" m30="-1.30377" m31="0.461075" m32="2.56017" m33="1"/>
		<transform name="Prop3" m00="-0.500344" m01="-0.818884" m02="0.281221" m03="0" m10="-0.382347" m11="-0.0824446" m12="-0.920334" m13="0" m20="0.776831" m21="-0.568008" m22="-0.271847" m23="0" m30="-2.16367" m31="-0.964025" m32="3.05023" m33="1"/>
		<transform name="R Calf" m00="-0.473336" m01="-0.0200114" m02="-0.880655" m03="0" m10="0.879898" m11="0.0365002" m12="-0.473759" m13="0" m20="0.0416246" m21="-0.999133" m22="0.000331178" m23="0" m30="0.2945" m31="-0.364192" m32="0.355692" m33="1"/>
		<transform name="R Clavicle" m00="0.528634" m01="-0.786479" m02="0.319369" m03="0" m10="-0.843709" m11="-0.52817" m12="0.0958694" m13="0" m20="0.0932821" m21="-0.320135" m22="-0.942768" m23="0" m30="-0.145643" m31="-0.0368087" m32="1.97481" m33="1"/>
		<transform name="R Finger0" m00="0.53932" m01="0.800398" m02="-0.261719" m03="0" m10="0.327304" m11="-0.485597" m12="-0.810597" m13="0" m20="-0.77589" m21="0.351509" m22="-0.523866" m23="0" m30="0.899346" m31="-0.53042" m32="1.78932" m33="1"/>
		<transform name="R Finger01" m00="0.615041" m01="0.236635" m02="-0.752149" m03="0" m10="-0.140423" m11="-0.905784" m12="-0.399796" m13="0" m20="-0.77589" m21="0.351509" m22="-0.523866" m23="0" m30="1.06379" m31="-0.286374" m32="1.70952" m33="1"/>
		<transform name="R Finger1" m00="0.567885" m01="0.185578" m02="-0.801915" m03="0" m10="-0.769166" m11="0.46653" m12="-0.43673" m13="0" m20="0.29307" m21="0.864818" m22="0.407676" m23="0" m30="1.05283" m31="-0.870871" m32="1.58078" m33="1"/>
		<transform name="R Finger11" m00="-0.000286987" m01="0.426478" m02="-0.904498" m03="0" m10="-0.956091" m11="0.264964" m12="0.125236" m13="0" m20="0.29307" m21="0.864818" m22="0.407676" m23="0" m30="1.22315" m31="-0.815212" m32="1.34026" m33="1"/>
		<transform name="R Foot" m00="3.34612e-05" m01="1.03172e-06" m02="-1" m03="0" m10="1" m11="2.07875e-06" m12="3.34671e-05" m13="0" m20="2.1036e-06" m21="-1" m22="-1.00904e-06" m23="0" m30="0.219214" m31="-0.367375" m32="0.21562" m33="1"/>
		<transform name="R Forearm" m00="0.944877" m01="-0.142506" m02="-0.294787" m03="0" m10="-0.208249" m11="-0.956308" m12="-0.2052" m13="0" m20="-0.252665" m21="0.255277" m22="-0.93327" m23="0" m30="0.223703" m31="-0.767651" m32="1.92046" m33="1"/>
		<transform name="R Hand" m00="0.885815" m01="-0.0851513" m02="-0.45616" m03="0" m10="-0.360014" m11="0.494123" m12="-0.791348" m13="0" m20="0.292784" m21="0.865212" m22="0.407046" m23="0" m30="0.653726" m31="-0.832507" m32="1.7863" m33="1"/>
		<transform name="R Thigh" m00="0.653264" m01="0.0269647" m02="-0.75665" m03="0" m10="0.755985" m11="0.0317116" m12="0.65382" m13="0" m20="0.0416246" m21="-0.999133" m22="0.000331178" m23="0" m30="0.119363" m31="-0.371421" m32="0.558546" m33="1"/>
		<transform name="R Toe0" m00="1" m01="2.06191e-06" m02="3.30499e-05" m03="0" m10="-3.3044e-05" m11="-1.01347e-06" m12="1" m13="0" m20="2.08675e-06" m21="-1" m22="-9.90792e-07" m23="0" m30="0.723898" m31="-0.367374" m32="0.001979" m33="1"/>
		<transform name="R UpperArm" m00="0.349122" m01="-0.875532" m02="-0.334002" m03="0" m10="-0.902371" m11="-0.410216" m12="0.132094" m13="0" m20="-0.252665" m21="0.255277" m22="-0.93327" m23="0" m30="0.045922" m31="-0.321811" m32="2.09054" m33="1"/>
		<transform name="Spine" m00="-0.0432069" m01="0.163775" m02="0.985551" m03="0" m10="0.863082" m11="0.502987" m12="-0.0457469" m13="0" m20="-0.503212" m21="0.848635" m22="-0.163084" m23="0" m30="-0.147883" m31="-0.078588" m32="1.24164" m33="1"/>
		<transform name="Spine1" m00="-0.0926103" m01="0.320555" m02="0.942692" m03="0" m10="0.843785" m11="0.527913" m12="-0.0966192" m13="0" m20="-0.528631" m21="0.786481" m22="-0.31937" m23="0" m30="-0.163449" m31="-0.0206393" m32="1.59128" m33="1"/>
		<transform name="Tail" m00="-0.208253" m01="-0.260187" m02="-0.942833" m03="0" m10="-0.462499" m11="-0.823188" m12="0.329326" m13="0" m20="-0.861815" m21="0.504643" m22="0.0510951" m23="0" m30="-0.39463" m31="-0.209493" m32="1.89273" m33="1"/>
		<transform name="Tail1" m00="-0.147613" m01="-0.187185" m02="-0.971171" m03="0" m10="-0.837148" m11="-0.499245" m12="0.223467" m13="0" m20="-0.526681" m21="0.846" m22="-0.0830069" m23="0" m30="-0.486837" m31="-0.324888" m32="1.47386" m33="1"/>
		<transform name="Tail2" m00="-0.279494" m01="-0.403261" m02="-0.871358" m03="0" m10="-0.763649" m11="-0.456739" m12="0.456322" m13="0" m20="-0.582" m21="0.79295" m22="-0.180294" m23="0" m30="-0.552134" m31="-0.407872" m32="1.04231" m33="1"/>
	</frame>
	<frame index="3">
		<transform name="Head" m00="-0.186533" m01="0.275638" m02="0.942989" m03="0" m10="0.981045" m11="0.103549" m12="0.163794" m13="0" m20="-0.0524979" m21="0.955668" m22="-0.289728" m23="0" m30="-0.167622" m31="0.152273" m32="2.02384" m33="1"/>
		<transform name="L Calf" m00="-0.638823" m01="-0.514615" m02="-0.571906" m03="0" m10="0.212258" m11="0.596619" m12="-0.773946" m13="0" m20="0.739494" m21="-0.615806" m22="-0.271903" m23="0" m30="-0.263637" m31="0.391662" m32="0.305374" m33="1"/>
		<transform name="L Clavicle" m00="-0.528625" m01="0.786468" m02="-0.319412" m03="0" m10="-0.843646" m11="-0.528393" m12="0.0951978" m13="0" m20="-0.0939051" m21="0.319794" m22="0.942822" m23="0" m30="-0.299354" m31="0.190208" m32="1.88251" m33="1"/>
		<transform name="L Finger0" m00="0.965764" m01="-0.259415" m02="0.00158373" m03="0" m10="-0.00451561" m11="-0.0107061" m12="0.999933" m13="0" m20="-0.259382" m21="-0.965706" m22="-0.0115113" m23="0" m30="-0.514341" m31="0.808123" m32="1.84865" m33="1"/>
		<transform name="L Finger01" m00="0.410135" m01="-0.120934" m02="0.903971" m03="0" m10="-0.874363" m11="0.229752" m12="0.427438" m13="0" m20="-0.259382" m21="-0.965706" m22="-0.0115113" m23="0" m30="-0.219873" m31="0.729025" m32="1.84913" m33="1"/>
		<transform name="L Finger1" m00="0.628562" m01="-0.504309" m02="0.592101" m03="0" m10="0.669661" m11="-0.0362605" m12="-0.741782" m13="0" m20="0.395557" m21="0.862762" m22="0.314923" m23="0" m30="-0.562482" m31="0.996853" m32="2.22946" m33="1"/>
		<transform name="L Finger11" m00="0.881299" m01="-0.260024" m02="-0.394588" m03="0" m10="-0.258548" m11="0.433624" m12="-0.863206" m13="0" m20="0.395557" m21="0.862762" m22="0.314923" m23="0" m30="-0.37396" m31="0.845598" m32="2.40705" m33="1"/>
		<transform name="L Foot" m00="1.06208e-06" m01="1.53053e-07" m02="-1" m03="0" m10="0.359455" m11="0.933163" m12="5.12864e-07" m13="0" m20="0.933162" m21="-0.359455" m22="9.64142e-07" m23="0" m30="-0.365245" m31="0.309811" m32="0.21441" m33="1"/>
		<transform name="L Forearm" m00="0.204761" m01="0.612668" m02="0.763355" m03="0" m10="-0.0686897" m11="0.78695" m12="-0.613181" m13="0" m20="-0.976399" m21="0.0731211" m22="0.203221" m23="0" m30="-0.514411" m31="0.907332" m32="1.49839" m33="1"/>
		<transform name="L Hand" m00="-0.313534" m01="-0.420182" m02="0.851554" m03="0" m10="0.913443" m11="-0.378487" m12="0.149564" m13="0" m20="0.259458" m21="0.824739" m22="0.502481" m23="0" m30="-0.421222" m31="1.18616" m32="1.8458" m33="1"/>
		<transform name="L Thigh" m00="-0.0832557" m01="0.317151" m02="-0.944713" m03="0" m10="0.667995" m11="0.721248" m12="0.183262" m13="0" m20="0.739494" m21="-0.615806" m22="-0.271903" m23="0" m30="-0.241317" m31="0.306636" m32="0.558647" m33="1"/>
		<transform name="L Toe0" m00="0.359455" m01="0.933163" m02="5.12924e-07" m03="0" m10="-1.06211e-06" m11="-1.5311e-07" m12="1" m13="0" m20="0.933162" m21="-0.359455" m22="9.64142e-07" m23="0" m30="-0.183836" m31="0.780756" m32="0.000752483" m33="1"/>
		<transform name="L UpperArm" m00="-0.0461402" m01="0.848599" m02="-0.527021" m03="0" m10="-0.21099" m11="-0.523959" m12="-0.825197" m13="0" m20="-0.976399" m21="0.0731211" m22="0.203221" m23="0" m30="-0.490915" m31="0.475206" m32="1.76676" m33="1"/>
		<transform name="Neck" m00="0.249545" m01="0.50364" m02="0.827088" m03="0" m10="0.811348" m11="0.357509" m12="-0.462495" m13="0" m20="-0.528622" m21="0.786469" m22="-0.319413" m23="0" m30="-0.197194" m31="0.0925898" m32="1.92583" m33="1"/>
		<transform name="Pelvis" m00="-0.000535071" m01="-0.000285314" m02="1" m03="0" m10="0.882993" m11="0.469387" m12="0.000606386" m13="0" m20="-0.469387" m21="0.882993" m22="7.75361e-07" m23="0" m30="-0.0610691" m31="-0.0324408" m32="0.558647" m33="1"/>
		<transform name="Ponytail1" m00="0.936701" m01="-0.0534458" m02="-0.346027" m03="0" m10="-0.346171" m11="-0.289559" m12="-0.892368" m13="0" m20="-0.0525016" m21="0.955667" m22="-0.289731" m23="0" m30="0.0470758" m31="0.309649" m32="2.50405" m33="1"/>
		<transform name="Ponytail2" m00="0.753364" m01="0.40902" m02="-0.514923" m03="0" m10="-0.356421" m11="-0.40407" m12="-0.842432" m13="0" m20="-0.552636" m21="0.818187" m22="-0.158628" m23="0" m30="0.183025" m31="0.220856" m32="2.18643" m33="1"/>
		<transform name="Ponytail21" m00="0.443881" m01="0.127864" m02="-0.886916" m03="0" m10="-0.70538" m11="-0.560555" m12="-0.43384" m13="0" m20="-0.552637" m21="0.818187" m22="-0.158627" m23="0" m30="0.417664" m31="0.348292" m32="2.02628" m33="1"/>
		<transform name="Prop1" m00="0.903849" m01="-0.425815" m02="0.0417001" m03="0" m10="-0.162473" m11="-0.251431" m12="0.954141" m13="0" m20="-0.395803" m21="-0.869174" m22="-0.296439" m23="0" m30="0.152965" m31="1.92714" m32="2.45988" m33="1"/>
		<transform name="Prop2" m00="0.519094" m01="0.830351" m02="-0.202629" m03="0" m10="0.363241" m11="0.000279296" m12="0.931695" m13="0" m20="0.773691" m21="-0.55724" m22="-0.301473" m23="0" m30="-1.30459" m31="0.459916" m32="2.56061" m33="1"/>
		<transform name="Prop3" m00="-0.50029" m01="-0.818954" m02="0.281113" m03="0" m10="-0.381985" m11="-0.0826086" m12="-0.920469" m13="0" m20="0.777044" m21="-0.567883" m22="-0.2715" m23="0" m30="-2.1644" m31="-0.965303" m32="3.05049" m33="1"/>
		<transform name="R Calf" m00="-0.472156" m01="-0.0198507" m02="-0.881291" m03="0" m10="0.880524" m11="0.0367672" m12="-0.472573" m13="0" m20="0.0417835" m21="-0.999127" m22="0.000119116" m23="0" m30="0.294312" m31="-0.364217" m32="0.355793" m33="1"/>
		<transform name="R Clavicle" m00="0.528625" m01="-0.786468" m02="0.319412" m03="0" m10="-0.843646" m11="-0.528393" m12="0.0951978" m13="0" m20="0.093905" m21="-0.319794" m22="-0.942822" m23="0" m30="-0.146457" m31="-0.0372651" m32="1.97489" m33="1"/>
		<transform name="R Finger0" m00="0.539881" m01="0.80008" m02="-0.261536" m03="0" m10="0.327244" m11="-0.485768" m12="-0.810519" m13="0" m20="-0.775526" m21="0.351997" m22="-0.524078" m23="0" m30="0.89892" m31="-0.531183" m32="1.78959" m33="1"/>
		<transform name="R Finger01" m00="0.615402" m01="0.236288" m02="-0.751963" m03="0" m10="-0.140856" m11="-0.905685" m12="-0.399868" m13="0" m20="-0.775526" m21="0.351997" m22="-0.524078" m23="0" m30="1.06353" m31="-0.287233" m32="1.70985" m33="1"/>
		<transform name="R Finger1" m00="0.568229" m01="0.185261" m02="-0.801745" m03="0" m10="-0.768758" m11="0.467011" m12="-0.436936" m13="0" m20="0.293476" m21="0.864627" m22="0.40779" m23="0" m30="1.05225" m31="-0.87172" m32="1.58108" m33="1"/>
		<transform name="R Finger11" m00="0.000232222" m01="0.426509" m02="-0.904484" m03="0" m10="-0.955967" m11="0.265539" m12="0.124969" m13="0" m20="0.293476" m21="0.864627" m22="0.40779" m23="0" m30="1.22268" m31="-0.816155" m32="1.34062" m33="1"/>
		<transform name="R Foot" m00="3.34575e-05" m01="1.02138e-06" m02="-1" m03="0" m10="1" m11="2.08697e-06" m12="3.34598e-05" m13="0" m20="2.06407e-06" m21="-1" m22="-1.01014e-06" m23="0" m30="0.219214" m31="-0.367375" m32="0.21562" m33="1"/>
		<transform name="R Forearm" m00="0.944876" m01="-0.143068" m02="-0.294519" m03="0" m10="-0.208769" m11="-0.956175" m12="-0.205292" m13="0" m20="-0.252241" m21="0.255462" m22="-0.933335" m23="0" m30="0.223095" m31="-0.768009" m32="1.92053" m33="1"/>
		<transform name="R Hand" m00="0.885894" m01="-0.0856722" m02="-0.455907" m03="0" m10="-0.359487" m11="0.494368" m12="-0.791435" m13="0" m20="0.29319" m21="0.865021" m22="0.40716" m23="0" m30="0.653119" m31="-0.833121" m32="1.78649" m33="1"/>
		<transform name="R Thigh" m00="0.653251" m01="0.0272288" m02="-0.756652" m03="0" m10="0.755988" m11="0.0316934" m12="0.653818" m13="0" m20="0.0417835" m21="-0.999127" m22="0.000119116" m23="0" m30="0.119179" m31="-0.371517" m32="0.558648" m33="1"/>
		<transform name="R Toe0" m00="1" m01="2.07013e-06" m02="3.30426e-05" m03="0" m10="-3.30403e-05" m11="-1.00313e-06" m12="1" m13="0" m20="2.04723e-06" m21="-1" m22="-9.91888e-07" m23="0" m30="0.723898" m31="-0.367374" m32="0.00197892" m33="1"/>
		<transform name="R UpperArm" m00="0.349536" m01="-0.875347" m02="-0.334055" m03="0" m10="-0.90233" m11="-0.410496" m12="0.131505" m13="0" m20="-0.252241" m21="0.255462" m22="-0.933335" m23="0" m30="0.0451039" m31="-0.322263" m32="2.09064" m33="1"/>
		<transform name="Spine" m00="-0.0436745" m01="0.163526" m02="0.985572" m03="0" m10="0.863017" m11="0.503145" m12="-0.0452381" m13="0" m20="-0.503283" m21="0.84859" m22="-0.1631" m23="0" m30="-0.148312" m31="-0.0788299" m32="1.24171" m33="1"/>
		<transform name="Spine1" m00="-0.0932332" m01="0.320215" m02="0.942746" m03="0" m10="0.843722" m11="0.528136" m12="-0.0959477" m13="0" m20="-0.528622" m21="0.78647" m22="-0.319412" m23="0" m30="-0.164043" m31="-0.0209698" m32="1.59136" m33="1"/>
		<transform name="Tail" m00="-0.208002" m01="-0.260028" m02="-0.942932" m03="0" m10="-0.462553" m11="-0.823263" m12="0.329063" m13="0" m20="-0.861847" m21="0.504602" m22="0.0509639" m23="0" m30="-0.395234" m31="-0.209872" m32="1.8927" m33="1"/>
		<transform name="Tail1" m00="-0.147398" m01="-0.186954" m02="-0.971247" m03="0" m10="-0.837231" m11="-0.499245" m12="0.223159" m13="0" m20="-0.52661" m21="0.846052" m22="-0.0829358" m23="0" m30="-0.48733" m31="-0.325197" m32="1.47379" m33="1"/>
		<transform name="Tail2" m00="-0.279361" m01="-0.402983" m02="-0.871529" m03="0" m10="-0.763831" m11="-0.456731" m12="0.456025" m13="0" m20="-0.581824" m21="0.793097" m22="-0.180218" m23="0" m30="-0.552532" m31="-0.408078" m32="1.04221" m33="1"/>
	</frame>
	<frame index="4">
		<transform name="Head" m00="-0.187204" m01="0.27537" m02="0.942935" m03="0" m10="0.980914" m11="0.10377" m12="0.164439" m13="0" m20="-0.0525664" m21="0.955721" m22="-0.28954" m23="0" m30="-0.168861" m31="0.151604" m32="2.02403" m33="1"/>
		<transform name="L Calf" m00="-0.638119" m01="-0.514299" m02="-0.572975" m03="0" m10="0.2131" m11="0.597137" m12="-0.773315" m13="0" m20="0.73986" m21="-0.615567" m22="-0.271447" m23="0" m30="-0.263749" m31="0.391612" m32="0.305544" m33="1"/>
		<transform name="L Clavicle" m00="-0.528612" m01="0.786452" m02="-0.319471" m03="0" m10="-0.843556" m11="-0.528705" m12="0.0942586" m13="0" m20="-0.0947761" m21="0.319318" m22="0.942896" m23="0" m30="-0.30049" m31="0.189565" m32="1.8826" m33="1"/>
		<transform name="L Finger0" m00="0.965838" m01="-0.259138" m02="0.0021261" m03="0" m10="-0.00503883" m11="-0.0105759" m12="0.999932" m13="0" m20="-0.259099" m21="-0.965782" m22="-0.0115208" m23="0" m30="-0.515786" m31="0.807538" m32="1.84902" m33="1"/>
		<transform name="L Finger01" m00="0.409692" m01="-0.120697" m02="0.904204" m03="0" m10="-0.874654" m11="0.229558" m12="0.426946" m13="0" m20="-0.259099" m21="-0.965782" m22="-0.0115208" m23="0" m30="-0.221296" m31="0.728525" m32="1.84966" m33="1"/>
