<?xml version="1.0" encoding="UTF-8" standalone="yes"?>

<!DOCTYPE animation [
	<!ELEMENT animation  (frame+)>
	<!ELEMENT frame      (transform+)>
	<!ELEMENT transform   EMPTY>
	<!ATTLIST frame index CDATA #REQUIRED>
	<!ATTLIST transform name CDATA #REQUIRED>
	<!ATTLIST transform m00 CDATA #REQUIRED>
	<!ATTLIST transform m01 CDATA #REQUIRED>
	<!ATTLIST transform m02 CDATA #REQUIRED>
	<!ATTLIST transform m03 CDATA #REQUIRED>
	<!ATTLIST transform m10 CDATA #REQUIRED>
	<!ATTLIST transform m11 CDATA #REQUIRED>
	<!ATTLIST transform m12 CDATA #REQUIRED>
	<!ATTLIST transform m13 CDATA #REQUIRED>
	<!ATTLIST transform m20 CDATA #REQUIRED>
	<!ATTLIST transform m21 CDATA #REQUIRED>
	<!ATTLIST transform m22 CDATA #REQUIRED>
	<!ATTLIST transform m23 CDATA #REQUIRED>
	<!ATTLIST transform m30 CDATA #REQUIRED>
	<!ATTLIST transform m31 CDATA #REQUIRED>
	<!ATTLIST transform m32 CDATA #REQUIRED>
	<!ATTLIST transform m33 CDATA #REQUIRED>
]>

<animation>
	<frame index="0">
		<transform name="Head" m00="0.0724681" m01="-0.116132" m02="0.990587" m03="0" m10="0.925913" m11="-0.361335" m12="-0.110098" m13="0" m20="0.37072" m21="0.925176" m22="0.0813429" m23="0" m30="0.0963223" m31="0.258324" m32="2.07546" m33="1"/>
		<transform name="L Calf" m00="-0.673709" m01="-0.35654" m02="-0.647298" m03="0" m10="0.707684" m11="-0.0590004" m12="-0.704061" m13="0" m20="0.212835" m21="-0.932415" m22="0.292067" m23="0" m30="-0.282174" m31="0.471435" m32="0.321662" m33="1"/>
		<transform name="L Clavicle" m00="-0.147372" m01="0.928286" m02="0.341419" m03="0" m10="-0.932414" m11="-0.245552" m12="0.265159" m13="0" m20="0.329979" m21="-0.279267" m22="0.901734" m23="0" m30="-0.0332651" m31="0.403878" m32="2.04735" m33="1"/>
		<transform name="L Finger0" m00="0.545217" m01="-0.670047" m02="0.50376" m03="0" m10="-0.346888" m11="0.36674" m12="0.863233" m13="0" m20="-0.763156" m21="-0.645398" m22="-0.0324794" m23="0" m30="0.0788846" m31="0.921594" m32="2.14767" m33="1"/>
		<transform name="L Finger01" m00="-0.0795193" m01="0.0439129" m02="0.995866" m03="0" m10="-0.641303" m11="0.762583" m12="-0.0848336" m13="0" m20="-0.763156" m21="-0.645398" m22="-0.0324794" m23="0" m30="0.245125" m31="0.717292" m32="2.30127" m33="1"/>
		<transform name="L Finger1" m00="-0.0455012" m01="-0.481657" m02="0.875178" m03="0" m10="0.71463" m11="-0.627854" m12="-0.308388" m13="0" m20="0.698021" m21="0.611396" m22="0.372775" m23="0" m30="0.0286141" m31="1.23653" m32="2.43269" m33="1"/>
		<transform name="L Finger11" m00="0.617122" m01="-0.777676" m02="0.119923" m03="0" m10="0.363219" m11="0.146339" m12="-0.92014" m13="0" m20="0.698021" m21="0.611396" m22="0.372775" m23="0" m30="0.0149671" m31="1.09207" m32="2.69518" m33="1"/>
		<transform name="L Foot" m00="1.4285e-05" m01="0" m02="-1" m03="0" m10="1" m11="0" m12="1.42892e-05" m13="0" m20="-1.35297e-07" m21="-1" m22="0" m23="0" m30="-0.38933" m31="0.414726" m32="0.218706" m33="1"/>
		<transform name="L Forearm" m00="0.438618" m01="0.456757" m02="0.773943" m03="0" m10="0.579086" m11="0.514917" m12="-0.632075" m13="0" m20="-0.687221" m21="0.725419" m22="-0.0386498" m23="0" m30="0.174383" m31="0.967677" m32="1.79766" m33="1"/>
		<transform name="L Hand" m00="-0.766603" m01="0.135351" m02="0.627694" m03="0" m10="0.385973" m11="-0.684095" m12="0.618902" m13="0" m20="0.513171" m21="0.716725" m22="0.472187" m23="0" m30="0.374003" m31="1.17555" m32="2.14989" m33="1"/>
		<transform name="L Thigh" m00="0.243325" m01="-0.238919" m02="-0.940059" m03="0" m10="0.946305" m11="0.271145" m12="0.17603" m13="0" m20="0.212835" m21="-0.932415" m22="0.292067" m23="0" m30="-0.347408" m31="0.535488" m32="0.573687" m33="1"/>
		<transform name="L Toe0" m00="1" m01="0" m02="1.37539e-05" m03="0" m10="-1.37497e-05" m11="0" m12="1" m13="0" m20="-1.35297e-07" m21="-1" m22="0" m23="0" m30="0.11535" m31="0.414726" m32="0.00505541" m33="1"/>
		<transform name="L UpperArm" m00="0.512648" m01="0.446583" m02="-0.733318" m03="0" m10="-0.514702" m11="-0.523765" m12="-0.678787" m13="0" m20="-0.687221" m21="0.725419" m22="-0.0386498" m23="0" m30="-0.0866693" m31="0.740267" m32="2.17108" m33="1"/>
		<transform name="Neck" m00="0.673748" m01="-0.158499" m02="0.721763" m03="0" m10="0.724117" m11="0.336396" m12="-0.602073" m13="0" m20="-0.14737" m21="0.928287" m22="0.341417" m23="0" m30="0.0164811" m31="0.277106" m32="1.98993" m33="1"/>
		<transform name="Pelvis" m00="0.456615" m01="0.213065" m02="0.863774" m03="0" m10="0.840312" m11="-0.422163" m12="-0.340079" m13="0" m20="0.292194" m21="0.881125" m22="-0.371807" m23="0" m30="-0.459613" m31="0.19713" m32="0.716464" m33="1"/>
		<transform name="Ponytail1" m00="0.856974" m01="-0.306994" m02="-0.413944" m03="0" m10="-0.358" m11="0.223163" m12="-0.906661" m13="0" m20="0.370716" m21="0.925177" m22="0.0813407" m23="0" m30="0.412281" m31="0.0949452" m32="2.49371" m33="1"/>
		<transform name="Ponytail2" m00="0.313097" m01="-0.244657" m02="-0.917667" m03="0" m10="-0.841162" m11="0.377163" m12="-0.387549" m13="0" m20="0.440927" m21="0.893247" m22="-0.0877074" m23="0" m30="0.453882" m31="0.10941" m32="2.13958" m33="1"/>
		<transform name="Ponytail21" m00="0.0183209" m01="-0.30855" m02="-0.951032" m03="0" m10="-0.889063" m11="0.430138" m12="-0.15668" m13="0" m20="0.457419" m21="0.848397" m22="-0.26644" m23="0" m30="0.551545" m31="0.0331603" m32="1.85402" m33="1"/>
		<transform name="Prop1" m00="0.387042" m01="-0.757246" m02="0.526096" m03="0" m10="-0.590391" m11="0.234745" m12="0.772226" m13="0" m20="-0.708263" m21="-0.609487" m22="-0.356215" m23="0" m30="1.02858" m31="1.71767" m32="2.88019" m33="1"/>
		<transform name="Prop2" m00="0.942814" m01="0.333157" m02="-0.0103979" m03="0" m10="-0.050275" m11="0.172974" m12="0.983642" m13="0" m20="0.329506" m21="-0.926869" m22="0.179832" m23="0" m30="-0.942911" m31="1.29306" m32="2.41084" m33="1"/>
		<transform name="Prop3" m00="-0.948798" m01="-0.303887" m02="0.0862314" m03="0" m10="-0.016455" m11="-0.225066" m12="-0.974205" m13="0" m20="0.315456" m21="-0.925742" m22="0.208541" m23="0" m30="-2.58645" m31="0.759234" m32="2.5668" m33="1"/>
		<transform name="R Calf" m00="-0.613281" m01="-0.159918" m02="-0.773507" m03="0" m10="0.751206" m11="-0.420706" m12="-0.508621" m13="0" m20="-0.244081" m21="-0.892991" m22="0.378142" m23="0" m30="-0.634532" m31="-0.228147" m32="0.613504" m33="1"/>
		<transform name="R Clavicle" m00="0.147372" m01="-0.928286" m02="-0.341419" m03="0" m10="-0.932414" m11="-0.245552" m12="0.265159" m13="0" m20="-0.329979" m21="0.279267" m22="-0.901734" m23="0" m30="0.00935996" m31="0.135386" m32="1.9486" m33="1"/>
		<transform name="R Finger0" m00="0.10092" m01="0.702553" m02="-0.704439" m03="0" m10="0.73057" m11="-0.532962" m12="-0.426872" m13="0" m20="-0.67534" m21="-0.471562" m22="-0.567051" m23="0" m30="0.728783" m31="-0.180383" m32="1.82493" m33="1"/>
		<transform name="R Finger01" m00="0.587823" m01="0.120171" m02="-0.800014" m03="0" m10="0.4454" m11="-0.873606" m12="0.196038" m13="0" m20="-0.67534" m21="-0.471562" m22="-0.567051" m23="0" m30="0.759554" m31="0.03383" m32="1.61014" m33="1"/>
		<transform name="R Finger1" m00="0.446393" m01="0.686423" m02="-0.57407" m03="0" m10="-0.868866" m11="0.179046" m12="-0.461536" m13="0" m20="-0.214024" m21="0.704816" m22="0.676334" m23="0" m30="1.0694" m31="-0.41805" m32="1.72271" m33="1"/>
		<transform name="R Finger11" m00="-0.665435" m01="0.401677" m02="-0.629168" m03="0" m10="-0.715115" m11="-0.584714" m12="0.383041" m13="0" m20="-0.214024" m21="0.704816" m22="0.676334" m23="0" m30="1.20328" m31="-0.212174" m32="1.55054" m33="1"/>
		<transform name="R Foot" m00="-0.307377" m01="-0.165743" m02="-0.937043" m03="0" m10="0.817046" m11="-0.550755" m12="-0.170598" m13="0" m20="-0.487806" m21="-0.818045" m22="0.304709" m23="0" m30="-0.732077" m31="-0.253582" m32="0.490474" m33="1"/>
		<transform name="R Forearm" m00="0.958508" m01="0.204339" m02="0.198767" m03="0" m10="0.283011" m11="-0.765692" m12="-0.577599" m13="0" m20="0.0341681" m21="0.609886" m22="-0.791752" m23="0" m30="0.201962" m31="-0.591938" m32="1.52975" m33="1"/>
		<transform name="R Hand" m00="0.957083" m01="0.17954" m02="0.227504" m03="0" m10="0.0571317" m11="0.652713" m12="-0.755448" m13="0" m20="-0.284128" m21="0.736024" m22="0.614442" m23="0" m30="0.63819" m31="-0.498941" m32="1.62021" m33="1"/>
		<transform name="R Thigh" m00="-0.233926" m01="-0.324204" m02="-0.916608" m03="0" m10="0.941118" m11="-0.312184" m12="-0.129761" m13="0" m20="-0.244081" m21="-0.892991" m22="0.378142" m23="0" m30="-0.571818" m31="-0.141229" m32="0.859242" m33="1"/>
		<transform name="R Toe0" m00="0.775906" m01="-0.566256" m02="-0.278073" m03="0" m10="0.400019" m11="0.10078" m12="0.910949" m13="0" m20="-0.487806" m21="-0.818045" m22="0.304709" m23="0" m30="-0.385406" m31="-0.566948" m32="0.204171" m33="1"/>
		<transform name="R UpperArm" m00="0.273354" m01="-0.767709" m02="-0.579569" m03="0" m10="-0.961306" m11="-0.196626" m12="-0.192946" m13="0" m20="0.0341681" m21="0.609886" m22="-0.791752" m23="0" m30="0.0627642" m31="-0.201003" m32="1.82488" m33="1"/>
		<transform name="Spine" m00="0.366169" m01="-0.0223146" m02="0.930281" m03="0" m10="0.926295" m11="-0.0867346" m12="-0.366681" m13="0" m20="0.0888699" m21="0.995981" m22="-0.0110896" m23="0" m30="-0.230403" m31="0.384121" m32="1.33998" m33="1"/>
		<transform name="Spine1" m00="0.330721" m01="-0.279071" m02="0.901522" m03="0" m10="0.932151" m11="0.245771" m12="-0.265878" m13="0" m20="-0.147369" m21="0.928286" m22="0.341418" m23="0" m30="-0.100771" m31="0.376136" m32="1.67007" m33="1"/>
		<transform name="Tail" m00="-0.668412" m01="-0.143152" m02="-0.729886" m03="0" m10="-0.713003" m11="-0.156091" m12="0.683566" m13="0" m20="-0.211782" m21="0.977314" m22="0.00226564" m23="0" m30="-0.167539" m31="0.641004" m32="1.99733" m33="1"/>
		<transform name="Tail1" m00="-0.449753" m01="0.0403535" m02="-0.892241" m03="0" m10="-0.742344" m11="0.538592" m12="0.398553" m13="0" m20="0.496637" m21="0.8416" m22="-0.212277" m23="0" m30="-0.464177" m31="0.577227" m32="1.67299" m33="1"/>
		<transform name="Tail2" m00="-0.528073" m01="0.175932" m02="-0.830775" m03="0" m10="-0.610734" m11="0.601059" m12="0.515492" m13="0" m20="0.590037" m21="0.7796" m22="-0.209956" m23="0" m30="-0.663735" m31="0.594939" m32="1.27648" m33="1"/>
	</frame>
	<frame index="1">
		<transform name="Head" m00="0.109673" m01="-0.120081" m02="0.986688" m03="0" m10="0.94253" m11="-0.302635" m12="-0.141596" m13="0" m20="0.315609" m21="0.945512" m22="0.0799888" m23="0" m30="0.155255" m31="0.299619" m32="2.06103" m33="1"/>
		<transform name="L Calf" m00="-0.659287" m01="-0.37418" m02="-0.652174" m03="0" m10="0.706539" m11="-0.0116182" m12="-0.707579" m13="0" m20="0.257185" m21="-0.927283" m22="0.272033" m23="0" m30="-0.353761" m31="0.475194" m32="0.346142" m33="1"/>
		<transform name="L Clavicle" m00="-0.150873" m01="0.931747" m02="0.330281" m03="0" m10="-0.899944" m11="-0.267711" m12="0.344138" m13="0" m20="0.409069" m21="-0.245313" m22="0.878911" m23="0" m30="0.0190807" m31="0.440261" m32="2.03992" m33="1"/>
		<transform name="L Finger0" m00="0.630277" m01="-0.615914" m02="0.472652" m03="0" m10="-0.317307" m11="0.35127" m12="0.880867" m13="0" m20="-0.708567" m21="-0.705165" m22="0.025963" m23="0" m30="0.113264" m31="0.975219" m32="2.12766" m33="1"/>
		<transform name="L Finger01" m00="-0.016315" m01="0.053156" m02="0.998453" m03="0" m10="-0.705455" m11="0.707047" m12="-0.0491688" m13="0" m20="-0.708567" m21="-0.705165" m22="0.025963" m23="0" m30="0.305439" m31="0.787423" m32="2.27177" m33="1"/>
		<transform name="L Finger1" m00="0.0522442" m01="-0.469818" m02="0.881216" m03="0" m10="0.741218" m11="-0.573106" m12="-0.349494" m13="0" m20="0.669229" m21="0.671432" m22="0.318296" m23="0" m30="0.056629" m31="1.28957" m32="2.41213" m33="1"/>
		<transform name="L Finger11" m00="0.684973" m01="-0.723479" m02="0.0859694" m03="0" m10="0.288003" m11="0.160491" m12="-0.944085" m13="0" m20="0.669229" m21="0.671432" m22="0.318296" m23="0" m30="0.0722985" m31="1.14866" m32="2.67643" m33="1"/>
		<transform name="L Foot" m00="-0.0474425" m01="-0.000675192" m02="-0.998874" m03="0" m10="0.998873" m11="-0.00160631" m12="-0.0474414" m13="0" m20="-0.0015725" m21="-0.999999" m22="0.000750659" m23="0" m30="-0.458623" m31="0.415679" m32="0.242411" m33="1"/>
		<transform name="L Forearm" m00="0.438508" m01="0.510283" m02="0.739812" m03="0" m10="0.498371" m11="0.546952" m12="-0.672658" m13="0" m20="-0.747888" m21="0.663667" m22="-0.0144673" m23="0" m30="0.186657" m31="1.01988" m32="1.77056" m33="1"/>
		<transform name="L Hand" m00="-0.731554" m01="0.083143" m02="0.676695" m03="0" m10="0.480728" m11="-0.640907" m12="0.598447" m13="0" m20="0.483455" m21="0.763103" m22="0.428889" m23="0" m30="0.386227" m31="1.25211" m32="2.10725" m33="1"/>
		<transform name="L Thigh" m00="0.282307" m01="-0.197128" m02="-0.938852" m03="0" m10="0.924207" m11="0.318255" m12="0.21108" m13="0" m20="0.257185" m21="-0.927283" m22="0.272033" m23="0" m30="-0.429446" m31="0.528043" m32="0.597844" m33="1"/>
		<transform name="L Toe0" m00="1" m01="0" m02="1.27012e-05" m03="0" m10="-1.27025e-05" m11="0" m12="1" m13="0" m20="0" m21="-1" m22="0" m23="0" m30="0.0353484" m31="0.414724" m32="0.00505132" m33="1"/>
		<transform name="L UpperArm" m00="0.436448" m01="0.47518" m02="-0.764014" m03="0" m10="-0.500176" m11="-0.577712" m12="-0.645037" m13="0" m20="-0.747888" m21="0.663667" m22="-0.0144673" m23="0" m30="-0.0355922" m31="0.777904" m32="2.15961" m33="1"/>
		<transform name="Neck" m00="0.733387" m01="-0.118531" m02="0.669398" m03="0" m10="0.662858" m11="0.343215" m12="-0.665449" m13="0" m20="-0.150871" m21="0.931748" m22="0.330279" m23="0" m30="0.0683464" m31="0.313665" m32="1.9817" m33="1"/>
		<transform name="Pelvis" m00="0.490058" m01="0.274202" m02="0.827439" m03="0" m10="0.861777" m11="-0.295152" m12="-0.412585" m13="0" m20="0.131088" m21="0.915259" m22="-0.380943" m23="0" m30="-0.479785" m31="0.176577" m32="0.744129" m33="1"/>
		<transform name="Ponytail1" m00="0.895221" m01="-0.268748" m02="-0.355464" m03="0" m10="-0.3146" m11="0.183792" m12="-0.931261" m13="0" m20="0.315606" m21="0.945513" m22="0.0799866" m23="0" m30="0.493246" m31="0.152379" m32="2.46788" m33="1"/>
		<transform name="Ponytail2" m00="0.29797" m01="-0.204229" m02="-0.932472" m03="0" m10="-0.878626" m11="0.323164" m12="-0.351542" m13="0" m20="0.373136" m21="0.924043" m22="-0.0831484" m23="0" m30="0.523064" m31="0.172463" m32="2.11283" m33="1"/>
		<transform name="Ponytail21" m00="-0.0133968" m01="-0.269165" m02="-0.963001" m03="0" m10="-0.926255" m11="0.36613" m12="-0.0894503" m13="0" m20="0.37666" m21="0.890785" m22="-0.254221" m23="0" m30="0.616029" m31="0.108811" m32="1.82265" m33="1"/>
		<transform name="Prop1" m00="0.481562" m01="-0.715197" m02="0.506549" m03="0" m10="-0.55478" m11="0.198677" m12="0.807927" m13="0" m20="-0.678466" m21="-0.67009" m22="-0.301102" m23="0" m30="1.0417" m31="1.85667" m32="2.7859" m33="1"/>
		<transform name="Prop2" m00="0.909782" m01="0.407759" m02="-0.0776488" m03="0" m10="0.00145049" m11="0.183943" m12="0.982936" m13="0" m20="0.415084" m21="-0.89437" m22="0.166756" m23="0" m30="-0.915564" m31="1.26736" m32="2.4555" m33="1"/>
		<transform name="Prop3" m00="-0.913063" m01="-0.377866" m02="0.153405" m03="0" m10="-0.0629428" m11="-0.24108" m12="-0.968462" m13="0" m20="0.402932" m21="-0.893923" m22="0.196337" m23="0" m30="-2.49616" m31="0.605514" m32="2.72788" m33="1"/>
		<transform name="R Calf" m00="-0.464516" m01="-0.268371" m02="-0.84392" m03="0" m10="0.87908" m11="-0.254857" m12="-0.402823" m13="0" m20="-0.106972" m21="-0.928991" m22="0.354305" m23="0" m30="-0.568735" m31="-0.265536" m32="0.641081" m33="1"/>
		<transform name="R Clavicle" m00="0.150873" m01="-0.931747" m02="-0.330281" m03="0" m10="-0.899944" m11="-0.267711" m12="0.344138" m13="0" m20="-0.409069" m21="0.245313" m22="-0.878911" m23="0" m30="0.0627183" m31="0.170768" m32="1.9444" m33="1"/>
		<transform name="R Finger0" m00="0.0122132" m01="0.73247" m02="-0.680689" m03="0" m10="0.689904" m11="-0.498928" m12="-0.524504" m13="0" m20="-0.723798" m21="-0.463204" m22="-0.511428" m23="0" m30="0.784429" m31="-0.123571" m32="1.74131" m33="1"/>
		<transform name="R Finger01" m00="0.487461" m01="0.181328" m02="-0.854109" m03="0" m10="0.488363" m11="-0.867503" m12="0.0945484" m13="0" m20="-0.723798" m21="-0.463204" m22="-0.511428" m23="0" m30="0.788153" m31="0.099764" m32="1.53377" m33="1"/>
		<transform name="R Finger1" m00="0.373367" m01="0.687924" m02="-0.622381" m03="0" m10="-0.914965" m11="0.162357" m12="-0.369433" m13="0" m20="-0.153094" m21="0.70739" m22="0.690045" m23="0" m30="1.11693" m31="-0.351103" m32="1.59769" m33="1"/>
		<transform name="R Finger11" m00="-0.716043" m01="0.401836" m02="-0.570798" m03="0" m10="-0.681062" m11="-0.581487" m12="0.445003" m13="0" m20="-0.153094" m21="0.70739" m22="0.690045" m23="0" m30="1.22891" m31="-0.144776" m32="1.41102" m33="1"/>
		<transform name="R Foot" m00="-0.209414" m01="-0.241841" m02="-0.947449" m03="0" m10="0.906007" m11="-0.412472" m12="-0.0949685" m13="0" m20="-0.367829" m21="-0.878282" m22="0.305487" m23="0" m30="-0.642618" m31="-0.308222" m32="0.506853" m33="1"/>
		<transform name="R Forearm" m00="0.968832" m01="0.235918" m02="0.075552" m03="0" m10="0.2325" m11="-0.760722" m12="-0.606008" m13="0" m20="-0.0854937" m21="0.604685" m22="-0.791863" m23="0" m30="0.238145" m31="-0.553673" m32="1.5163" m33="1"/>
		<transform name="R Hand" m00="0.971837" m01="0.211303" m02="0.104326" m03="0" m10="-0.0595978" m11="0.648701" m12="-0.758706" m13="0" m20="-0.227993" m21="0.731121" m22="0.643025" m23="0" m30="0.679071" m31="-0.446304" m32="1.55069" m33="1"/>
		<transform name="R Thigh" m00="-0.144019" m01="-0.338114" m02="-0.93002" m03="0" m10="0.983776" m11="-0.150513" m12="-0.0976237" m13="0" m20="-0.106972" m21="-0.928991" m22="0.354305" m23="0" m30="-0.530124" m31="-0.174889" m32="0.890415" m33="1"/>
		<transform name="R Toe0" m00="0.87657" m01="-0.437139" m02="-0.201332" m03="0" m10="0.310366" m11="0.193725" m12="0.930668" m13="0" m20="-0.367829" m21="-0.878282" m22="0.305487" m23="0" m30="-0.230121" m31="-0.568058" m32="0.256494" m33="1"/>
		<transform name="R UpperArm" m00="0.237134" m01="-0.759584" m02="-0.605639" m03="0" m10="-0.967708" m11="-0.239556" m12="-0.078452" m13="0" m20="-0.0854937" m21="0.604685" m22="-0.791863" m23="0" m30="0.117391" m31="-0.166876" m32="1.82471" m33="1"/>
		<transform name="Spine" m00="0.431652" m01="0.022191" m02="0.901767" m03="0" m10="0.902039" m11="-0.0088182" m12="-0.431565" m13="0" m20="-0.00162491" m21="0.999715" m22="-0.0238236" m23="0" m30="-0.229829" m31="0.392848" m32="1.34996" m33="1"/>
		<transform name="Spine1" m00="0.409785" m01="-0.2451" m02="0.878636" m03="0" m10="0.899619" m11="0.267904" m12="-0.344838" m13="0" m20="-0.15087" m21="0.931747" m22="0.33028" m23="0" m30="-0.0769587" m31="0.400645" m32="1.66995" m33="1"/>
		<transform name="Tail" m00="-0.710359" m01="-0.188829" m02="-0.678036" m03="0" m10="-0.650611" m11="-0.191335" m12="0.734912" m13="0" m20="-0.268505" m21="0.96319" m22="0.0130617" m23="0" m30="-0.151217" m31="0.654058" m32="2.00389" m33="1"/>
		<transform name="Tail1" m00="-0.519662" m01="-0.00692226" m02="-0.854344" m03="0" m10="-0.759495" m11="0.46173" m12="0.458228" m13="0" m20="0.391305" m21="0.886993" m22="-0.245201" m23="0" m30="-0.466481" m31="0.570019" m32="1.70255" m33="1"/>
		<transform name="Tail2" m00="-0.603756" m01="0.120989" m02="-0.787934" m03="0" m10="-0.627171" m11="0.53803" m12="0.563187" m13="0" m20="0.492071" m21="0.834197" m22="-0.248959" m23="0" m30="-0.697086" m31="0.566754" m32="1.32286" m33="1"/>
	</frame>
	<frame index="2">
		<transform name="Head" m00="0.155093" m01="-0.114708" m02="0.981218" m03="0" m10="0.956481" m11="-0.231063" m12="-0.178195" m13="0" m20="0.247163" m21="0.966153" m22="0.0738801" m23="0" m30="0.20707" m31="0.351033" m32="2.04446" m33="1"/>
		<transform name="L Calf" m00="-0.72344" m01="-0.324311" m02="-0.609473" m03="0" m10="0.659332" m11="-0.0627554" m12="-0.749228" m13="0" m20="0.204735" m21="-0.943867" m22="0.259228" m23="0" m30="-0.401071" m31="0.463498" m32="0.381351" m33="1"/>
		<transform name="L Clavicle" m00="-0.139806" m01="0.945176" m02="0.295123" m03="0" m10="-0.869801" m11="-0.259659" m12="0.419553" m13="0" m20="0.473182" m21="-0.198042" m22="0.858416" m23="0" m30="0.0678632" m31="0.489101" m32="2.02635" m33="1"/>
		<transform name="L Finger0" m00="0.709119" m01="-0.553084" m02="0.437318" m03="0" m10="-0.279678" m11="0.348714" m12="0.894527" m13="0" m20="-0.647249" m21="-0.756635" m22="0.0925942" m23="0" m30="0.14589" m31="1.04488" m32="2.0949" m33="1"/>
		<transform name="L Finger01" m00="0.0514931" m01="0.0777947" m02="0.995639" m03="0" m10="-0.760538" m11="0.649193" m12="-0.0113906" m13="0" m20="-0.647249" m21="-0.756635" m22="0.0925942" m23="0" m30="0.362105" m31="0.876238" m32="2.22825" m33="1"/>
		<transform name="L Finger1" m00="0.152317" m01="-0.441243" m02="0.884367" m03="0" m10="0.756867" m11="-0.523353" m12="-0.391477" m13="0" m20="0.635573" m21="0.728976" m22="0.254246" m23="0" m30="0.085359" m31="1.36126" m32="2.37631" m33="1"/>
		<transform name="L Finger11" m00="0.744114" m01="-0.666185" m02="0.0499306" m03="0" m10="0.205773" m11="0.157454" m12="-0.96585" m13="0" m20="0.635573" m21="0.728976" m22="0.254246" m23="0" m30="0.131043" m31="1.22892" m32="2.64155" m33="1"/>
		<transform name="L Foot" m00="-0.134014" m01="0.00203677" m02="-0.990977" m03="0" m10="0.99097" m11="0.00470678" m12="-0.134003" m13="0" m20="0.00439136" m21="-0.999987" m22="-0.00264919" m23="0" m30="-0.516137" m31="0.411915" m32="0.284412" m33="1"/>
		<transform name="L Forearm" m00="0.432025" m01="0.566056" m02="0.702093" m03="0" m10="0.410701" m11="0.5696" m12="-0.711955" m13="0" m20="-0.802919" m21="0.595933" m22="0.0136016" m23="0" m30="0.197451" m31="1.08369" m32="1.72923" m33="1"/>
		<transform name="L Hand" m00="-0.685196" m01="0.0442938" m02="0.72701" m03="0" m10="0.571444" m11="-0.586207" m12="0.574293" m13="0" m20="0.451616" m21="0.808949" m22="0.376356" m23="0" m30="0.39407" m31="1.34131" m32="2.04876" m33="1"/>
		<transform name="L Thigh" m00="0.378301" m01="-0.167957" m02="-0.910318" m03="0" m10="0.902758" m11="0.28444" m12="0.322679" m13="0" m20="0.204735" m21="-0.943867" m22="0.259228" m23="0" m30="-0.502492" m31="0.508526" m32="0.625403" m33="1"/>
		<transform name="L Toe0" m00="1" m01="-1.51461e-07" m02="1.01867e-05" m03="0" m10="-1.01596e-05" m11="0" m12="1" m13="0" m20="-1.74357e-07" m21="-1" m22="0" m23="0" m30="-0.0446506" m31="0.414725" m32="0.00505371" m33="1"/>
		<transform name="L UpperArm" m00="0.353972" m01="0.495028" m02="-0.793506" m03="0" m10="-0.47961" m11="-0.632306" m12="-0.60841" m13="0" m20="-0.802919" m21="0.595933" m22="0.0136016" m23="0" m30="0.0172007" m31="0.831611" m32="2.1333" m33="1"/>
		<transform name="Neck" m00="0.780212" m01="-0.0783673" m02="0.620587" m03="0" m10="0.609692" m11="0.317017" m12="-0.726482" m13="0" m20="-0.139804" m21="0.945176" m22="0.295121" m23="0" m30="0.114612" m31="0.36032" m32="1.97092" m33="1"/>
		<transform name="Pelvis" m00="0.508403" m01="0.342363" m02="0.790136" m03="0" m10="0.860261" m11="-0.160969" m12="-0.483777" m13="0" m20="-0.0384399" m21="0.925676" m22="-0.376358" m23="0" m30="-0.487731" m31="0.153059" m32="0.769928" m33="1"/>
		<transform name="Ponytail1" m00="0.930765" m01="-0.215523" m02="-0.29534" m03="0" m10="-0.269422" m11="0.141759" m12="-0.952532" m13="0" m20="0.24716" m21="0.966154" m22="0.073878" m23="0" m30="0.570024" m31="0.228115" m32="2.43764" m33="1"/>
		<transform name="Ponytail2" m00="0.273575" m01="-0.164742" m02="-0.947637" m03="0" m10="-0.916261" m11="0.255086" m12="-0.308863" m13="0" m20="0.292612" m21="0.952781" m22="-0.0811614" m23="0" m30="0.584998" m31="0.251492" m32="2.08185" m33="1"/>
		<transform name="Ponytail21" m00="-0.0501557" m01="-0.237384" m02="-0.97012" m03="0" m10="-0.957107" m11="0.288955" m12="-0.0212232" m13="0" m20="0.285359" m21="0.927445" m22="-0.241695" m23="0" m30="0.670378" m31="0.200149" m32="1.78692" m33="1"/>
		<transform name="Prop1" m00="0.571494" m01="-0.662587" m02="0.48412" m03="0" m10="-0.509059" m11="0.176463" m12="0.842449" m13="0" m20="-0.643625" m21="-0.7279" m22="-0.236448" m23="0" m30="1.04717" m31="2.01198" m32="2.66467" m33="1"/>
		<transform name="Prop2" m00="0.866966" m01="0.47433" m02="-0.152907" m03="0" m10="0.0577626" m11="0.20911" m12="0.976185" m13="0" m20="0.495008" m21="-0.855152" m22="0.153893" m23="0" m30="-0.876429" m31="1.26551" m32="2.49176" m33="1"/>
		<transform name="Prop3" m00="-0.867123" m01="-0.44281" m02="0.228072" m03="0" m10="-0.113373" m11="-0.270409" m12="-0.956047" m13="0" m20="0.48502" m21="-0.854867" m22="0.184275" m23="0" m30="-2.3764" m31="0.49145" m32="2.89354" m33="1"/>
		<transform name="R Calf" m00="-0.291161" m01="-0.315443" m02="-0.903173" m03="0" m10="0.955877" m11="-0.057387" m12="-0.288109" m13="0" m20="0.0390514" m21="-0.947208" m22="0.318233" m23="0" m30="-0.487389" m31="-0.2882" m32="0.660866" m33="1"/>
		<transform name="R Clavicle" m00="0.139806" m01="-0.945176" m02="-0.295123" m03="0" m10="-0.869801" m11="-0.259659" m12="0.419553" m13="0" m20="-0.473182" m21="0.198042" m22="-0.858416" m23="0" m30="0.1083" m31="0.215724" m32="1.94099" m33="1"/>
		<transform name="R Finger0" m00="-0.039195" m01="0.754371" m02="-0.655276" m03="0" m10="0.608304" m11="-0.502247" m12="-0.614585" m13="0" m20="-0.792736" m21="-0.422696" m22="-0.439202" m23="0" m30="0.818066" m31="-0.0905048" m32="1.65589" m33="1"/>
		<transform name="R Finger01" m00="0.381471" m01="0.217969" m02="-0.898315" m03="0" m10="0.475447" m11="-0.879669" m12="-0.0115466" m13="0" m20="-0.792736" m21="-0.422696" m22="-0.439202" m23="0" m30="0.806116" m31="0.139508" m32="1.45609" m33="1"/>
		<transform name="R Finger1" m00="0.32236" m01="0.651725" m02="-0.686541" m03="0" m10="-0.944955" m11="0.178584" m12="-0.274169" m13="0" m20="-0.0560769" m21="0.737131" m22="0.673419" m23="0" m30="1.12576" m31="-0.325827" m32="1.4745" m33="1"/>
		<transform name="R Finger11" m00="-0.737886" m01="0.423768" m02="-0.525306" m03="0" m10="-0.672592" m11="-0.526363" m12="0.520155" m13="0" m20="-0.0560769" m21="0.737131" m22="0.673419" m23="0" m30="1.22244" m31="-0.130358" m32="1.26859" m33="1"/>
		<transform name="R Foot" m00="-0.0935875" m01="-0.280016" m02="-0.955423" m03="0" m10="0.967724" m11="-0.251119" m12="-0.0211942" m13="0" m20="-0.23399" m21="-0.926569" m22="0.29448" m23="0" m30="-0.533699" m31="-0.338372" m32="0.517213" m33="1"/>
		<transform name="R Forearm" m00="0.971117" m01="0.228363" m02="-0.0691548" m03="0" m10="0.140687" m11="-0.782105" m12="-0.607058" m13="0" m20="-0.192716" m21="0.579795" m22="-0.791643" m23="0" m30="0.243159" m31="-0.521964" m32="1.52412" m33="1"/>
		<transform name="R Hand" m00="0.978005" m01="0.204656" m02="-0.0402865" m03="0" m10="-0.162224" m11="0.624905" m12="-0.76366" m13="0" m20="-0.131112" m21="0.753399" m22="0.64436" m23="0" m30="0.685125" m31="-0.418034" m32="1.49265" m33="1"/>
		<transform name="R Thigh" m00="-0.053783" m01="-0.320007" m02="-0.945887" m03="0" m10="0.997789" m11="0.0198227" m12="-0.0634404" m13="0" m20="0.0390514" m21="-0.947208" m22="0.318233" m23="0" m30="-0.47297" m31="-0.202408" m32="0.914454" m33="1"/>
		<transform name="R Toe0" m00="0.951689" m01="-0.280231" m02="-0.125534" m03="0" m10="0.198838" m11="0.25088" m12="0.947377" m13="0" m20="-0.23399" m21="-0.926569" m22="0.29448" m23="0" m30="-0.0653067" m31="-0.524934" m32="0.302383" m33="1"/>
		<transform name="R UpperArm" m00="0.165343" m01="-0.776043" m02="-0.608621" m03="0" m10="-0.967224" m11="-0.248183" m12="0.0536912" m13="0" m20="-0.192716" m21="0.579795" m22="-0.791643" m23="0" m30="0.158962" m31="-0.126786" m32="1.83405" m33="1"/>
		<transform name="Spine" m00="0.484574" m01="0.0786345" m02="0.871209" m03="0" m10="0.870496" m11="0.0547591" m12="-0.48912" m13="0" m20="-0.0861683" m21="0.995398" m22="-0.0419161" m23="0" m30="-0.225086" m31="0.402708" m32="1.35728" m33="1"/>
		<transform name="Spine1" m00="0.473875" m01="-0.197835" m02="0.858082" m03="0" m10="0.869424" m11="0.259814" m12="-0.420237" m13="0" m20="-0.139804" m21="0.945176" m22="0.295121" m23="0" m30="-0.0534332" m31="0.43053" m32="1.66645" m33="1"/>
		<transform name="Tail" m00="-0.743144" m01="-0.245208" m02="-0.622584" m03="0" m10="-0.582827" m11="-0.219869" m12="0.782285" m13="0" m20="-0.32871" m21="0.944209" m22="0.0204809" m23="0" m30="-0.134135" m31="0.670806" m32="2.00679" m33="1"/>
		<transform name="Tail1" m00="-0.581518" m01="-0.0676396" m02="-0.810717" m03="0" m10="-0.766226" m11="0.380411" m12="0.517867" m13="0" m20="0.273377" m21="0.922341" m22="-0.273043" m23="0" m30="-0.463959" m31="0.561753" m32="1.73006" m33="1"/>
		<transform name="Tail2" m00="-0.671029" m01="0.0519863" m02="-0.739607" m03="0" m10="-0.636338" m11="0.471577" m12="0.610483" m13="0" m20="0.380518" m21="0.880291" m22="-0.283361" m23="0" m30="-0.722037" m31="0.531542" m32="1.36974" m33="1"/>
	</frame>
	<frame index="3">
		<transform name="Head" m00="0.198905" m01="-0.102135" m02="0.974682" m03="0" m10="0.963757" m11="-0.16004" m12="-0.213446" m13="0" m20="0.177788" m21="0.981812" m22="0.0666006" m23="0" m30="0.247307" m31="0.395107" m32="2.03827" m33="1"/>
		<transform name="L Calf" m00="-0.834181" m01="-0.18625" m02="-0.519088" m03="0" m10="0.54456" m11="-0.129439" m12="-0.828673" m13="0" m20="0.0871499" m21="-0.973939" m22="0.2094" m23="0" m30="-0.41937" m31="0.441352" m32="0.430647" m33="1"/>
		<transform name="L Clavicle" m00="-0.111493" m01="0.96472" m02="0.238504" m03="0" m10="-0.851605" m11="-0.216448" m12="0.477409" m13="0" m20="0.51219" m21="-0.149883" m22="0.845693" m23="0" m30="0.109366" m31="0.534118" m32="2.01785" m33="1"/>
		<transform name="L Finger0" m00="0.766364" m01="-0.497964" m02="0.405855" m03="0" m10="-0.239833" m11="0.364314" m12="0.899865" m13="0" m20="-0.595959" m21="-0.786961" m22="0.159768" m23="0" m30="0.179209" m31="1.11054" m32="2.06326" m33="1"/>
		<transform name="L Finger01" m00="0.112039" m01="0.115527" m02="0.986966" m03="0" m10="-0.795161" m11="0.60609" m12="0.0193212" m13="0" m20="-0.595959" m21="-0.786961" m22="0.159768" m23="0" m30="0.412878" m31="0.958709" m32="2.18701" m33="1"/>
		<transform name="L Finger1" m00="0.234569" m01="-0.400862" m02="0.8856" m03="0" m10="0.758026" m11="-0.494916" m12="-0.4248" m13="0" m20="0.608584" m21="0.770952" m22="0.187772" m23="0" m30="0.119416" m31="1.43289" m32="2.33797" m33="1"/>
		<transform name="L Finger11" m00="0.782281" m01="-0.622581" m02="0.0207537" m03="0" m10="0.132904" m11="0.13426" m12="-0.981994" m13="0" m20="0.608584" m21="0.770952" m22="0.187772" m23="0" m30="0.18977" m31="1.31266" m32="2.60358" m33="1"/>
		<transform name="L Foot" m00="-0.272366" m01="0.00218149" m02="-0.962191" m03="0" m10="0.962184" m11="0.00501559" m12="-0.272352" m13="0" m20="0.00423177" m21="-0.999985" m22="-0.00346509" m23="0" m30="-0.55205" m31="0.411728" m32="0.348084" m33="1"/>
		<transform name="L Forearm" m00="0.422727" m01="0.61452" m02="0.666084" m03="0" m10="0.336822" m11="0.575799" m12="-0.744987" m13="0" m20="-0.84134" m21="0.539278" m22="0.0364223" m23="0" m30="0.214282" m31="1.13854" m32="1.68804" m33="1"/>
		<transform name="L Hand" m00="-0.63757" m01="0.0325863" m02="0.769703" m03="0" m10="0.64004" m11="-0.533672" m12="0.552759" m13="0" m20="0.428781" m21="0.845064" m22="0.319396" m23="0" m30="0.40667" m31="1.41821" m32="1.99118" m33="1"/>
		<transform name="L Thigh" m00="0.500965" m01="-0.138841" m02="-0.854258" m03="0" m10="0.861069" m11="0.17935" m12="0.475809" m13="0" m20="0.0871499" m21="-0.973939" m22="0.2094" m23="0" m30="-0.553677" m31="0.478574" m32="0.659669" m33="1"/>
		<transform name="L Toe0" m00="1" m01="-1.30495e-07" m02="7.35282e-06" m03="0" m10="-7.3381e-06" m11="-2.49332e-07" m12="1" m13="0" m20="-1.82919e-07" m21="-1" m22="-2.65047e-07" m23="0" m30="-0.124651" m31="0.414725" m32="0.00505366" m33="1"/>
		<transform name="L UpperArm" m00="0.285373" m01="0.500423" m02="-0.817398" m03="0" m10="-0.459031" m11="-0.677316" m12="-0.574921" m13="0" m20="-0.84134" m21="0.539278" m22="0.0364223" m23="0" m30="0.0689638" m31="0.883711" m32="2.10428" m33="1"/>
		<transform name="Neck" m00="0.808758" m01="-0.0513797" m02="0.585893" m03="0" m10="0.577477" m11="0.258212" m12="-0.774498" m13="0" m20="-0.111491" m21="0.964721" m22="0.238502" m23="0" m30="0.151467" m31="0.401195" m32="1.96884" m33="1"/>
		<transform name="Pelvis" m00="0.510326" m01="0.403799" m02="0.759285" m03="0" m10="0.838289" m11="-0.0365252" m12="-0.544001" m13="0" m20="-0.191934" m21="0.914118" m22="-0.35714" m23="0" m30="-0.479973" m31="0.127546" m32="0.796814" m33="1"/>
		<transform name="Ponytail1" m00="0.959268" m01="-0.157809" m02="-0.234309" m03="0" m10="-0.219538" m11="0.105542" m12="-0.969878" m13="0" m20="0.177785" m21="0.981813" m22="0.0665985" m23="0" m30="0.632452" m31="0.299625" m32="2.4177" m33="1"/>
		<transform name="Ponytail2" m00="0.243369" m01="-0.129994" m02="-0.961183" m03="0" m10="-0.946488" m11="0.184742" m12="-0.264634" m13="0" m20="0.211971" m21="0.974152" m22="-0.0780768" m23="0" m30="0.632661" m31="0.323742" m32="2.06164" m33="1"/>
		<transform name="Ponytail21" m00="-0.0923783" m01="-0.211169" m02="-0.973074" m03="0" m10="-0.976307" m11="0.211258" m12="0.0468397" m13="0" m20="0.195678" m21="0.954347" m22="-0.225682" m23="0" m30="0.708645" m31="0.283233" m32="1.76249" m33="1"/>
		<transform name="Prop1" m00="0.638512" m01="-0.613067" m02="0.465243" m03="0" m10="-0.462017" m11="0.178121" m12="0.8688" m13="0" m20="-0.615502" m21="-0.769689" m22="-0.169515" m23="0" m30="1.05968" m31="2.14468" m32="2.54029" m33="1"/>
		<transform name="Prop2" m00="0.826879" m01="0.515065" m02="-0.225787" m03="0" m10="0.109583" m11="0.246222" m12="0.962999" m13="0" m20="0.551601" m21="-0.821025" m22="0.147153" m23="0" m30="-0.825796" m31="1.28914" m32="2.52084" m33="1"/>
		<transform name="Prop3" m00="-0.8239" m01="-0.480971" m02="0.29976" m03="0" m10="-0.160199" m11="-0.309704" m12="-0.93724" m13="0" m20="0.543622" m21="-0.820214" m22="0.178114" m23="0" m30="-2.25006" m31="0.449336" m32="3.04686" m33="1"/>
		<transform name="R Calf" m00="-0.123689" m01="-0.294568" m02="-0.947592" m03="0" m10="0.977236" m11="0.129712" m12="-0.16788" m13="0" m20="0.172366" m21="-0.946786" m22="0.271819" m23="0" m30="-0.399344" m31="-0.296273" m32="0.676029" m33="1"/>
		<transform name="R Clavicle" m00="0.111493" m01="-0.96472" m02="-0.238504" m03="0" m10="-0.851605" m11="-0.216448" m12="0.477409" m13="0" m20="-0.51219" m21="0.149883" m22="-0.845693" m23="0" m30="0.141614" m31="0.255088" m32="1.94887" m33="1"/>
		<transform name="R Finger0" m00="-0.0241524" m01="0.764796" m02="-0.643819" m03="0" m10="0.487438" m11="-0.55326" m12="-0.675506" m13="0" m20="-0.872824" m21="-0.330137" m22="-0.359429" m23="0" m30="0.823168" m31="-0.111402" m32="1.59032" m33="1"/>
		<transform name="R Finger01" m00="0.297953" m01="0.222828" m02="-0.928209" m03="0" m10="0.386527" m11="-0.917255" m12="-0.096125" m13="0" m20="-0.872824" m21="-0.330137" m22="-0.359429" m23="0" m30="0.815803" m31="0.12179" m32="1.39402" m33="1"/>
		<transform name="R Finger1" m00="0.305149" m01="0.564976" m02="-0.766607" m03="0" m10="-0.949294" m11="0.244429" m12="-0.197728" m13="0" m20="0.0756697" m21="0.788072" m22="0.610915" m23="0" m30="1.08771" m31="-0.377692" m32="1.38524" m33="1"/>
		<transform name="R Finger11" m00="-0.715636" m01="0.469561" m02="-0.517087" m03="0" m10="-0.694363" m11="-0.398065" m12="0.599504" m13="0" m20="0.0756697" m21="0.788072" m22="0.610915" m23="0" m30="1.17923" m31="-0.208241" m32="1.15531" m33="1"/>
		<transform name="R Foot" m00="0.0233085" m01="-0.274579" m02="-0.961282" m03="0" m10="0.994076" m11="-0.0957385" m12="0.0514503" m13="0" m20="-0.106159" m21="-0.956787" m22="0.270721" m23="0" m30="-0.419017" m31="-0.343125" m32="0.52531" m33="1"/>
		<transform name="R Forearm" m00="0.962975" m01="0.157649" m02="-0.218692" m03="0" m10="0.00729224" m11="-0.826134" m12="-0.563426" m13="0" m20="-0.269493" m21="0.540971" m22="-0.796696" m23="0" m30="0.211288" m31="-0.510433" m32="1.57012" m33="1"/>
		<transform name="R Hand" m00="0.972516" m01="0.135377" m02="-0.189438" m03="0" m10="-0.232762" m11="0.58602" m12="-0.776146" m13="0" m20="0.00594171" m21="0.798908" m22="0.601424" m23="0" m30="0.649548" m31="-0.438685" m32="1.47059" m33="1"/>
		<transform name="R Thigh" m00="0.0258281" m01="-0.27151" m02="-0.962089" m03="0" m10="0.984694" m11="0.172852" m12="-0.0223453" m13="0" m20="0.172366" m21="-0.946786" m22="0.271819" m23="0" m30="-0.406268" m31="-0.223483" m32="0.93396" m33="1"/>
		<transform name="R Toe0" m00="0.990965" m01="-0.124246" m02="-0.0505199" m03="0" m10="0.0819726" m11="0.262912" m12="0.961331" m13="0" m20="-0.106159" m21="-0.956787" m22="0.270721" m23="0" m30="0.08765" m31="-0.450108" m32="0.345891" m33="1"/>
		<transform name="R UpperArm" m00="0.0574831" m01="-0.816792" m02="-0.574061" m03="0" m10="-0.961285" m11="-0.200502" m12="0.189023" m13="0" m20="-0.269493" m21="0.540971" m22="-0.796696" m23="0" m30="0.182016" m31="-0.0945041" m32="1.86244" m33="1"/>
		<transform name="Spine" m00="0.517779" m01="0.133754" m02="0.844994" m03="0" m10="0.842006" m11="0.0951525" m12="-0.53101" m13="0" m20="-0.151428" m21="0.986436" m22="-0.0633532" m23="0" m30="-0.213851" m31="0.406942" m32="1.36901" m33="1"/>
		<transform name="Spine1" m00="0.512868" m01="-0.149711" m02="0.845312" m03="0" m10="0.851197" m11="0.216564" m12="-0.478083" m13="0" m20="-0.11149" m21="0.964721" m22="0.238502" m23="0" m30="-0.0304136" m31="0.454328" m32="1.6689" m33="1"/>
		<transform name="Tail" m00="-0.764314" m01="-0.296294" m02="-0.572743" m03="0" m10="-0.52317" m11="-0.234325" m12="0.819381" m13="0" m20="-0.376986" m21="0.925906" m22="0.024086" m23="0" m30="-0.115532" m31="0.680262" m32="2.01525" m33="1"/>
		<transform name="Tail1" m00="-0.627093" m01="-0.127869" m02="-0.768378" m03="0" m10="-0.761614" m11="0.307573" m12="0.570388" m13="0" m20="0.163397" m21="0.942894" m22="-0.290264" m23="0" m30="-0.45476" m31="0.548543" m32="1.76064" m33="1"/>
		<transform name="Tail2" m00="-0.720448" m01="-0.0157237" m02="-0.693331" m03="0" m10="-0.636578" m11="0.411685" m12="0.652138" m13="0" m20="0.27518" m21="0.911191" m22="-0.306607" m23="0" m30="-0.733081" m31="0.4916" m32="1.41911" m33="1"/>
	</frame>
	<frame index="4">
		<transform name="Head" m00="0.228062" m01="-0.0872657" m02="0.969728" m03="0" m10="0.965494" m11="-0.108347" m12="-0.236816" m13="0" m20="0.125733" m21="0.990275" m22="0.0595447" m23="0" m30="0.278923" m31="0.412717" m32="2.05102" m33="1"/>
		<transform name="L Calf" m00="-0.917979" m01="0.0107748" m02="-0.396483" m03="0" m10="0.392585" m11="-0.117717" m12="-0.912151" m13="0" m20="-0.0565012" m21="-0.992989" m22="0.103832" m23="0" m30="-0.423861" m31="0.41229" m32="0.476729" m33="1"/>
		<transform name="L Clavicle" m00="-0.0557083" m01="0.984137" m02="0.168435" m03="0" m10="-0.851805" m11="-0.134854" m12="0.506204" m13="0" m20="0.520889" m21="-0.115274" m22="0.845805" m23="0" m30="0.148088" m31="0.557108" m32="2.02269" m33="1"/>
		<transform name="L Finger0" m00="0.794993" m01="-0.467753" m02="0.386255" m03="0" m10="-0.203316" m11="0.39445" m12="0.896143" m13="0" m20="-0.571532" m21="-0.790959" m22="0.218483" m23="0" m30="0.226658" m31="1.15107" m32="2.0446" m33="1"/>
		<transform name="L Finger01" m00="0.157306" m01="0.155709" m02="0.975197" m03="0" m10="-0.805361" m11="0.591725" m12="0.0354304" m13="0" m20="-0.571532" m21="-0.790959" m22="0.218483" m23="0" m30="0.469057" m31="1.00845" m32="2.16237" m33="1"/>
		<transform name="L Finger1" m00="0.285181" m01="-0.361891" m02="0.887529" m03="0" m10="0.746416" m11="-0.497041" m12="-0.442508" m13="0" m20="0.601278" m21="0.78866" m22="0.128374" m23="0" m30="0.173735" m31="1.48267" m32="2.30953" m33="1"/>
